4.715670401877505302e-01
9.934969368597494910e-01
2.190418617778466803e-01
1.054591335835640242e+00
1.137358527976287226e+00
3.942636828660637804e-01
1.035187313423842487e-01
8.347893548147463649e-01
1.048750107027877743e+00
2.823672426153672199e-01
1.202180257150551101e+00
1.035774825959336676e+00
9.776421709622376000e-01
1.130658787069385440e-01
6.440682047398221810e-01
8.882409992443518476e-01
1.980121542341025109e-01
1.892214076918723731e-01
3.314596392686459669e-01
3.044979182737033163e-01
5.067823552784103680e-02
2.216718045327405462e-01
4.233688139410878848e-01
4.708563899545749054e-01
2.501857576138089567e-01
2.255898226829497755e-01
3.075085638124097076e-01
1.203301824622937805e-01
1.833860407297444595e-01
5.540663795280773574e-01
2.059832451421186317e-01
3.503854528042877337e-01
2.328493302356152150e-01
3.086445491511853878e-01
9.160957346930749534e-02
3.074963941942842061e-01
3.162976977913884435e-01
4.978158201353862777e-01
2.714703345287007297e-01
5.161711908395695270e-01
2.267970031941924924e-01
1.334103478013179411e-01
1.890402799769591580e-01
5.883477405526448267e-01
5.390097195387799633e-01
3.539634217107758274e-01
9.465094694178946555e-02
3.277889589964692596e-01
2.833296696803881409e-01
2.454503378555349669e-01
2.930107036152319600e-01
9.303001416891273911e-02
1.824415480490895469e-01
8.005534144050120704e-02
7.294303775893473674e-02
7.287264925549404027e-02
5.281948261514111120e-01
3.938893697165326002e-01
2.453804196716642405e-01
1.937607726905699046e-01
4.167008390212115221e-01
2.547643288604373724e-01
3.037257417447576380e-01
2.096784763770025428e-01
2.551991883947478112e-01
3.188494222811755763e-01
1.767478935151245989e-01
1.758641829046141136e-01
1.237332649241158766e-01
2.118961200489795638e-01
3.413566679020756389e-01
1.032225877981613138e+00
1.701940031872479331e+00
4.178148210108368898e-01
2.950436842686804950e-01
4.700637019928971538e-01
4.482903636709979489e-01
2.607557172960154879e-01
3.088631170248075097e-01
1.646898979717802136e-01
5.567722521705553707e-01
9.102906824379127793e-01
9.695438270262399794e-01
6.884871045165630310e-01
4.796957511253325257e-01
8.957445972259798772e-01
4.888329329799244172e-01
2.588820930009519961e-01
9.477172499200264832e-01
1.026052386191389276e+00
3.885320987937429527e-01
8.914527983021972579e-01
7.897467366728481153e-01
6.663573773876333428e-01
7.190079156374679092e-01
2.027997486030883589e-01
1.994066727243043180e-01
2.089857004226557124e-01
4.849865107404504605e-01
6.039539489327032662e-01
1.498970802013811499e+00
4.828047927255246230e-01
7.729113612797111621e-01
4.018907848265632077e-01
2.769537604187330970e-01
1.653798875724366013e-01
5.661098252588848689e-01
3.412562222180836047e-01
1.946881149853587067e-01
5.049726898383178897e-01
3.500555143394444846e-01
5.898751422579346926e-01
6.870405286580623105e-01
5.367534446138132465e-01
4.010909688114858707e-01
4.312537060583194748e-01
2.498715548978307222e-01
2.266217705651449033e-01
2.402653722283584758e-01
9.340725231226789660e-01
4.970430780652209668e-01
5.024466617211621466e-01
4.974964083453542463e-01
4.317807010420984803e-01
3.051887778597095480e-01
2.842918957865901985e-01
5.478596100738639674e-01
1.861286152192922760e-01
3.841330838551047094e-02
3.216821667288691788e-01
4.091641308078799444e-01
2.430186950973033111e-02
7.769349487555786693e-01
8.874996631236399258e-01
2.826076295059022359e-01
9.042450359352338651e-01
9.073326231978697809e-01
5.134798649779037660e-01
2.915129625179718742e-01
7.274934784481033034e-01
1.000000768215553837e+00
8.046053218848683852e-02
7.799858430011308297e-01
4.900262763072148198e-02
5.996048010018820706e-01
8.284263337348209966e-01
8.956166774944246400e-01
9.994147989468316062e-01
1.012219564027613927e+00
6.994377373152254052e-01
9.463652529891298792e-01
7.338909783278414478e-01
4.194767988239275769e-01
6.544503740956190141e-01
9.697543091767207857e-01
2.607044828935319858e-01
2.820045994856966720e-01
2.412029941522245147e-01
1.216871842093111417e-01
2.243140673449612876e-01
7.012686686820220894e-01
1.025547045709015226e+00
3.245705482777203055e-01
3.400547571393964241e-01
3.914561343991806996e-01
3.300998379063230237e-01
3.646139269208164557e-01
6.534322897920373796e-01
7.381744648081965954e-01
5.588894151865436699e-01
3.726232674515708165e-01
5.177715409965216731e-01
2.027057477881815950e-01
3.569316438426328175e-01
8.468074244129462080e-01
1.043453402467215518e+00
5.293402435987318855e-01
3.265597326719341664e-01
2.217213075050877558e-01
3.462390040262825625e-02
1.905523240597941648e-01
7.968141307716051225e-01
1.545350608122214808e+00
1.304904060988369086e+00
7.506216276416050048e-01
6.273719168891566111e-01
3.874202729439469306e-01
3.450310115238683362e-01
6.939588888348876550e-01
6.202807257659361806e-01
5.195906924940012495e-01
2.481891780203340780e-01
3.093181851709517205e-01
3.510715272824834199e-01
2.808848351555651157e-01
7.691059279804698390e-01
1.350932880203635555e+00
8.855663004844276376e-01
7.910635099419509597e-01
2.605814446929088923e-01
4.986881833307496015e-01
1.128689111149929064e-01
5.152973595147751773e-01
8.621287125582046684e-01
1.639265988871434487e-01
2.789378266252314220e-01
1.540439618696818613e-01
2.080716306968685148e-01
2.135205337202417952e-01
6.010786884437235855e-01
8.264796626044077499e-01
5.193503121874333273e-01
4.107848987206794145e-01
1.587146097237579490e-01
1.027602021849315594e+00
2.195826833657634203e-01
2.258601349507053380e-01
6.440894957067910820e-01
8.478753920402434252e-01
4.317645064201977023e-01
3.588124694593385344e-01
2.294000610675595575e-01
5.354540639402366464e-01
8.452823117047186807e-01
9.567636489145433520e-01
4.465105438916348035e-01
6.211355079619801378e-01
4.235171928916751094e-01
1.692975927306812345e-01
1.090648621493485182e-01
8.038443409644016047e-01
8.909486122269937303e-01
3.304123966164204673e-01
5.335364599677939745e-01
1.302610557398508284e+00
9.959276887721900673e-01
2.807523417692490697e-01
1.398523205924235013e-01
4.490577557323772173e-01
3.888711167784082989e-01
4.955465307504378636e-01
2.940967219446279923e-01
2.245975015122604057e-01
3.272776601025210730e-01
3.277308851701060122e-01
7.807157689334186523e-01
7.468327439404741641e-01
5.934890125960348151e-01
7.101180941280164083e-01
5.355557513022988214e-01
6.017797323291605993e-01
6.567973148037402620e-01
1.030605385745258173e+00
9.560079603455012842e-01
5.423276277825779257e-01
3.374027073034636670e-01
5.417947129342104429e-01
3.976294643316040101e-01
3.913516762102066116e-01
8.685427343227150043e-01
8.741303823013050200e-01
1.831620902922388439e+00
1.752460948128387264e+00
8.989889164705857638e-01
1.053735215786248736e+00
3.757721970354385155e-01
1.091569724613344228e+00
1.382965105036646047e+00
3.667534810918094412e-01
2.292224217633712369e-01
8.864814265337475074e-01
7.251507576013310752e-01
5.954593733676847300e-01
1.014328613338105534e+00
5.946113619371227177e-01
1.348479991550540102e+00
1.085018692416528596e+00
5.122905535535038357e-01
6.655969851459785369e-01
9.645853472603890255e-01
4.901264086744720472e-01
9.292129301842738665e-01
4.165361900366564840e-01
1.749939321542242965e+00
5.978186611499827219e-01
4.824365334766683167e-01
9.988314270788161142e-01
1.451472902416026445e+00
8.840566321143773498e-01
4.386450457934339409e-01
9.859434888290481425e-01
1.087375069722817944e+00
7.876310341445780239e-01
9.360522523767126346e-01
8.525499222222208129e-01
3.120689960718134870e-01
2.704099035144241214e-01
5.673195142812453851e-01
2.654072142550563673e-01
9.039176575267097169e-01
5.108303999153342989e-01
4.642860474465331788e-01
1.185927163842196652e+00
6.910360591707085387e-01
6.464483029012222381e-01
9.369430753162090175e-01
7.760386219417247933e-01
3.561109110610245765e-02
4.939320700792338426e-01
1.275881083771364555e+00
6.278054430006407838e-01
3.267406423303085838e-01
2.979949622714486712e-01
5.507628373331429072e-01
8.153269776515435774e-02
1.666042511143387694e-01
1.148529637906084422e-01
9.646071362299961649e-01
3.406398334703304442e-01
1.138285566280171218e-01
1.727532189360418136e-01
8.280536864460344426e-02
8.647214040171672389e-01
5.259358621806778933e-01
1.337190241316424111e-01
1.422458330017384864e-01
8.714295293434527467e-01
9.645892808350591263e-01
2.063110866858908210e-01
1.197214532039119900e-01
2.101076541053731594e-01
7.926419847211121361e-01
1.078434580291066203e+00
1.045621024757425577e+00
8.463526775605808572e-01
1.088878286590437283e-01
1.002911541432089659e-01
1.936206608212426294e-01
3.519231386502051362e-01
4.686827281265181777e-01
1.808128288438878573e-01
-2.276807678209322302e-04
-1.243098303557809148e-01
3.175494636607225085e-01
9.184633867755627179e-01
5.013524946489788386e-02
1.407243867710043506e-01
2.302013085359873035e-01
1.064254570218712420e-01
1.174277041789311277e-01
4.661069350724703075e-01
3.141329094012226264e-01
1.205605639894630210e-01
3.562515255184102170e-01
5.525687920592227131e-01
4.632948831615797958e-01
2.477611047962030300e-01
4.960047898075677780e-02
2.354310941273280167e-01
7.410146178741503498e-01
5.081907269659628745e-02
4.702677095881929170e-01
3.406186805451340005e-01
6.260188389397539632e-01
1.705154544771359804e-01
