4.681049799375836540e-01
9.934927877938852792e-01
2.190384545570180364e-01
1.054587404678424711e+00
1.137354892912152859e+00
3.942590216308484163e-01
8.204385547046964822e-02
9.018668531778981645e-01
1.048746024856430425e+00
2.823630736316288803e-01
1.202176400365318365e+00
1.017846304272059133e+00
9.776375911609490599e-01
4.948516384924416672e-02
6.321812229809433692e-01
8.882369422931364333e-01
1.980079578244945682e-01
1.892182461913929081e-01
3.314555951646431242e-01
3.044937027769999416e-01
6.635312300083938408e-02
2.216674866145827150e-01
4.233647416078376580e-01
4.708524680017112107e-01
2.501821418080968362e-01
2.536334287457706060e-01
3.075045805588323966e-01
1.348365764358230856e-01
1.833810086647557624e-01
5.540620284650628058e-01
2.059793027575337609e-01
3.503811381909894274e-01
2.328444804962978010e-01
2.527494058843022806e-01
2.725059558039140753e-02
3.074997613832192722e-01
3.162938746174596139e-01
4.978121431727325352e-01
1.562404411023665118e-01
4.113944932906648533e-01
9.451179759678492165e-02
1.198469421056955614e-01
1.890743947588254537e-01
5.676791107087080235e-01
4.406027686257268372e-01
2.975453061773192243e-01
9.787782555314732125e-02
1.975744549707232900e-01
2.833342161018667094e-01
2.454556159116897396e-01
2.529421887790919699e-01
3.647559903699446049e-02
1.874331760949330961e-01
1.166127446724541383e-01
3.708503615684840410e-02
6.693797574016857599e-02
5.282755431153567383e-01
3.414993872333785263e-01
2.129055617281586654e-01
1.937564542958895575e-01
3.481427507930765497e-01
1.934991173058698000e-01
2.418170902985512238e-01
2.096869816194364688e-01
2.551952136489523681e-01
2.666121980139408154e-01
2.399963156935257247e-01
1.341817790492200457e-01
9.226088415688728228e-02
2.105627290234875493e-01
3.413657871785045761e-01
5.624023089117388130e-01
1.610201311467375662e+00
3.498006232745690114e-01
1.788248460105838766e-01
1.413287768241679176e-01
4.483127652064890500e-01
2.607731257925615664e-01
2.059355166944977500e-01
1.209572077587389577e-01
4.515710464718665773e-01
7.793641056569804437e-01
8.878566322577930991e-01
6.885173094628713741e-01
4.557499958818804764e-01
7.934742003568839852e-01
4.459791018483629799e-01
2.814906583361201919e-01
4.541497570639047021e-01
6.184394375458462934e-01
3.885770043727519441e-01
8.870300975524813003e-01
7.717078527916716446e-01
6.090659270596369135e-01
6.785698145970759931e-01
1.925923432211290309e-01
1.407768690323240313e-01
2.090368335759513752e-01
4.850340800872507407e-01
7.081017925219647013e-01
1.443189613674707106e+00
4.840059053348635398e-01
7.598973231870478351e-01
3.354781713816478161e-01
2.769895353504747693e-01
1.654189947945020611e-01
5.445215325463661493e-01
3.154293875870895492e-01
1.690356148328266139e-01
4.747948582463686895e-01
3.221903901409731152e-01
5.899053566205213484e-01
6.870668025555350944e-01
5.367874192494246355e-01
3.923050094713774194e-01
3.811109250521058645e-01
2.684815346481788656e-01
2.069150193171848673e-01
2.402924819409444912e-01
9.340889436667407786e-01
5.645479488695718251e-01
5.038084963751576772e-01
5.125830097189815193e-01
4.132623504827037664e-01
2.966716982492832999e-01
2.843315949220445726e-01
5.478888240049720748e-01
1.861398877073571767e-01
9.286234649124400220e-02
2.628686502196189156e-01
3.666761650229107272e-01
3.577444117463567108e-02
7.769816622159240183e-01
8.875545542111270558e-01
2.899381659855665982e-01
8.387861835731773574e-01
8.939849270696824668e-01
5.005331662168399642e-01
2.890895907094532813e-01
7.275335728617857711e-01
1.000038173002998132e+00
8.406950525274699271e-02
6.834686479861296071e-01
5.703554378745823161e-02
5.383445238957829115e-01
7.939270168413149475e-01
8.956781047551715114e-01
9.994727350528525012e-01
9.582394141260314191e-01
6.970273430091051825e-01
9.463955771765748537e-01
7.151859036790521040e-01
4.133694408508329365e-01
6.545131131755882459e-01
9.698176585799971328e-01
2.625475898878003034e-01
2.564552024585289303e-01
2.377366183489006968e-01
1.426195951836811415e-01
1.689722176860405101e-01
6.988028627299912587e-01
1.025591818285245926e+00
3.155984000761535291e-01
3.373845127437447022e-01
3.467570164090589824e-01
2.601207512388196696e-01
2.494623793122489885e-01
6.534672883742300709e-01
7.382105439519717205e-01
5.562096506529253803e-01
3.512353249497753849e-01
4.637021038620672830e-01
2.082192361233101141e-01
2.631251224274693268e-01
8.468568143929348091e-01
1.043512831891216130e+00
5.177209115155100294e-01
3.531294337511841630e-01
2.429053985862522913e-01
5.410717518661378039e-02
8.435709510009817280e-02
8.151742695997377108e-01
1.551371849943404824e+00
1.292597707878762492e+00
7.459868577244259669e-01
6.879317837609174591e-01
3.717617100504064243e-01
2.831514692194563310e-01
6.940124445010239507e-01
6.203037935896226207e-01
5.068203943737955575e-01
2.315669155599872908e-01
1.988085234854634065e-01
3.397935832290790992e-01
2.809428152454275240e-01
7.691347500097058809e-01
1.331170120751497432e+00
8.856010817685445735e-01
7.980188246127402074e-01
1.891427703554859896e-01
4.134366848933873073e-01
3.690373390056717051e-02
5.153233559578268563e-01
8.621759870487366584e-01
1.111390878091412932e-01
3.046972321395502448e-01
1.181946501347483636e-01
1.879434143901845822e-01
1.457456459671111204e-01
5.809679470286897018e-01
7.987741224655102723e-01
4.624351195974961137e-01
3.202950992826852916e-01
1.747775225194464765e-01
6.004765969533715220e-01
2.132464103436303993e-01
2.258676836532460819e-01
6.772628911869313928e-01
8.257294261077527953e-01
3.418706346704733501e-01
3.011353659354294998e-01
2.632571047690894228e-01
4.996884823954803045e-01
8.453313848671845099e-01
9.567949316583430619e-01
4.339602743381509864e-01
6.993671641197156674e-01
4.097651751886971505e-01
1.789351749171636252e-01
5.750795256852170995e-02
8.038904781692546297e-01
8.910012220174674535e-01
3.564491844918371011e-01
4.800737529440929907e-01
1.285508856511905496e+00
9.474314759704953737e-01
1.791965940431941573e-01
2.031332717923682307e-01
4.490912840145488416e-01
3.770185626302344217e-01
3.823853191436589749e-01
2.295425838031755761e-01
2.143785436901062824e-01
2.874157477793033433e-01
3.277849895519825418e-01
7.807700215573206703e-01
6.945822770530103440e-01
5.461990873975416383e-01
6.310043197345486243e-01
4.129222869298584953e-01
5.934554816579117320e-01
6.394356787621864324e-01
1.030663993672035872e+00
9.592116181968270983e-01
5.005783371463734532e-01
2.763304915271738715e-01
4.700072860511460004e-01
3.214665202879739558e-01
3.913748822786916048e-01
8.685685278403417753e-01
8.385413679222812888e-01
1.519735886713145190e+00
1.359745111669192541e+00
9.019708520796885232e-01
1.036249477022326948e+00
3.758088529326172322e-01
1.091623596417364839e+00
1.366744502941652284e+00
3.518031423010272163e-01
1.376788115143908475e-01
8.621658111329324470e-01
5.170636355902449299e-01
6.577381137283230261e-01
1.014376397487730008e+00
5.900186012301479321e-01
1.182956968425191935e+00
9.199157895396671281e-01
4.805411696799168353e-01
6.104671509370795945e-01
6.978223687732258984e-01
4.372644013918925432e-01
9.100884889425912005e-01
4.086319335026336597e-01
1.579155253433825790e+00
6.047792601466887019e-01
4.106488015459173191e-01
9.988490928323695561e-01
1.304551583205548093e+00
8.756349945794809075e-01
4.315872167251362801e-01
9.492768512571531092e-01
1.103791614477479976e+00
6.143281242645275420e-01
8.959492201270525813e-01
7.849388943967112731e-01
3.111071331507396232e-01
3.083153760860893877e-01
4.830410127392061326e-01
2.545495559944299657e-01
7.161751858468200505e-01
3.014239721844825248e-01
4.898511519796483471e-01
1.260670782571734483e+00
6.828262190875080684e-01
4.999901626892120921e-01
9.388228458475826876e-01
7.335220878906788533e-01
2.889245771109611935e-02
5.112058300605987204e-01
1.233833368395275354e+00
4.876306452574405981e-01
2.792081321841120012e-01
2.671036186925982991e-01
4.801359460172337501e-01
7.948288343253423482e-02
1.924856063550205998e-01
8.148438393453205641e-02
9.761477461658772947e-01
3.024765940187338908e-01
1.666699084601235559e-01
2.168873615503178476e-01
7.209740540378199725e-02
8.747967205632397603e-01
5.371658162916060908e-01
2.060167827014964259e-01
1.179200159964074179e-01
7.750031106500214761e-01
8.907258208976444047e-01
2.535425763184944170e-01
1.792836620874380671e-01
2.101042028246768445e-01
7.926370319124986796e-01
1.078429582451267965e+00
1.045616910067446170e+00
8.014445855920816486e-01
1.088840043511312972e-01
8.232341078853058769e-02
1.936156164979167815e-01
3.519189218449849665e-01
4.686779315007888469e-01
1.808083390413174618e-01
1.094401969462260454e-01
-8.174462084686216767e-02
3.398991132765684098e-01
9.184605885032065542e-01
-1.109124143912479550e-03
1.407205233311883685e-01
2.301963886568621775e-01
1.419361212782633552e-01
7.457795320025675800e-02
4.661021512880935136e-01
2.699607257774940816e-01
1.205563792354566732e-01
3.428172884359156902e-01
4.668587442310065394e-01
4.405564596160345681e-01
2.678940361030573980e-01
5.629579073513220344e-02
2.270383222496549502e-01
6.888299079514700329e-01
8.603318779044219489e-02
4.702638120018245438e-01
3.325436039024789459e-01
5.899162861192768226e-01
1.703457593457728958e-01
