4.922030694156716568e-01
9.987155817295914062e-01
2.593072250582423299e-01
1.202896046115845108e+00
1.173706198051959193e+00
4.880717496364919139e-01
2.326567300320045439e-01
9.853716687124451923e-01
1.174197333828173262e+00
5.083197922246361911e-01
1.266112302838708681e+00
1.062032277393467838e+00
1.071713481869531526e+00
1.947186951906848262e-01
6.901411783933136812e-01
9.556875899751767767e-01
5.401074393825804343e-01
2.836740785129793219e-01
3.776197269818901692e-01
3.064430352904767840e-01
1.089847010068142608e-01
2.508840010820561628e-01
6.501793129859813059e-01
5.495565028286391041e-01
3.390579900534659852e-01
2.783035482472833166e-01
3.168991379272902975e-01
1.572482759107457218e-01
2.618013147099212956e-01
7.131310577468836787e-01
2.624103528537203855e-01
4.775555432503802433e-01
2.609203977115657214e-01
3.991680467847575908e-01
1.608185466862903645e-01
3.185520642712707517e-01
3.798237563767900005e-01
6.377683254371667720e-01
3.198324880699260908e-01
6.080554159571844863e-01
3.370107848574189768e-01
1.391743711392655902e-01
2.019697388052910658e-01
7.204896846722952386e-01
5.713644986426332784e-01
3.755796178942646391e-01
1.728527082340519661e-01
4.831382061036075259e-01
4.850647096213325793e-01
3.553035467953762350e-01
4.246209779700994003e-01
1.502183483275915665e-01
1.988860958294768611e-01
1.621536519749987026e-01
1.817360916038040231e-01
9.986431555178323927e-02
6.392920946093810786e-01
5.251805178608354163e-01
2.762308908672959085e-01
3.394130240841093382e-01
4.779042967539759434e-01
3.149202616252194664e-01
3.082790896875604036e-01
2.336073915930940992e-01
3.749923151613192007e-01
4.896714566667595414e-01
2.640571778799265523e-01
1.758642739159582413e-01
1.501017181478951079e-01
2.633002861515338355e-01
3.627250579080732451e-01
1.214227868046853454e+00
1.789660732213826710e+00
5.375692724952038093e-01
3.451622882977123941e-01
5.950813709804912977e-01
4.623059362123608240e-01
2.628344450302375623e-01
3.365001422068803483e-01
1.918179407799485703e-01
6.076012732802483773e-01
9.907333596075714732e-01
9.787756907475836377e-01
8.616808159013121804e-01
6.377974108367557848e-01
9.227073202284291620e-01
5.262496137764357540e-01
3.183697648477379905e-01
9.961164801590840501e-01
1.079151315643695375e+00
5.089634345822541261e-01
9.152514735400844037e-01
8.872255087579352661e-01
7.101359185494028337e-01
7.690910618973431090e-01
2.263729907560645127e-01
2.327578390060319191e-01
2.189040385552599444e-01
5.067834513372445615e-01
7.716836974650594927e-01
1.669478172353970002e+00
5.121704991810870355e-01
7.915938853147401755e-01
4.318056379938415845e-01
2.777138708673557721e-01
1.653799135776221063e-01
5.720553102646943611e-01
4.348752920908423025e-01
2.867101394914688406e-01
5.147583488062984491e-01
3.905683074279593936e-01
7.597083435808210661e-01
8.415061891153550189e-01
5.561579701095914485e-01
4.060379715907665443e-01
4.360519945772158845e-01
2.799343390108293139e-01
2.431563326657932289e-01
2.425929038745123778e-01
9.795910991500909049e-01
7.504049884077712562e-01
5.047219104393453337e-01
5.725476856381545021e-01
4.493954028431616510e-01
3.384724946130784340e-01
3.339180275373460072e-01
5.678834475256252512e-01
2.114641316396288495e-01
1.774503686766082944e-01
3.953623744428879649e-01
4.651172949254452349e-01
9.709594646875195634e-02
7.837569783726044959e-01
9.157153755804227080e-01
4.128997932325154663e-01
9.128108760389042065e-01
9.340647955754471932e-01
5.895662104399146397e-01
3.117407159345676471e-01
7.455373141138352810e-01
1.002499395615576994e+00
1.105908946665958847e-01
7.932352543284473256e-01
1.701142058767377840e-01
6.965400883966168522e-01
8.547856370478423838e-01
8.994377377272193552e-01
1.056074354714070740e+00
1.092384493725733208e+00
7.314433954348926736e-01
1.047784558338749505e+00
8.310478441823844209e-01
4.710948547075026749e-01
7.350917914904340211e-01
9.697921545193006754e-01
2.950499266925022401e-01
2.942082611600901898e-01
2.538432443518912063e-01
2.170750525460459768e-01
2.555937811191095199e-01
7.018245347963205649e-01
1.040350487713918026e+00
3.420870627588594726e-01
3.536304953817563379e-01
4.587480847212279111e-01
3.726139990518083089e-01
3.954229384496061872e-01
7.519438260632004267e-01
7.896381487912337294e-01
5.687859673782830194e-01
3.918941076879909335e-01
5.384065994173576897e-01
2.587841628664425686e-01
3.934891565988628548e-01
1.010316944722993160e+00
1.101700575966190865e+00
6.278008288395868775e-01
3.718106565236098948e-01
2.588232731422820398e-01
8.659239154414585804e-02
2.677071986056448472e-01
1.059422783378085819e+00
1.761013428246155366e+00
1.470210786326554331e+00
8.054012745100573856e-01
7.464246692789680004e-01
4.213150456997300508e-01
4.411759375941439743e-01
7.665342821624882008e-01
6.849168471135211878e-01
5.899048555307406794e-01
3.361308910626800150e-01
3.635032694790574226e-01
4.012358321689081242e-01
3.275401038578851787e-01
8.412921722542758829e-01
1.420623603714709970e+00
9.900050866908537417e-01
8.036403227318974496e-01
3.959218196080970253e-01
5.005595981475293721e-01
2.762137215793318279e-01
5.713114762017210690e-01
8.723957093246273997e-01
3.048029577105132448e-01
3.301836985927604218e-01
1.726709479553765747e-01
2.548374939148003171e-01
2.635413728940022016e-01
6.010787483481941917e-01
8.294325353925420252e-01
5.471632163475724786e-01
4.515616026439625008e-01
3.276832706873512024e-01
1.113208426731308931e+00
2.597271299345882412e-01
3.389714718890433076e-01
8.180159602673555685e-01
9.403910708544807040e-01
5.345114429278284840e-01
4.258601414539970875e-01
2.815836275336097705e-01
6.071230971203042115e-01
8.475670822734906462e-01
9.794641644585737605e-01
4.920276943859233088e-01
7.345161521152746564e-01
4.345050815440766878e-01
2.513060629234109000e-01
2.690627770267365881e-01
1.382184929118134953e+00
9.805162552848699642e-01
3.603096369278780964e-01
5.973968883500540006e-01
1.328565937198206814e+00
1.064756650024599072e+00
3.513900418575390261e-01
2.284619192062242454e-01
5.002976483799174146e-01
4.629002491875944814e-01
5.193933941025454804e-01
3.375657427888992812e-01
2.419210024975588791e-01
3.307872235322319998e-01
4.184405205766562608e-01
8.190321926404277031e-01
7.589171364529063712e-01
7.376498972363145779e-01
8.005861842694227404e-01
6.092091701860298247e-01
6.700123656105994030e-01
7.536214711028528246e-01
1.110427158301897421e+00
9.793636318405642971e-01
5.735672478460548396e-01
3.436783001229117840e-01
5.507050760558850344e-01
5.048486305747668101e-01
7.601957572802368057e-01
9.572314910665709053e-01
1.008545161326702910e+00
1.882131215353527676e+00
1.768787776246162791e+00
9.372452260674430935e-01
1.055964366319476655e+00
4.632308897277306881e-01
1.162405799189680566e+00
1.562092795118837252e+00
4.225507194817520462e-01
2.552349450589703750e-01
9.242563272635083704e-01
8.487588564672893243e-01
7.953324858845490786e-01
1.321412914589696452e+00
6.251908377680863715e-01
1.450123017829509253e+00
1.250471897548268041e+00
5.281235538984394573e-01
7.361047040608181824e-01
1.369050502102304501e+00
5.554498941917928034e-01
9.609443948822870007e-01
4.827023021621482668e-01
1.801801664132802294e+00
6.625616310139051945e-01
7.611426948111861268e-01
1.384978815758030946e+00
1.590196754194178164e+00
8.898174668083311811e-01
4.933157803140834630e-01
1.064561707124362488e+00
1.206092011519615426e+00
8.767984534396815466e-01
9.692438859860267319e-01
1.110444172852907307e+00
3.486934589142983154e-01
3.153737403884868673e-01
7.244495696210637714e-01
4.227047411077849426e-01
9.651499054649255172e-01
5.793906385303548845e-01
5.637321949324848314e-01
1.365261554104109765e+00
7.038969250820010792e-01
8.095884931980897870e-01
9.540737309777167496e-01
8.189248756528807460e-01
2.085634382399698672e-01
5.427674213148194760e-01
1.389728802960722875e+00
6.540000657584262855e-01
3.801225777473382084e-01
3.369288495386832949e-01
6.054601546545748114e-01
2.296466385078377304e-01
2.907208986034923726e-01
5.052456337177486656e-01
9.824634317624767466e-01
3.742983852249302523e-01
3.557836655943983351e-01
2.635527586813430911e-01
1.580010247148304625e-01
9.310338968770119905e-01
5.971969469231900307e-01
2.164612860440688624e-01
2.082690531078223162e-01
9.826935457680964214e-01
1.022426054856260702e+00
3.628519628232177441e-01
2.220334686316432493e-01
2.757273936559081484e-01
8.447087986942001248e-01
1.103861498995066803e+00
1.109764957077021608e+00
9.160066713992804921e-01
1.540999635939285517e-01
1.242614252162549671e-01
2.162159877131062113e-01
3.597801397115061861e-01
5.313913276357546955e-01
2.696836307321251458e-01
1.773537205490874902e-01
7.170346891961786040e-02
4.766603886468845919e-01
9.511745959307176257e-01
1.227122636096459607e-01
1.437042149839045380e-01
3.009845869522739803e-01
1.848637688745929375e-01
2.262797327247546009e-01
5.291954423929863260e-01
3.721901122066281764e-01
1.848819100382219638e-01
3.894167241027871040e-01
5.661516034866883595e-01
4.929137401351368908e-01
4.089128846615468493e-01
8.684587628923787217e-02
2.455390441374733779e-01
7.971659435702019847e-01
1.250110896722899934e-01
6.281894814354059831e-01
3.933933418660182091e-01
6.753452433317617132e-01
1.977800170292362825e-01
