4.367976763265667972e-01
5.518416879876766323e-01
2.384698764913724400e-01
1.152956484160398531e+00
1.131473862205736092e+00
4.228507825763774819e-01
7.933388125366672150e-02
9.747407057593950874e-01
1.073777287570117922e+00
3.769460354957888115e-01
1.184351743217979980e+00
1.025431555633723013e+00
7.965806812454957475e-01
2.467891023513787627e-02
6.413006651753823117e-01
8.063993049791841061e-01
3.415567745186393056e-01
1.755355730568436967e-01
2.372779130354151500e-01
1.137279054271170958e-01
2.662769753935874395e-02
9.891191342057126246e-02
2.726995529151443054e-01
5.490754306717013922e-01
2.714873374394377037e-01
8.017799667127817331e-02
2.838140839010430683e-01
2.220429020827362596e-07
6.454775592935498019e-02
5.241198228222770927e-01
9.458987637198125464e-02
3.076718515790540232e-01
1.896569029812019136e-01
3.512819096195783919e-01
1.529067121354222924e-08
2.271796896493300799e-01
2.047072550761034337e-01
3.509178323757184415e-01
7.375170209482617700e-02
2.571798670035548295e-01
1.854539512551326708e-01
8.942539315697271840e-02
1.419713547359614525e-01
4.719609991502959900e-01
3.219820467723467639e-01
1.355202937832921117e-01
5.302053972191948794e-02
4.481049372935078101e-02
1.425400879254245246e-01
3.449239584873724507e-01
2.451181210663289367e-01
3.366018679934962288e-02
9.331106597210329923e-02
3.230170941311413108e-02
7.620220830660438815e-02
1.017303011709791948e-02
1.704055087991003803e-01
2.069647075330991459e-01
1.276115343267061608e-01
1.061823219967004961e-01
1.817325354011625482e-01
4.382580973092518872e-02
3.209726851765805817e-07
-5.192295313461339198e-05
2.428123894189110066e-01
3.132391906019438288e-01
2.181795066866364097e-01
1.521273851040721159e-01
3.919074664300829791e-02
1.377171729684457391e-01
9.472773371563278366e-02
6.071800426535370887e-01
1.304771245893724174e+00
3.007793055971780816e-01
1.930011075601867632e-01
2.002599805581696812e-01
1.993747852160488443e-01
2.422478961752960180e-01
3.770403082640567949e-02
1.152268019216039080e-01
3.145805307646280524e-01
5.483520689702864326e-01
3.967460205222405611e-01
6.822088594430671948e-01
4.299288133593576755e-01
5.235735935908663041e-01
1.290492069845755596e-01
1.517164174711295443e-01
2.387224335253416430e-01
8.800588018190671491e-01
3.805304325110220875e-01
7.492199565650417004e-01
4.992617706189816373e-01
5.445129734831988255e-01
6.141264036019012940e-01
1.886322664405375993e-01
7.873084199919987147e-02
1.986192991233616811e-01
5.066883811613637212e-01
7.480268234394019666e-01
1.545994932466490113e+00
4.351476899278229893e-01
6.310067592780971291e-01
2.003008241449879268e-01
1.270923536964212984e-07
1.059016494081748277e-01
4.120236068329413692e-01
1.613936578234047015e-01
9.472515298007407047e-02
2.581692537103472684e-01
8.604124178459475469e-02
2.234033428385809594e-01
7.237103397249846637e-01
3.064778318808820678e-01
1.562454468998921153e-01
1.548400240341084866e-01
1.020125706631813400e-01
9.834234428265797856e-02
2.143119517535991558e-01
8.737094835015201122e-01
5.879896607292852684e-01
2.814564881895879056e-01
3.871242544751134218e-02
9.889856831480527133e-02
3.476183751838356965e-08
8.016308847041568597e-02
5.319266648739162662e-01
1.478209151072991112e-01
-4.440172071135208010e-03
1.970729987229340177e-06
1.989478229963850542e-01
-1.629121388688388518e-07
5.479814327563328202e-01
8.847033595621640600e-01
4.389482085423732777e-02
7.071118821797346410e-01
7.446226383047006570e-01
5.004882313219903844e-01
2.267143935877282412e-01
7.239793484236549670e-01
1.000945810252193535e+00
-2.643279142575136384e-09
1.582251577164995315e-01
7.363768742827402070e-02
3.421669435636730539e-01
2.558493439588260809e-01
8.813952224815295722e-01
1.014057805829312153e+00
9.023104701702366892e-01
3.470969439610814833e-01
4.095994990370124822e-01
6.116056419718778336e-01
3.713032484455845439e-01
6.601408782623382487e-01
9.681012725123921969e-01
1.088045950384258498e-01
3.672611718078878928e-02
1.853882115389263452e-01
2.128521416122429455e-02
1.727070130171938044e-09
5.732351728446180017e-01
1.026987565268935976e+00
1.736947726489842803e-01
1.631699228129898649e-01
8.987845304848381123e-02
4.151810515176336828e-08
4.885650435605513875e-02
4.969823095814872027e-01
7.721068908252736174e-01
4.327544979496070754e-01
2.129979902268552550e-01
3.851201935291260758e-01
6.556131227695360941e-02
6.545939765615771400e-02
8.410024611541221384e-01
1.058861017080843459e+00
3.116964883570886857e-01
1.296128430921291708e-01
1.452225584764994804e-01
7.276440201471369440e-03
-4.967107094176055534e-09
7.899261669670726294e-01
1.499737705884138572e+00
1.241717988071441958e+00
4.125212915895601351e-01
6.655887725027750390e-01
2.187024389893831300e-01
2.599687704816640021e-01
7.282262659556371087e-01
6.570247398294360996e-01
4.429325509787596649e-01
1.487937611204942501e-01
3.015083014537054962e-01
7.000988590379451926e-02
2.762335570964762343e-01
7.245699058346508625e-01
1.200816129943945043e+00
5.144833243117316046e-01
6.547847873048411316e-01
3.215717731722502609e-02
2.326005274836142889e-01
7.665764969708371845e-02
5.152973812864373171e-01
8.620694197871987541e-01
9.482292724680099760e-02
2.682545740455082872e-01
1.345021631270702511e-01
8.242433540587830454e-02
1.103218585894195775e-01
6.010787482887826050e-01
7.987460129402046416e-01
5.184852040357453840e-01
2.771762027604569023e-01
4.449443837253670014e-02
9.906459428373125542e-01
1.015540997744063256e-01
2.597238726635189288e-01
6.760579792102497931e-01
7.253895655245081731e-01
3.353871086298266802e-01
2.410044542255376787e-01
1.964094762060480392e-01
2.044080108157632358e-01
7.270348194134129693e-01
9.117116204788838774e-01
2.880005774106618732e-01
6.810990501844937928e-01
3.157108082550184602e-01
9.290036524111126848e-02
1.407107722552642659e-01
8.277008476144973592e-01
8.909486285726311294e-01
2.579563635300471947e-01
9.238658705660725428e-08
8.162098379575863927e-01
9.154639567629212493e-01
1.671628722289218716e-01
1.870518378951170901e-01
4.530080053048174960e-01
3.371671209620130671e-01
2.810313801813847379e-01
2.148477209098083041e-01
1.768091760461877882e-01
1.422211025662686590e-01
3.164787965760555433e-01
7.575836111122469241e-01
5.228147399162549336e-01
4.613845366326774222e-01
5.625008294602324987e-01
3.651927182944870176e-01
4.407405200844182191e-01
7.457258219512403752e-01
1.048351461588343136e+00
7.018283769693525187e-01
4.070281468009559478e-01
8.310474373456640746e-07
3.811765249028757907e-01
1.302370174835494054e-01
4.197084661950495343e-01
8.486362690786566354e-01
5.544753072707772068e-01
1.472247044067771515e+00
1.717118312692531568e+00
7.772890683279721769e-01
5.364927606989297049e-01
4.425240685283939324e-01
1.097289375816816293e+00
1.269973832697070426e+00
1.390878481291042135e-01
1.605358510330845978e-01
7.411928402343468392e-01
6.190867397326467181e-01
6.620478307935582230e-01
1.115049356091591060e+00
3.665058434874692850e-01
8.966659425987137944e-01
1.144820993849128721e+00
3.911477812670996479e-01
4.693579435325764271e-01
5.858571725848024103e-01
3.638016589969190195e-01
8.683538972846993609e-01
1.345928089736636579e-01
1.110040634297409401e+00
4.225317118723215248e-01
-4.140803842810004270e-02
1.138858949161165812e+00
1.447760388811522470e+00
8.244377587084597003e-01
8.652907954304370208e-02
7.867152570680109314e-01
9.177243584876555449e-01
8.107556849564365731e-01
7.704626924509792030e-01
7.837573995144532235e-01
2.586674606111155073e-01
2.004683669290359960e-01
3.261783548342432337e-01
3.050082237312556344e-01
6.430333135305997816e-01
1.100937800665043043e-01
5.245934610970897083e-01
1.327176285423458557e+00
5.037124095436318338e-01
4.391167188049566739e-01
9.187693051716301351e-01
7.055082413122648610e-01
1.748850989213784554e-02
4.610368719631318668e-01
1.233837066224948265e+00
4.859625198923964162e-01
2.266515177553017069e-01
2.248562114431944259e-01
5.350945860236073770e-01
1.485233815021306802e-01
1.407499437503956115e-07
2.720387474321106849e-02
9.824218765984437107e-01
1.526674606823810176e-01
1.791898545767630635e-01
7.060536488898565277e-02
5.196199056238717706e-08
8.667567426107823936e-01
5.371699237530345172e-01
1.348993262280313021e-01
1.023472111980672228e-01
2.629605630425309593e-01
9.166935402628959562e-01
3.381527264402037214e-01
1.116949222038351036e-01
2.144635674803886394e-01
6.721163876038996898e-01
1.078434706012564304e+00
1.059205705708933021e+00
8.107414213445089946e-01
1.412234113587205464e-01
6.230075983796481975e-02
1.422959606137882416e-01
3.567590526494842651e-01
4.487124803387252392e-01
1.124362590164961484e-01
9.531407489024075474e-02
8.604166636993583939e-09
3.028749861586018666e-01
7.456351340062490340e-01
-1.785458037135753337e-02
1.087645683768466986e-01
4.470589978954908617e-02
6.246550036984797705e-10
1.198394488844822942e-01
4.435228195772228377e-01
2.918637189962436373e-01
1.080628107284277717e-01
3.428215863120682161e-01
4.552781506895112185e-01
4.437570608420676188e-01
2.435208748818067370e-01
4.283896598781362225e-02
8.426552486895272365e-02
6.057167509312925135e-01
-1.590750509767174109e-02
4.083476539571430086e-01
3.353724972341281529e-01
4.424940828238872470e-01
1.706829462760551808e-01
