4.281798128191448560e-01
4.053023126556804523e-01
1.806687744540389495e-01
1.162338228676114138e+00
9.543186629098686646e-01
3.968388542999131130e-01
8.424525209021004046e-02
9.234463374918540080e-01
1.073777641181736797e+00
3.340437957732289020e-01
1.088826813678800409e+00
1.057684534631020634e+00
9.090849342029183600e-01
5.604129537253590976e-02
5.823818957371109661e-01
8.196431367511591848e-01
3.058088184597078651e-01
2.126635671792582449e-01
2.296685364277320784e-01
1.567074565161094002e-01
-3.667674732320552050e-02
5.004815445279971187e-02
2.726996153312132298e-01
4.198044032211930565e-01
3.261832039972861752e-01
1.892517417633490240e-01
2.427691977115122024e-01
1.465276442016883451e-01
1.811013099984078167e-01
3.721912706210143140e-01
1.303572055511227068e-01
3.287112094483992664e-01
2.001190199850396423e-01
3.690403262292804021e-01
1.223941505604196206e-01
2.287689743063624215e-01
3.591986470678488752e-01
5.296652098551153376e-01
3.018962977338307541e-01
5.733690677277643033e-01
3.080060038481496343e-01
1.214963223687973715e-01
9.712457713471699117e-02
6.608900870635288083e-01
5.573409876544088704e-01
3.699021105709793811e-01
1.587637112417325802e-01
3.197956918142560445e-01
3.413164785230338727e-01
2.694869539089442267e-01
3.988435510551369134e-01
9.361874260149341542e-02
9.752735929770176004e-02
6.281154597240017068e-02
8.683214509953293692e-02
2.058467298500154738e-02
1.938384552685395723e-01
4.270997505229726654e-01
2.090922357824429867e-01
3.104364797534840958e-01
3.221247120852019363e-01
1.386920490846837994e-01
1.563689095408648810e-01
3.049546926911646250e-02
2.220797730657647906e-01
3.644397590817453070e-01
1.501776591037584929e-01
1.501061864737869012e-01
9.485294469034324938e-02
7.936366645257658670e-02
2.597621780915059242e-01
1.172690337938845362e+00
1.645629782661391260e+00
3.973318159060848509e-01
3.176676579569586711e-01
5.527819314502031567e-01
3.968744454929274967e-01
2.543666532461612562e-01
3.251032622404739225e-01
1.363721688106440677e-01
5.773487983877277907e-01
9.472363741322710196e-01
5.123887511381087778e-01
6.483394619640576728e-01
5.468504803546804238e-01
9.078448407679309273e-01
4.892445561461283843e-01
2.613124857752930907e-01
9.659058427284702431e-01
9.777722641700825612e-01
3.976215029792871669e-01
7.261893358123657771e-01
7.995165533393558954e-01
6.873119407176258022e-01
7.138700242253449568e-01
2.096019257162726190e-01
2.103873223713871032e-01
1.892835595294674045e-01
5.066884208866250239e-01
5.688671881798627039e-01
1.617516991405422599e+00
5.007618464866031571e-01
7.210497807021010175e-01
4.307974101881336670e-01
2.769538797527157925e-01
5.315358386073453650e-02
5.527458876979324254e-01
4.070015399092392072e-01
2.166082596161357787e-01
5.087112348691752439e-01
3.626356469652095571e-01
7.132120001285039423e-01
6.922740726928707788e-01
4.866156919878121823e-01
3.932636816146443670e-01
4.137729934331543791e-01
2.510060548443482364e-01
2.275713174045505827e-01
2.363054057921168127e-01
8.737094726176958259e-01
5.570090373776476200e-01
4.181779738972173366e-01
3.821720095346041735e-01
3.692636964841742864e-01
3.351654987763732496e-01
2.884813980300431902e-01
4.763972275786403365e-01
2.034753199224371423e-01
4.911212514747643337e-02
3.411228350110143137e-01
4.024311526177872245e-01
-2.529631672654601010e-02
7.769350525604229452e-01
8.296506765209409329e-01
1.077918799172636888e-01
8.375101813191210276e-01
8.432448605432889543e-01
4.983682137353994679e-01
2.670243218997586099e-01
6.617789566933973688e-01
9.357210358856083987e-01
-2.267268107682572642e-02
4.667830763855563281e-01
6.728876518993857914e-02
5.680316108741810810e-01
7.475098605543013530e-01
8.839554308398624993e-01
1.014057830659501613e+00
8.975129599266772340e-01
6.823365278290451919e-01
5.285488530021633657e-01
6.116056486296544970e-01
3.023343858635041959e-01
6.606063754861949411e-01
8.481093383832067900e-01
1.706262374853773911e-01
2.648362899985107211e-01
2.477769388469424627e-01
1.532831274864125126e-01
1.846903207146343151e-01
6.610230920444059022e-01
1.025562553846385727e+00
3.335655905292006507e-01
2.391011681519597254e-01
2.926038540992735859e-01
2.327261582444691002e-01
3.921656744256123983e-01
5.443058673476472986e-01
7.847672697791422403e-01
5.480004937111698782e-01
3.375003714187734816e-01
4.716633393847926015e-01
2.545503535032598852e-01
2.912034258330761238e-01
9.088284583432688635e-01
1.058860521413598876e+00
5.215510819332995762e-01
2.175279280487046052e-01
2.345489690497113699e-01
4.012247659463243077e-02
2.597966050508352942e-01
7.781180821683926219e-01
1.625325908705444355e+00
1.253719728628710062e+00
6.487796506988838807e-01
6.878950261988572290e-01
4.150457857037814779e-01
3.591020084588352201e-01
7.282262570055816342e-01
6.202806781121806834e-01
5.562323085733600347e-01
3.127413927076814759e-01
3.434038715291233279e-01
3.287872282828938064e-01
2.641212384907085098e-01
7.768932308472724646e-01
1.283421003217880108e+00
7.746380579128707700e-01
7.703917645030070593e-01
2.253807845664041187e-01
4.856895033289380104e-01
2.228573319687275900e-01
3.680828025217350308e-01
8.423623899100717294e-01
1.307152051021178152e-01
2.798550994292157701e-01
1.520438369484531649e-01
2.244936135844060043e-01
2.006495085816438761e-01
5.995302600961931461e-01
8.014915099341660687e-01
4.935640760865575571e-01
3.975916229386835532e-01
1.282364979513875292e-01
1.106700859076158228e+00
2.406724778701653522e-01
2.503901016768346754e-01
6.886027859803254270e-01
8.897135633836233959e-01
4.018255932203013692e-01
3.525015643538848553e-01
2.534757430546165091e-01
5.427690253790641295e-01
7.789143788743621011e-01
9.117116209035152075e-01
4.381180788407332827e-01
6.347853816556904283e-01
4.162579306116573896e-01
1.662101560514269993e-01
1.955563571271244638e-01
8.814025897272673715e-01
8.909486365291084953e-01
3.041233378806729726e-01
4.737975210762512268e-01
1.311918273274044644e+00
9.618991750351508774e-01
2.546428063696098421e-01
1.409816621676142911e-01
4.043762985284793943e-01
4.265777542595878824e-01
4.750363354813361694e-01
3.204403905735819791e-01
2.253219214118321601e-01
3.087782750680891364e-01
3.277309093503036896e-01
7.813570155120407312e-01
6.092512929860811610e-01
6.092846768958475323e-01
6.990428491955676948e-01
3.903832003537746065e-01
4.825002158563597154e-01
7.536214682739763582e-01
9.861195898800531046e-01
7.504831180665283430e-01
4.223290264281915896e-01
3.315258636198539777e-01
5.225339782358215945e-01
4.441191729608719441e-01
4.493677185999239154e-01
8.973772829547329577e-01
8.686303228405708454e-01
1.831557518424324016e+00
1.751910978192274371e+00
8.117363026835533457e-01
9.770976468479620758e-01
4.444891239692636553e-01
1.041621312083762962e+00
1.498703948325913915e+00
3.273182670230960767e-01
2.095150220837683486e-01
8.850214289477816854e-01
6.699454748496493917e-01
6.572046887166091977e-01
1.190070652517467353e+00
4.191658066982518194e-01
1.183129997982807158e+00
1.178230584205768317e+00
4.246798966158301103e-01
7.015742027993239205e-01
8.145672992687326142e-01
2.961457747445546129e-01
9.291237110445663694e-01
3.987818917144284603e-01
1.755984514376657035e+00
6.040116571789428956e-01
7.107751542159632674e-01
1.271719584946701342e+00
1.498233546740693090e+00
8.694841297426662008e-01
3.907754374047338608e-01
8.498594082583057485e-01
9.462350712317474377e-01
7.985949089237025511e-01
9.434276383730472171e-01
8.487329582343293710e-01
3.036255364890158015e-01
2.486479305769637715e-01
4.806282893467981321e-01
2.672546906607411454e-01
9.540092806129987224e-01
5.078298102378108192e-01
4.923092032809569529e-01
1.004924011047056309e+00
4.281672129343020439e-01
4.850348238946089463e-01
9.187693147647199021e-01
8.080319917713519873e-01
3.967177979140378702e-02
5.093979883636625683e-01
1.283470198730249701e+00
6.275212329645190046e-01
2.380367080808921121e-01
2.929637752015779029e-01
5.350946952438201398e-01
2.285683830589476939e-01
-8.650924426294922046e-03
1.785144127830157190e-01
9.429433185187092725e-01
1.735913044885909196e-01
2.928155180839837057e-01
2.467267376139178625e-01
9.069405878987964187e-02
8.667567415884233073e-01
5.371700235254539546e-01
5.737535443905327414e-04
1.452210292759137933e-01
6.835042251272076541e-01
9.752727377733222403e-01
3.098189182920372264e-01
1.305867978869349189e-01
2.144636379054604691e-01
8.183206344040181435e-01
1.072739456871254271e+00
1.031698709171883221e+00
8.107414145501786740e-01
1.412234278292828216e-01
6.494062978240371098e-02
1.806646286301098470e-01
3.567591545175598511e-01
4.697335400724787502e-01
1.124365845223883609e-01
1.509882319531038464e-01
-8.264461779850355849e-02
1.957057024757760388e-01
7.456349270225682835e-01
9.078792552293402443e-03
1.099253011820101461e-01
1.935538380302304629e-01
1.482230064738870590e-01
2.087464243858025148e-01
4.655741366556430672e-01
3.457071123785906419e-01
1.693335774883795442e-01
3.832378903074638021e-01
5.169915834487854855e-01
4.852599807977940327e-01
2.654275949838896254e-01
4.965369249166125959e-02
2.020063915789994946e-01
6.730462981828801983e-01
-3.145607803158853577e-02
5.416223532696659015e-01
3.565763928578182251e-01
4.924864091260706123e-01
1.772047751730181364e-01
