4.534484422762012912e-01
4.622781976409627847e-01
-6.166603750410824293e-03
1.142417500342656655e+00
9.239166639549813986e-01
1.215075623699148455e+00
1.168093178150818368e+00
1.604329488937823012e+00
6.967269789073401443e-01
2.038172038329868041e+00
2.154269428999610714e+00
1.976812129050654843e+00
1.652795551570190868e+00
1.212086767146279387e+00
2.071048939395098376e+00
1.349809301447248533e+00
1.789776179437775894e-01
2.029170396578233948e+00
1.650851300031039415e+00
8.171525708964542112e-01
1.263229585730715199e+00
1.338530440974020408e+00
1.952298216776823914e+00
1.958100587928980341e+00
2.201811664095312260e+00
2.187417046091866268e+00
1.130412499585956354e+00
9.384109605806064680e-01
8.802487612054248345e-01
1.005407708997734240e-01
1.163109023913097451e+00
1.487428819465031582e+00
1.773032707801562302e-01
1.729146021683701573e+00
1.265819948900035685e+00
6.715479080385571287e-01
1.175106078328085335e-01
1.470290411555394694e-01
1.172803599790394058e+00
1.283017389529057972e+00
1.880357194085114259e+00
1.818337395747456009e+00
1.463130426126773465e+00
7.541855022255222751e-01
2.755698764896339359e-01
1.290636903853027873e+00
1.084498992943586870e+00
1.713984671390891001e-01
9.139374332908792864e-01
9.553649992267532198e-02
7.315609717038974447e-01
5.946847784248844582e-02
9.189722472968548939e-01
9.846623759705381840e-01
1.162846091297731199e+00
1.067489944007316893e+00
2.031423110541051180e+00
1.615115075512563614e+00
1.960522603849139234e+00
1.766816050260612503e+00
2.538335333442178321e+00
3.245708778607339084e+00
3.397188644685805059e+00
3.494788489623545047e+00
3.604829754438413136e+00
3.935577997240827131e+00
4.499120997279046463e+00
4.376789183256110327e+00
2.673627657464693996e+00
5.554238043561259275e-01
7.882063115904816009e-01
6.819604389363497221e-01
2.329144568686961403e+00
2.656404458934757074e+00
2.340933114994430131e+00
1.459135631096690533e+00
2.164644193418624685e+00
1.197824865450590304e+00
2.161548548836055295e-01
1.485618382742458721e+00
2.165385174037100846e+00
2.107843614202920435e+00
2.170729214496402548e+00
2.241956686580100389e+00
1.475751654782418321e+00
1.658331868056987179e+00
1.895755689944504052e+00
2.290693810129819319e+00
2.516208750094413915e+00
1.970316682212915005e+00
1.246182467691608675e+00
1.468534552401099091e+00
1.665863430217617847e+00
7.043077962553460081e-01
4.371540911962816800e-01
1.146158067430860017e+00
7.096344874267387359e-01
4.242653190124306972e-02
4.457281875361013279e-01
1.896058570772094221e-01
2.000049521338895353e+00
1.639257633105481116e+00
1.869772637394228276e+00
2.169388906885017398e+00
1.868167960888645673e+00
1.217382439377006298e+00
7.388428694216098158e-01
7.543344600447741133e-01
2.008227562632072249e+00
1.890371386674616128e+00
1.927478284693878496e+00
1.592899059643058779e+00
6.499196130784333780e-01
6.812123715616454911e-01
2.036860713037040860e+00
2.208489563546394585e+00
2.091992733131018856e+00
2.170668285197477232e+00
2.159294434780934857e+00
1.936050527508587527e+00
1.765060795328738497e+00
2.064500690954060858e+00
2.039421579458565947e+00
2.156783494403863521e+00
2.250059799601883181e+00
2.163293991709122288e+00
1.946598270241583162e+00
1.419005304635366338e+00
2.009825982727859284e+00
1.545565305042979620e+00
1.183324312564014935e+00
1.324057214566225049e+00
1.340495331764696152e+00
1.013920690555007997e+00
1.061037406227044899e+00
1.913263436880682011e+00
2.055392250606102866e+00
1.893456304917517041e+00
1.922365794386790672e+00
2.012042613295601523e+00
5.676446682524942666e-01
1.471330575273306351e+00
1.805458987048218500e+00
1.084539805578253802e+00
1.701126905829077884e+00
3.664302496797657294e-01
3.612803307964512212e-01
-2.253970449885121796e-02
1.399519323270575821e+00
2.082435273129640940e+00
1.973960108921628986e+00
2.037172911061910341e+00
1.755021291729443877e+00
1.730074832767149129e+00
1.421846926983524773e+00
1.283604415595674286e+00
4.538239178267902130e-01
1.633185351756043069e+00
1.807133026436206658e+00
1.798023568755052093e+00
1.757646880937456135e+00
9.568311482096928389e-01
7.497791769055491828e-01
1.429561783223488813e+00
1.682103028860260530e+00
1.866369988847314421e+00
1.746229771080051174e+00
2.224549691600712364e+00
1.446741338885017214e+00
1.025995966515239832e+00
2.339383979243457201e+00
2.352868306493202777e+00
2.791206076393364377e+00
2.600714959452913533e+00
2.340721803784957977e+00
2.079663659041133261e+00
1.446102620406435335e+00
2.802461176850073343e+00
2.802504622479629504e+00
2.723527325770385588e+00
2.922974858550376531e+00
2.966562720672675013e+00
1.639824894886433793e+00
1.402982705194271151e+00
2.451648063746194595e+00
2.850503176741489675e+00
2.661599804764404720e+00
2.013240234992374589e+00
2.370157354498939384e+00
1.460262329831377937e+00
3.489256562289289043e-01
3.108066064196798095e+00
3.329560876765114585e+00
3.048259229187625596e+00
3.293732787739686696e+00
2.748052548387987404e+00
1.189141540313941592e+00
1.342248779797489577e+00
3.116184000353305450e+00
3.509469473331875200e+00
2.594898856161903744e+00
3.541786261691751037e+00
3.320594553307260277e+00
2.936262090830711546e+00
1.842734915918453398e+00
2.717114580203402241e+00
2.620273817835761854e+00
3.793571000234013724e+00
4.407453133868481920e+00
4.058877063538519181e+00
3.425462548981711208e+00
2.652301942581994698e+00
3.696609731306292002e+00
3.266468051672380746e+00
3.026199967928807411e+00
3.729043943837493380e+00
3.555432060108686176e+00
2.248291814310077186e+00
1.433207425373177468e+00
3.109661308213962805e+00
3.019146732053448190e+00
2.967863423441091886e+00
3.180527568949319761e+00
4.018329674884689950e+00
3.247106856533865660e+00
2.455077167308141739e+00
3.981516101345160763e+00
4.457318016848853759e+00
5.134409380451060656e+00
5.261714881823326806e+00
4.903443841678622128e+00
4.448731470206536365e+00
2.420848740304577085e+00
5.347021340353492747e+00
5.624140161210448241e+00
5.794402399895185241e+00
5.469521475354188311e+00
6.355673804364379009e+00
5.825612910295420832e+00
2.670020885310662617e+00
5.818840070076595872e+00
6.145748957638117460e+00
5.617388156461823101e+00
5.312057945441656770e+00
3.641639964153998932e+00
1.912084943536657367e+00
1.450449809702147208e+00
2.588980427701984777e+00
3.201119515706095875e+00
4.098599835215065212e+00
4.171236835231339590e+00
2.565223040291863210e+00
3.816019174354338794e+00
3.480245796493679933e+00
3.703033667761754799e+00
3.354319983145721107e+00
3.817029504924111194e+00
3.281044213650591512e+00
1.633462225422210867e+00
5.192396455604096905e-01
4.233143918173422060e-01
1.006514899047780132e+00
2.942324611210306085e+00
3.261442705550152255e+00
3.402024590280438687e+00
3.373992977625695389e+00
3.339918511634567544e+00
2.332400116622036279e+00
1.561684728846634229e+00
1.925134007996091245e+00
2.958770893113222389e+00
3.535218531197462433e+00
3.090935611757320789e+00
6.010358899168181113e-01
6.451410628428930760e-01
1.015011206921415443e+00
1.863354594759756289e+00
8.212928845525804267e-01
1.401073723004445659e-01
1.442602440900694116e+00
1.026392184633157623e+00
1.237162397698075011e+00
1.058593935435120592e+00
1.888651377014235688e+00
2.289860048322367447e+00
2.163055290709958278e+00
2.319966158661090461e+00
1.529032502481299183e+00
5.459612553206276697e-01
1.098724503079157255e+00
1.557064329958133930e+00
1.408764953761273198e+00
1.127464909360386569e+00
1.270492464273602407e+00
1.364966818543205118e+00
9.499974042720039646e-01
4.578327119419191016e-01
6.307940582268043439e-01
1.047152902239937511e+00
1.097456345577298098e+00
9.555560034306076478e-01
9.347729661172066162e-01
1.052209830650814748e+00
1.283598358701174558e+00
6.332537640732170958e-01
2.842914461368150625e-01
7.158779858960945264e-01
1.064906662197623977e+00
1.312071777866842481e+00
4.407054861211833763e-01
4.095530336494054846e-02
8.606699420042127624e-01
8.329634961369709600e-01
1.121753383408615523e+00
7.722134484364009399e-01
1.421984239094121527e+00
1.403378104274261018e+00
1.159006415841663529e+00
1.328684044524098162e+00
8.277443206234877948e-01
1.831788782405845417e-01
1.320749388688619463e+00
1.582613367976280827e+00
1.938206672422646548e+00
1.602728703481121730e+00
1.078201083768832058e+00
1.380906537835441483e+00
1.371893146183642775e+00
1.851478035179081827e+00
2.150703800346347006e+00
1.296152105122512666e+00
1.378889815024748389e+00
2.588162031463373758e+00
2.925663589684424082e+00
3.102312714338140598e+00
3.217978657380629492e+00
2.515580130717321339e+00
2.337458568621753940e+00
2.038944549473743262e+00
3.042926310833872883e+00
2.422149446672115847e+00
2.992955648877760222e+00
3.321587368361586634e+00
3.135097384216392946e+00
3.018429752556504475e+00
2.985316621470804233e+00
3.100417415029631307e+00
3.054096142758282006e+00
3.032902311453672617e+00
3.043258172055902655e+00
2.586959576584333398e+00
1.803040237919318223e+00
9.548089250418239082e-01
9.615574159850293068e-01
1.882180946567167723e+00
1.495936162622319987e+00
1.526618830200137111e+00
5.057908119020578797e-01
1.011403767423491029e+00
3.819456042123841044e-01
1.109289026003326406e-01
2.458509052711675413e-01
-9.086075475682211383e-03
1.363291359712278383e-01
-6.468437261117104993e-03
