-3.490996800116298593e-02
7.264561560321904921e-01
1.259818557283447493e+00
3.906883166208538483e-01
7.032373100941837103e-03
1.016191685473263107e+00
8.930456311524622715e-01
8.159719962182271358e-02
6.128155286658714118e-01
9.935144127355430843e-01
4.319904490506355429e-03
1.081117440547812864e-01
3.580142662860324454e-01
3.218275775219583412e-01
3.863754047416550347e-02
9.786823274738527534e-01
1.020211678625816187e+00
1.340009006146610115e+00
1.131762517597493911e+00
1.578746567826252445e+00
1.410872632633852541e+00
1.297229522515533695e+00
1.624908600369028289e+00
1.684315439016984772e+00
1.623221271818150679e+00
1.490562082375503472e+00
1.411341682048766089e+00
1.388048634144932958e+00
1.219940627906387798e+00
8.902687180806045930e-02
1.050802409851560482e+00
8.202607206013134977e-01
8.137092380292852978e-01
9.882776583497443479e-01
1.300608937219120076e+00
1.234501470694251868e+00
1.566851784453092478e+00
1.533864965113413081e+00
1.476821765483251836e+00
1.277213330965836668e+00
1.188365247982690942e+00
9.043062600196859480e-01
1.311841685393650536e+00
1.438557744787143156e+00
1.412286557827872935e+00
1.356132552246806622e+00
1.245612293600574239e+00
8.110064868986119890e-01
5.901443835556634543e-01
1.030153606457107962e+00
4.437706936816463443e-01
5.746436463156554542e-01
1.404553956260338188e+00
1.367249732809395102e+00
1.161443067831320342e+00
7.966374966236990929e-01
8.878765650097638629e-01
1.385613074653244237e+00
1.342737467569827370e+00
1.346186208497888837e+00
1.359770216406085641e+00
1.314071543165091338e+00
9.834259337133968160e-01
1.124212065648943604e+00
1.341079977133281087e+00
8.981573105960491965e-01
1.222922397185844057e+00
1.198512010555113694e+00
1.072685301078871500e+00
8.908202747594924364e-01
9.288480165170280856e-01
1.858327263167181553e-01
3.961048656170035320e-02
1.113626873809266726e+00
1.028553430173782868e+00
6.314072306895828213e-01
9.938770047694520660e-01
1.026657830451910058e+00
1.177129870040139803e+00
1.123960497487488830e+00
6.225078301709748851e-01
5.337427330643871315e-01
2.944982186894953280e-01
-3.635466306873351774e-03
4.660693797972841335e-01
8.656792550799851105e-01
9.566989856359554567e-01
1.056466620279988611e+00
6.110786396976086721e-01
6.821076865004085388e-01
5.110789114449948434e-01
5.718960752475383824e-01
9.845803637256878016e-01
1.187078176622161640e+00
1.267916493694899005e+00
1.188336342830106140e+00
9.967152402640482300e-01
1.115909600266182800e+00
9.382755437377616747e-01
3.610156264691001815e-01
9.865517510958629610e-02
9.302120577340315943e-01
8.445838556326459301e-01
1.215636970916367021e+00
9.982043404020359834e-01
1.061655862617179924e+00
1.217079586070597630e+00
1.017519069018046007e+00
6.637514958726744574e-01
1.027365061542393487e+00
6.123266041834779516e-01
5.773532445950289027e-01
5.841121381354273945e-01
9.351551345594751874e-01
8.883374907702099588e-01
9.958609516269355533e-01
1.019606873998503138e+00
1.006785539186198397e+00
9.259963773841011214e-01
4.216620309681962664e-01
6.968902451488545591e-01
9.565538736703210754e-01
9.804257483791640748e-01
8.608133746395432162e-01
8.653501233578398955e-01
7.882756270917585795e-01
4.362276780331701964e-01
8.870831888659783671e-01
8.463818811148678956e-01
9.693513255613641633e-01
1.067440920537706672e+00
9.294112966442269474e-01
5.697702590201511041e-01
4.585355667747837427e-01
1.084489528542626591e+00
6.285095354977204840e-01
5.442159209410913911e-01
6.939238893513595130e-01
7.954395547261775556e-01
3.244337313137282131e-01
-6.961934175869863295e-03
8.307105573469497628e-01
5.619611765410484905e-01
8.305288800649484049e-01
6.607727566011585285e-01
4.985980950098155562e-01
4.144187067397797075e-01
-1.879471990623533262e-01
-2.007766521660116488e-01
7.314468295461986624e-01
5.292073327862401033e-01
6.838423129908407505e-01
6.859210453001018948e-01
3.856825774092366710e-01
1.990901770241387814e-01
8.074334012958066520e-01
8.666254126776377076e-01
9.173017023527632041e-01
7.846983763447652471e-01
8.098503739381002209e-01
3.498373760664189591e-01
9.689175245471878806e-02
8.279844044565505268e-01
7.630299329717760148e-01
8.882741272201098992e-01
1.058555329423114255e+00
1.156227908837796470e+00
8.245540694127460046e-01
6.961588635835117556e-01
9.713519799510524910e-01
1.087465139308566808e+00
1.069870628604021379e+00
1.185844571456911911e+00
9.434995644285835148e-01
5.392075984222495233e-01
4.611114010339888436e-01
8.433646208559874013e-01
8.887629595885460088e-01
9.796593711810204219e-01
1.071398641853203992e+00
1.037669497766167570e+00
4.976189851383773788e-01
-1.979880211899812892e+00
1.316157842980104908e-01
4.513026130756333520e-01
4.628122349261674651e-01
8.850508791027451583e-01
8.980037808945754430e-01
5.758820101131175706e-01
7.227014253855446047e-01
9.754854446311151950e-01
8.731557944262299253e-01
6.431372596531440555e-01
8.362877959403207662e-01
8.948824409528175483e-01
1.422732807236207764e-01
-2.076024202971050725e-01
5.861749981897905748e-01
9.309060175146549598e-01
8.884008702853994910e-01
8.613199947453895611e-01
9.785058809666709045e-01
5.927276386467305036e-01
1.008288592673559358e-01
7.969030064205202546e-01
9.443309284460754682e-01
8.674471657904183619e-01
8.573627154066185696e-01
8.784454705859165990e-01
6.135172947004673416e-01
6.714140285325997937e-02
5.104023670245251276e-01
6.696216338590128547e-01
6.042451941456500331e-01
2.438872544295349054e-01
8.719337723893820780e-01
7.975270284056238390e-01
4.858481460358560766e-01
1.945410794153928369e-01
-2.137950218944818237e-01
7.698693012385442458e-01
8.302914931673009979e-01
8.090225416668767044e-01
6.058832888807941242e-01
4.011324298204573258e-01
9.025837766134650053e-01
6.985121108437799542e-01
9.989784217119814791e-01
1.006050462094968623e+00
9.985373495712054348e-01
5.821142625789732516e-01
6.403233220228307099e-01
1.046583037022162710e+00
1.066602125794175127e+00
1.139330465005527593e+00
1.232160970358818108e+00
1.040659062405974611e+00
8.234866315196232023e-01
9.571864819353650411e-01
9.334162350385242224e-01
1.045888498953306822e+00
1.035284093442113695e+00
9.527000848991661330e-01
9.996973151283421455e-01
8.375106828180816088e-01
5.740393772628848978e-01
9.305525483796428521e-01
9.099781353022666774e-01
9.125979564412913803e-01
8.990773389243083002e-01
8.468134736474642876e-01
6.316827395494510888e-01
5.438966129293473228e-01
9.764397798449506727e-01
1.104670341588831484e+00
1.018464613711676847e+00
1.004507270022178655e+00
9.362099794246154794e-01
7.338731891534853169e-01
6.090012381302033484e-01
8.499153061271420562e-01
-1.696435976397023607e-02
-9.681365315840215896e-03
6.086329873731813889e-01
9.335261420391646192e-01
8.343537348206566673e-01
4.243714670953039336e-01
2.293281405860888578e-01
1.049193053311141988e+00
1.044432691483279996e+00
8.386960898581994339e-01
9.497296776316777045e-01
6.424704111047663257e-01
4.554900217378918259e-01
9.901944715317434476e-01
1.026652134865664451e-01
1.920224852836854845e-01
7.464466360797277211e-01
5.323957777693950622e-01
2.663972333255455044e-02
7.784162597689572305e-01
8.850428937484442482e-01
1.037439096562505103e+00
1.407028620421637288e-01
9.406912461390478652e-01
7.107691992201391473e-01
-1.560957371902041771e-02
5.297296186327721257e-02
1.064424529218325421e+00
1.156649366913314214e+00
9.080082893549041856e-01
1.438598065429355088e-01
4.637116677115575847e-01
4.263377367803967144e-01
2.878692543088540723e-01
1.093197763631355013e+00
1.011423880402146258e+00
9.947527196990699760e-01
9.722709291801743259e-01
1.066673884493118507e+00
6.882379584580347043e-01
5.273920898294415932e-02
1.180057687426344232e-01
7.397774829857051149e-01
6.074916899396587411e-01
1.977149745344072285e-01
1.196793871630553174e-01
2.295113351986022288e-01
5.805022051503866409e-02
2.121821693446164503e-02
7.774546822590836515e-01
7.275908114476311583e-01
7.836368695982006694e-01
5.745337597477974123e-01
8.992970612975451639e-01
9.098186933755406658e-01
8.999956094128582773e-01
7.307423552875846190e-03
8.045235856889609849e-01
8.492707724502253086e-01
1.059925978476519592e+00
8.998181359602767104e-01
3.702519237735911461e-02
6.807300773637779967e-01
1.042067067460572094e+00
1.000050488050562958e+00
3.348878218508075100e-01
2.213065842852898063e-02
7.881194360327676840e-01
1.089291388917361214e+00
9.881854775043297234e-01
7.436371770668023240e-01
9.962969752738085605e-01
1.116607627617998144e+00
1.072593323695752776e+00
1.071247053368624247e+00
1.024462096614716877e+00
9.548075286586354959e-01
9.360678975750631459e-01
1.008263456534443492e+00
1.012973110621958828e+00
8.878472085221347232e-01
7.711691568303589150e-01
1.230409653675435394e-01
1.461551847105089230e-01
9.214657896105651336e-01
7.968310601485906197e-01
8.536358214929775645e-01
8.467084706659095961e-01
6.587021393671957936e-01
3.461532480532603095e-01
5.562670854727571612e-01
5.555412191915871656e-01
4.365694492867902565e-01
1.068695273481430619e-01
-1.596198325062451844e-03
-1.182302222411749104e-04
-6.086606081044176886e-02
-1.355048922303966341e-01
2.188316243611390655e-02
5.492925546137443771e-01
-1.211042554462377248e-02
-4.931315930546252384e-03
7.854989784686276788e-02
8.457759944147354159e-02
