4.773220202646866195e-01
8.319548000561691747e-01
2.416286371798564703e-01
4.342564655784492689e-01
1.687087945446259063e+00
1.573853985663968558e-01
-5.265774311977392680e-02
9.721156710670691981e-01
1.025806905438703787e+00
3.957846960353712529e-01
1.176201805978277060e+00
9.637640082600980040e-01
8.343410232784661540e-01
-5.621883241919786028e-02
2.477689054728866025e-01
8.697927899530212281e-01
6.011256949843919450e-01
2.437124039039999801e-01
6.034400775093349267e-01
2.697203546840383215e-01
-9.113231119883298537e-02
4.564587287539945137e-01
5.275668922188827548e-01
5.385907846601390991e-01
3.158684663889320676e-01
2.564425655561572981e-01
3.572298660963278416e-01
2.194701069258618575e-02
-4.180776920803959407e-02
8.247986744087504318e-01
4.245247143142991675e-01
3.119444238245562273e-01
7.758840076456989809e-01
-5.696590331659462381e-02
2.943204049021939106e-01
1.121491568149166063e-01
3.152267207393205650e-01
6.269796520339273593e-01
2.087740642469606001e-01
2.982017204795032739e-01
2.857315901801860125e-01
2.608107196577026943e-01
1.135300246576884109e-01
3.934381111778696982e-01
5.510727855752785009e-01
3.076419368550560307e-01
3.184548378321529483e-01
2.928629295668921384e-01
8.011809188936992454e-01
2.761554452612967614e-01
7.652786696999752669e-01
1.064272101120058878e+00
1.285320940855010363e-01
1.433220857629015077e-01
5.336426450104484603e-02
4.167501665949002732e-01
4.969541865094399546e-01
3.971572509921640903e-01
4.757738088911388497e-01
4.329893200847603207e-01
3.243576916848803782e-01
3.220060688461137688e-01
4.960575019598596758e-02
1.748183933593477624e-01
4.005974296681449331e-01
4.367686017074228211e-01
2.922186171546616862e-01
1.246052911808845365e-01
1.458581286276011135e-01
4.604633500544219049e-01
1.967880055204064560e-01
1.101854729752518747e+00
1.398363180345884915e+00
7.731077118554837702e-01
2.390229785901196724e-01
6.421564487060206217e-01
3.597615816320922089e-01
1.452259968457108863e-01
3.228576810851022105e-01
1.138709503254224237e-01
8.363151696477491015e-01
9.530757890762564521e-01
1.108410518042068027e+00
6.105194889633346333e-01
5.810904893943555916e-01
7.221359265810745054e-01
6.801333129628892582e-01
3.161798224520339096e-01
9.495530837424148718e-01
5.274519705228988276e-01
4.454073601739118038e-01
7.575395968239333477e-01
7.196712458765646137e-01
5.571267006131178645e-01
6.250191009825036836e-01
2.252253001154048140e-01
1.311625912902385227e-01
7.817084328366299961e-02
4.938995533958609463e-01
4.361680565112976415e-01
2.250754814460960151e+00
4.254757804814827127e-01
6.313571224522410708e-01
3.280802281786582841e-01
6.743171020445590247e-02
1.014899386465262926e-02
1.235183003775073285e-01
3.240459991130286155e-01
1.072449287676613183e+00
4.483870986017900462e-01
1.296530864295082797e+00
9.726333892378195012e-01
9.826785695536809362e-01
4.349682159585919194e-01
4.823581026900529145e-01
3.184046824721864510e-01
3.815210423152931019e-01
1.684008107053431846e-01
2.587387113328120658e-01
1.128364950460218896e+00
4.461485251269409757e-01
4.145782290895405064e-01
4.427311051640029360e-01
4.321342122093567162e-01
3.038014668893733727e-01
2.624315604399966584e-01
8.875604215375431094e-01
3.332642988255743455e-01
3.950820822860133252e-01
2.944256052859372530e-01
3.384467315290449196e-01
3.547056155235394082e-01
9.571697773000805709e-01
1.086682383486489378e+00
3.180658198048567642e-01
7.808261439657818714e-01
1.136059308042995708e+00
6.066604075442032507e-01
3.673674963082121381e-01
7.484186862071726676e-01
1.099506688701853863e+00
6.406321703508862653e-01
8.604693764921406141e-01
6.569930539453104901e-01
8.134946107315357278e-01
9.690605435683924407e-01
1.036904692907915981e+00
1.901336795695308446e+00
1.716288755800961408e+00
7.130658806513149317e-01
9.604683859470295459e-01
8.512501913570038603e-01
5.300357615301350966e-01
8.511982328977283352e-01
1.163779742436394038e+00
5.767130026306555024e-01
5.294187220290169638e-01
4.732403243475449828e-01
2.275993385873832098e-01
2.556844786564176908e-01
8.952716464449984590e-01
1.226978613763604731e+00
5.644706053929500200e-01
5.609151158142862137e-01
6.394741385938621514e-01
6.705658026746913469e-01
4.422667258145788205e-01
7.731763700887600566e-01
8.304984015762053584e-01
6.475896321989301763e-01
4.631485934049860975e-01
5.168593429384431559e-01
2.244256771256908922e-01
3.928920507106440363e-01
1.202340441454829323e+00
1.333199654886511265e+00
5.272730763053407044e-01
4.893632762512741263e-01
5.118169543946001765e-01
3.613887938719869686e-01
1.898127044546915887e-01
7.543846730890989560e-01
4.451443246887027527e+00
1.813541442637599310e+00
1.635301268161661881e+00
1.155198859737642580e+00
8.183840665066989262e-01
5.988558024773485977e-01
8.635820560498390641e-01
6.637747420385081698e-01
8.055718888458045512e-01
8.483552003565227873e-01
1.081779096020794695e+00
4.917181090522033671e-01
3.381854567851750315e-01
7.707750788739946568e-01
1.454977619325467320e+00
1.091383551693746679e+00
6.019297459142125550e-01
3.617688123693819646e-01
4.713818342615159196e-01
2.141562081179299581e-01
6.897960060144784356e-01
8.331062581140652457e-01
3.430067419401367501e-01
3.481607261604362513e-01
3.241036952871023669e-01
2.283126293503594251e-01
3.610375394733079113e-01
5.407072129476787614e-01
1.188426086539089654e+00
5.712950617454611857e-01
4.406943338159345358e-01
5.366017064559733818e-01
9.338170198654990317e-01
4.006345104329713247e-01
3.040129315327297355e-01
5.162157585875349897e-01
4.710954144734809113e-01
1.100544048868386859e+00
6.220753612073076644e-01
1.198148225741921147e+00
8.645430277243545403e-01
7.903999354847420777e-01
9.992764594690360935e-01
7.367915760408613179e-01
8.919251250970293698e-01
4.688686737642902003e-01
3.431994465919178117e-01
3.886783320859337754e-01
9.690393915427791827e-01
9.957808538480654725e-01
7.894150685763807740e-01
7.263659324552700358e-01
1.423601706989699789e+00
1.077315380818989921e+00
4.158101129924981487e-01
4.821240648865783296e-01
1.532460990161783332e-01
5.174618901344208988e-01
5.218738807105449684e-01
4.884114177544590096e-01
4.030585727019970199e-01
3.445945681154706786e-01
3.719835763661803463e-01
1.008680697445980989e+00
7.565851961511768087e-01
5.578352485488222712e-01
6.588981860926008682e-01
5.916562788730769240e-01
1.007311498971035224e+00
1.048823550347057987e+00
1.194671090393502055e+00
2.811785242622000691e+00
1.274175615855034360e+00
3.651608009920475628e-01
9.765671535248998669e-01
6.241110823946237618e-01
7.312331038964925423e-01
1.000317555549429915e+00
7.838509626841484446e-01
1.750405182553297356e+00
2.152465853132325080e+00
1.351201823589717410e+00
5.798504755731824778e-01
5.022142414322160464e-01
1.193050763202312847e+00
2.559020550179863740e+00
1.355249748446283764e+00
1.187187044391613266e+00
9.528632705636784772e-01
4.244935115096357126e-01
9.265734124028139895e-01
1.123434984588171925e+00
9.954677493397333654e-01
4.647159241602709656e-01
1.499846188597556251e+00
1.041346448055267437e+00
9.467693566950350359e-01
1.437505366492019654e+00
4.951374970450126978e-01
8.837479067810518618e-01
5.413788339307629149e-01
2.112677032840440283e+00
6.832984493427096684e-01
4.107191456697306675e-01
1.133157277932607343e+00
1.233841752543858972e+00
8.274298330478970787e-01
5.454157879897362227e-01
3.915191696590989978e-01
1.104506122763484033e+00
5.709918369880495614e-01
9.650765000429974982e-01
1.080580259377800889e+00
5.769075956338020061e-01
2.873301401964427071e-01
3.942883544915567473e-01
3.565922434571742183e-01
3.165033101384366887e-01
3.794829138366472843e-01
4.395777199827166637e-01
1.334071352254853515e+00
6.069387985159800936e-01
2.020167950539073637e-02
6.862764177918254660e-01
7.450110830181455590e-01
-1.457871653558491520e-01
5.618124512401357906e-01
1.258628327092043753e+00
5.380311231621633938e-01
4.132839486233190196e-01
3.355032133722468113e-01
5.474551666788146642e-01
4.211541987361264866e-02
1.934704191313855182e-01
2.891329645572437435e-01
1.054719917824205266e+00
3.473258169703696829e-01
4.963685348100168593e-01
2.547797137954606606e-01
-9.002667818750043072e-02
8.726908795503220961e-01
5.648702258267408460e-01
2.058185770802396508e-01
2.269050492243563644e-01
4.436997715433857459e-01
7.944369667221951037e-01
3.422892296209932850e-01
1.220179949246671808e-01
2.788529845426525600e-01
8.347151130013484854e-01
1.088612383143412243e+00
1.044381151419719655e+00
8.266871666787417583e-01
1.392275847088477458e-01
7.664798911571416018e-02
1.672817639082179730e-01
3.572436546015078096e-01
5.065995655207278237e-01
2.066243373307970754e-01
1.339719737346168893e-01
-3.091502964397015857e-02
6.127722158414659059e-01
9.521413938882211658e-01
2.690481091405305114e-01
1.484109604140056438e-01
2.959723832128095533e-01
1.552808404996192104e-01
2.161192467619257873e-02
3.087135582752015828e-01
3.976361260231989214e-01
2.696698993109182263e-01
2.499806998630397792e-01
4.572955902904821679e-01
4.232421118547354255e-01
5.866581280672081844e-01
3.921144322050924141e-02
2.283212997213306950e-01
3.676708682866154931e-01
1.358744206264348997e-01
4.063775108466327057e-01
2.196602162477646336e-01
6.115433843199712394e-01
1.539213928624930811e-02
