4.523974762040601783e-01
5.273933492577349558e-01
2.469723447314383646e-01
-2.616339432051587653e-09
1.690438709126951045e+00
1.066992547497302687e-08
-5.701734951810430192e-10
9.667018277665906378e-01
9.992339976884229147e-01
3.803242080422587490e-01
1.179929192862375631e+00
5.462650873557479692e-01
1.269810005012144153e-09
0.000000000000000000e+00
-2.381365192972333629e-09
-4.462574067795598783e-08
5.831404653185843223e-01
2.312752088650977256e-01
6.034400661914924857e-01
2.697198823307284665e-01
-2.942325810183623447e-08
4.564587176538713598e-01
5.275668745348556232e-01
5.385907708333389499e-01
3.158683863955015769e-01
2.757465840655228817e-01
3.568498587429151936e-01
-7.955931785624110500e-09
0.000000000000000000e+00
8.247981612484298619e-01
5.366154298408178023e-08
-1.944236768608004524e-09
7.758840534113630172e-01
-4.813431006295071007e-09
2.943203993386747652e-01
3.756030229859034254e-09
3.045495024794124816e-01
3.455026598046879710e-08
-1.591338696291470871e-10
1.218667993423860202e-01
1.362017248850860840e-01
3.782574284955714794e-01
7.218736925870551657e-02
3.810107771329888093e-01
8.760145917999198617e-02
3.263536476537622255e-09
2.407132178314233262e-01
-7.174027436016648685e-12
7.791934942896435734e-01
1.261246422294592939e-01
3.418926834776644386e-01
9.997410958444750140e-01
5.626451687729533587e-10
7.078313085645175640e-02
-6.576336006315268404e-09
1.711526721512163507e-01
5.033665645977042358e-01
1.245560671706425621e-01
1.157597107606847392e-01
3.724625989439851110e-06
1.926961228465045584e-01
1.095307927925910363e-01
1.462692986360868974e-01
2.863379872608122212e-01
4.005972250931860712e-01
4.590057729360416117e-01
2.960480502917849921e-01
1.317681463851937684e-01
8.996896906595822085e-02
3.518438950433186441e-01
1.167410803114909122e-09
5.734821304162801558e-01
1.273256587726988354e+00
4.805867529949701678e-01
4.413871896985648718e-02
5.598989843184906112e-01
3.911890783441087094e-01
1.706768136052375928e-01
1.162139631233305992e-01
5.214911738820521975e-02
6.470062647479067897e-01
6.633016489781693448e-01
7.351837717073737011e-01
4.822949096782531142e-01
4.387576902509384702e-01
9.458868428147375438e-10
4.535695238833198362e-01
2.248253082224616062e-01
7.794957215801594508e-01
4.804961703175187338e-01
3.210850722647746404e-08
5.533861055292363940e-01
5.029500658800452051e-01
2.638822738728724415e-01
2.896131788886099345e-01
2.194773500446341096e-08
2.065748663209044100e-01
5.273758240622329471e-08
4.938995371708377324e-01
4.361680695776424255e-01
1.399830513061389503e+00
2.144658192309615019e-01
6.082628520527210148e-01
2.146271069780807770e-08
8.206827711489132759e-02
5.043704345818916801e-02
6.256183217281731379e-02
6.315203805894879557e-07
8.493213464833102577e-01
1.523609941811367163e-01
1.158077706593277689e+00
9.726332723282735682e-01
9.826785357954517242e-01
2.032573989628049249e-01
3.527366253153478848e-01
2.472663919460066084e-01
2.592939854753667506e-01
1.525393800691593689e-08
2.432708377167875358e-01
1.128364756603521091e+00
5.486481229315040009e-01
1.829165536092606237e-01
3.481334744594350994e-01
3.495646965753053115e-01
1.561665166005856420e-01
3.377028490890505164e-01
8.875602350828047937e-01
1.739838295409963376e-01
3.048037711712053288e-01
2.490621685098970695e-01
1.382219696480085636e-01
8.772714762475153627e-08
9.571695237297234149e-01
1.086682387730026011e+00
1.009966420388833802e-01
4.706015164484813051e-01
9.611519372578067877e-01
6.066604080973280189e-01
1.682955322493884266e-08
7.487987383475390724e-01
1.099506594695382367e+00
5.138254911367514666e-01
5.141184260396248762e-01
5.477934832023636513e-01
8.134946002847109892e-01
9.690605354936535631e-01
1.036904690202165469e+00
1.901336806487795572e+00
1.736238704944603750e+00
3.891835267982610702e-01
9.783021372843353491e-01
4.860661587382188176e-02
4.531267488681952615e-01
8.511982703572930076e-01
1.163922111099995105e+00
4.747200599948744326e-01
2.493756671000975922e-01
2.743689045905099988e-01
2.275993264677729500e-01
1.865431621241023796e-01
8.952716620712475315e-01
1.226978398734401399e+00
4.280881906535137782e-01
4.380067722045639655e-01
4.412761922269685111e-01
4.948149233046102990e-01
3.810345166468538936e-01
7.731762676502116349e-01
8.304983256325136898e-01
5.808570357038287391e-01
3.409334818893073882e-01
4.862397844223567134e-01
5.061830979098781019e-02
2.257914689824448984e-01
1.203551692400754769e+00
1.333199550456509730e+00
4.318016068731750923e-01
4.136564429463659986e-01
3.467649055591792706e-01
2.729839810159474522e-01
2.555789881593580060e-02
7.543846736914803230e-01
4.665358836578787916e+00
1.156300986983342494e+00
1.487685688628143987e+00
1.155198836522229655e+00
6.733200508623000680e-01
6.207007719728113715e-01
8.842919621759368631e-01
6.637746381396512074e-01
7.041002354206546965e-01
8.483551349576192724e-01
1.037307732953431705e+00
4.917180909375456488e-01
3.647365245104470244e-01
7.707750186363514500e-01
1.514967445576747229e+00
1.076426485612615114e+00
5.964530182328015018e-01
3.609603841861849238e-01
4.244565115088353435e-01
5.615315762942155176e-02
7.052572556598465381e-01
9.111818190363769610e-01
2.207794436040457220e-01
8.720236386294406838e-02
2.192093459523206112e-01
2.421176760867093207e-07
2.395749428981703288e-01
5.407071324325075645e-01
1.218564834798705920e+00
1.691708793787351783e-01
1.344045776270476888e-01
1.472252409992281914e-07
6.322418194770752509e-01
2.589180780122083969e-01
3.859628809745162537e-01
4.769348575784084221e-01
2.785140063512561159e-01
9.924159003585310002e-01
9.171456117640969241e-02
9.569796265826037152e-01
8.645429914997933007e-01
7.903998570110164490e-01
9.992764580671048558e-01
6.320481041007880441e-01
7.873411063180489888e-01
2.793138169095756296e-01
2.016440954635088656e-01
3.557081840749757862e-01
9.690393905217582482e-01
9.957808581293419170e-01
6.156753614545473763e-01
6.395201918212956027e-01
1.272206488953922410e+00
8.349189774213794379e-01
3.851505568814669878e-01
4.821240655012580256e-01
1.528984946258272748e-01
5.095863435275659326e-01
4.209193021184558514e-01
3.275358064822679882e-01
2.602565670665226150e-01
2.349959295511373503e-01
3.719835767913365898e-01
9.722007012416189475e-01
6.283550968536495418e-01
5.013439722581928271e-01
5.637223331915260927e-01
4.510348135149171434e-01
8.437480001253382378e-01
1.048823239542391317e+00
1.107579784299349779e+00
2.728173647734214669e+00
1.168628306503260994e+00
2.755229241346500157e-01
6.399712926962682902e-01
4.666415601687254333e-01
7.768459623976013972e-01
1.000316171102493046e+00
2.326186457454082479e-01
9.675697264184078827e-01
1.281591748158434241e+00
1.235574936042775462e+00
3.036963925042754364e-01
3.851981179576466907e-01
1.042095540154201139e+00
2.382362632623180154e+00
1.308516302384870267e+00
3.951001511982690784e-01
7.998052820586182277e-01
2.452903994111857444e-01
9.204932235490778103e-01
1.067907345114850193e+00
9.473431830855848501e-01
4.032186310575865407e-01
9.499070767091721823e-01
9.094115667718729590e-01
3.923655554855624561e-01
9.051223561934033102e-01
4.951374178681938187e-01
8.762724942131308037e-01
1.137862847066611287e-09
1.063507653616830417e+00
6.523994813079202482e-01
2.073351281555335379e-01
9.066459248820901706e-01
1.092740338743784623e+00
7.507116332302158357e-01
3.513232415087532701e-01
1.508026122035497721e-07
1.071351154751743362e+00
5.436997822612046338e-01
4.434881420959058938e-08
8.602532141428503865e-01
5.076217607634995188e-01
3.050226728637081552e-01
3.493955726029149278e-01
3.396502451225502095e-01
1.080182389970729129e-01
6.750564862179397204e-09
4.133233587605199544e-01
1.334071373504301938e+00
6.922719931567317131e-01
6.033559889538746847e-09
6.742274481070543724e-01
4.704944566154174446e-01
1.902962746160593945e-11
4.977761435759470721e-01
1.258659840210586189e+00
4.600891662815090877e-01
3.616761061276588252e-01
3.395359030894798402e-01
6.024838481394356737e-01
6.247077571463694141e-08
2.066613406204484971e-01
1.266200381122609686e-01
1.054719737194576679e+00
3.268770528223010063e-01
4.963684607999601095e-01
2.483070569062892641e-01
3.294640011611644245e-08
8.779540025947490944e-01
5.648699659300626674e-01
2.196123757305518120e-01
2.075974018983300640e-01
4.529005019908991514e-01
7.962134587442408762e-01
3.422891561654688442e-01
6.534785409244328032e-08
2.486653188080368837e-01
8.437638587496991693e-01
1.091221597579712599e+00
1.064635182245070810e+00
8.705950771989708903e-01
1.419526418351295671e-01
5.035638280168553554e-02
1.708201982499236160e-01
3.572436411053873107e-01
5.174816552828741534e-01
2.269828160214427959e-01
1.350785485112229733e-01
3.082371101820521871e-09
6.127722101269975630e-01
9.521413930135407266e-01
2.699077372921421802e-01
1.484106264338131698e-01
2.931177242599017907e-01
1.366275106390427985e-01
-5.767752853515840039e-11
2.539948140567100943e-01
3.901157597942631616e-01
2.934103559990313137e-01
2.033904196081837701e-01
2.682897333359957059e-01
3.947832040674398857e-01
5.783455742953954593e-01
3.069750461655237211e-02
1.299124008749277526e-01
2.647660888298092666e-03
5.569581392579431300e-02
3.498440735142874791e-01
1.880358140239349052e-01
6.247358822616593255e-01
4.947375635279672686e-10
