5.533163871439512604e-01
9.830013127180213806e-01
2.578496770078592126e-01
6.322457181735535725e-01
1.698197616125316278e+00
4.553591816523203106e-01
5.193262635272941075e-02
9.748245971922120390e-01
1.070326497104947538e+00
3.997660072535342279e-01
1.192481041729228641e+00
1.032751124447935265e+00
8.848869369741808599e-01
1.122730910177955760e-01
3.757124066147475294e-01
3.274634506332875228e-01
8.220599358696543124e-01
4.892889398074855289e-02
4.176673466086016639e-01
2.968356656025705198e-01
3.264748314336508028e-01
7.740492607828991511e-01
3.534363436342276565e-01
5.204150512865721723e-01
3.723574790061936479e-01
4.435938665872218856e-01
2.245930148912489432e-01
6.535931662411694765e-01
5.861919860106109548e-01
3.364189380406417129e-01
4.999872604135415788e-01
4.680943567397284899e-01
3.783680531738873309e-01
2.976993881752839632e-01
3.283459062900331293e-01
4.188793684915843585e-01
4.760698151570539327e-01
2.960444245779094707e-01
1.715158818373002103e-01
1.465806315734230203e-01
6.611018515083458835e-01
3.591855904124700571e-01
1.184681390249804345e+00
1.426820409047013349e+00
8.246527878317567728e-01
4.943149354479858815e-01
9.280399491770269238e-01
7.699466246669224301e-01
6.039583217302790796e-01
7.248023404229753108e-01
2.390869543339863013e-01
2.524532157960494017e-01
1.703865219506139617e-01
5.068072432975574415e-01
5.078482809468494175e-01
2.310279793052323782e+00
4.267688521341390651e-01
7.420544109989754000e-01
4.207159105111218378e-01
2.527665556433394967e-01
6.945748821030838238e-01
5.031513692253114511e-01
5.205958254128456586e-01
4.592841707352949832e-01
3.524097257476705991e-01
3.379375802683878827e-01
9.282442818591601918e-01
3.769616828945383524e-01
4.510711660759892938e-01
3.595916784270529187e-01
3.706828091234219413e-01
4.010877825520491879e-01
9.571879921024039062e-01
1.094162737648214367e+00
3.567397709216655888e-01
9.704130345808944513e-01
6.004381577664553715e-01
8.582097787093381225e-01
1.166256939213577759e+00
6.937029867280669615e-01
7.684646279943583291e-01
5.261771441819057538e-01
2.445684640417853661e-01
2.762609968262266236e-01
9.009155904448011842e-01
1.244739004478712774e+00
5.883666743427244938e-01
5.872611807855390165e-01
6.486823645184099929e-01
7.951644953848072683e-01
7.910425586010263466e-01
4.979674618279063658e+00
1.830136301553968892e+00
1.682162742942359568e+00
1.233247851207252888e+00
8.416883601616954591e-01
6.758437895014380858e-01
8.917559163223910401e-01
7.101188044133651678e-01
8.402545550668993890e-01
8.711394714754880919e-01
1.169156346205654229e+00
5.646713741976333578e-01
3.915086578679308760e-01
8.139641749321141484e-01
5.258733036584234410e-01
6.010079261562983888e-01
1.157103310213998926e+00
4.798134009068074080e-01
4.005145062978783810e-01
5.559673060328254035e-01
8.290446338536489046e-01
1.133732464901449521e+00
7.209125294184794974e-01
1.296291300791676537e+00
9.975733333210123899e-01
8.507446327795602503e-01
1.031956407833642286e+00
8.324470778302079932e-01
8.930275467066396411e-01
3.573866776725240224e-01
3.740948187538907788e-01
1.008805753947695116e+00
8.444246784768761893e-01
6.195299510012589606e-01
8.120115920844335200e-01
6.828491573651686020e-01
1.135829109443998286e+00
1.111774631970441352e+00
1.239548373586823349e+00
2.984790796484019459e+00
1.281398261462475485e+00
3.704125622904260173e-01
1.114872647849274756e+00
7.978385379346869533e-01
1.143887969909793911e+00
1.014105268467274001e+00
6.939735007666992805e-01
1.510295734803833057e+00
1.044781766477359763e+00
1.029735943701120426e+00
1.472166062468175607e+00
7.185461802535445530e-01
9.108936000994115600e-01
6.176120235591389118e-01
2.138741969141584320e+00
7.672117120535505430e-01
6.579473059915854627e-01
1.146269958698557190e+00
1.383336747224413354e+00
2.476783086134157208e-01
6.928229067872192504e-01
8.186252223502199499e-01
2.408043510752246041e-01
6.116430101441918676e-01
1.414004437164282146e+00
6.294069767102316026e-01
4.622459431179953837e-01
4.249787385481748614e-01
6.400099238567308335e-01
2.296141114116598270e-01
2.502294019644671352e-01
3.080268462942796770e-01
1.056422608552914921e+00
3.585907336329965389e-01
9.237030494823708082e-01
1.684188032864527562e-01
1.364409970527576121e-01
2.096619327440320257e-01
3.572397916421981567e-01
5.213709783301748724e-01
2.531454472989732585e-01
1.757679905148898380e-01
3.088755307089023280e-02
6.193315630936587768e-01
9.561842957433417389e-01
2.719363977764824858e-01
1.732855807607378840e-01
3.195818067694181086e-01
