5.222068139456881308e-01
7.941042460888393384e-01
2.107698988707240595e-01
5.564342541696123412e-01
1.698089250246620052e+00
3.943625730522975492e-01
3.010400011146053475e-09
9.732065959206354089e-01
1.024444111616379161e+00
3.957807732141314094e-01
1.150975505326581994e+00
9.496925760858195842e-01
8.825016956258946443e-01
-1.007134665750217539e-01
1.477963064056433962e-01
2.148913374424246403e-01
7.775238318122541514e-01
2.102109764271212211e-02
3.881096240943597842e-01
2.914825355187171674e-01
3.152221914389698454e-01
6.550696013737330459e-01
2.563239112912124029e-01
3.327410422536081769e-01
2.880214249594875153e-01
3.854833130645823336e-01
1.276330354360651065e-01
4.061680537651164991e-01
5.060808726238358313e-01
2.281664968305437691e-01
4.465189740898487525e-01
3.762515468377665706e-01
2.735399368476179593e-01
2.730096379566131493e-01
2.243749382162003869e-01
4.005929297180383930e-01
4.590017009786543922e-01
2.791717745612248835e-01
6.947764347461311829e-02
1.429374955375021794e-01
3.518401449399554126e-01
9.497586816348516092e-02
1.061436061977559353e+00
1.365377546599355174e+00
3.217292697868721074e-01
2.484164539858934873e-01
8.614313472933160520e-01
7.012991847579517213e-01
5.112893286448005892e-01
6.195959047430035227e-01
1.883204904523964052e-01
2.442111556834098141e-01
1.481272355926550044e-01
4.939284065905126808e-01
5.059847581508843950e-01
2.258126273032123876e+00
3.443011814330877995e-01
6.313725911375714928e-01
3.274983550540117583e-01
2.456598333995778927e-01
3.072507468148221177e-01
4.523645690982668333e-01
5.033512609273713689e-01
3.642472159661932496e-01
3.083336702940732699e-01
3.321131602530335014e-01
8.874466750583173136e-01
3.719863972512905126e-01
3.801540859175481235e-01
2.829968860514120443e-01
2.707915565248090739e-01
3.486716457283917103e-01
9.571878983899687610e-01
1.086705242042038666e+00
2.670780990008783107e-01
7.971736354341265596e-01
5.357944276094485092e-01
8.425732567278654273e-01
1.158288461870536690e+00
5.558924804712397361e-01
6.255565923929038430e-01
4.769571820277516139e-01
2.388084151065267280e-01
2.303956592891213684e-01
8.913509626004846309e-01
1.227028685422840271e+00
5.718719069808696487e-01
5.386571734168793535e-01
5.891262021628792533e-01
5.355277737764831958e-01
7.868624508692435571e-01
4.633688066726800336e+00
1.418961120462463699e+00
1.064226675922173460e+00
1.165821043885010955e+00
8.363978796944793181e-01
5.624231944019320029e-01
8.843356830629670595e-01
6.638173723998710418e-01
8.158942943020829341e-01
8.529805115569610852e-01
1.071348238774981754e+00
4.917435318949846534e-01
3.451580079312249194e-01
7.735763270993155638e-01
2.619525563528784518e-01
5.120091861124000943e-01
6.317053128961118702e-01
4.517124196853897766e-01
3.951490243457247975e-01
4.768596196924694830e-01
4.203868597382734440e-01
1.083832690714704894e+00
6.658580838787112599e-01
9.570256465718792738e-01
8.645901795504566945e-01
7.904412315720579230e-01
9.993094912236297755e-01
6.320839233043967775e-01
8.919564767901511093e-01
3.391885533801535235e-01
3.720238120906242951e-01
1.008710670778326657e+00
7.325520716712083935e-01
5.791073310626845272e-01
6.825678911300587792e-01
6.293488793564101513e-01
9.956589541734510718e-01
1.048860687278664994e+00
1.194705690615129434e+00
2.797630928624454061e+00
1.256582472996443878e+00
3.607141631658765668e-01
9.357618864259598102e-01
7.149244081453808297e-01
1.132250352616923861e+00
9.893547441098479167e-01
5.857124928896063620e-01
1.499884057858861697e+00
9.854771260210104522e-01
6.579919133895960615e-01
1.401624343956838548e+00
4.918743112647545601e-01
8.636478530542338605e-01
4.075270272364270308e-01
2.097379572351691035e+00
7.378179511351545816e-01
5.362385884933505986e-01
1.118754738422891082e+00
1.304632091742722322e+00
1.071311457547308721e-01
6.742231732262239374e-01
7.248225163599985033e-01
-1.673484569181666465e-03
-2.242983541389912683e-01
1.258655499232409047e+00
4.749669486819528830e-01
4.315871463208029168e-01
3.327490127784114016e-01
6.024798081536110184e-01
1.890074496922238001e-01
2.403382845479308527e-01
2.891289957574287861e-01
1.054715744322796134e+00
3.472220075687608709e-01
8.078588180254118178e-01
1.611005780734146020e-01
6.812413058070883320e-02
1.724267056952399624e-01
3.279798264058085833e-01
5.171719600330292321e-01
1.654140049844964877e-01
1.635125317256407029e-01
6.424911788478620267e-09
6.063414826787126843e-01
9.485607654133711986e-01
2.392281250167619389e-01
1.587804659536592722e-01
2.944406029269655001e-01
