5.075098145784361359e-01
9.763488797792452267e-01
2.469684253386738304e-01
3.897689100826191577e-01
1.698088979024946488e+00
3.778793186413099137e-01
5.782285916215485244e-10
9.719344612971219100e-01
9.906610970009379624e-01
3.957807716214728488e-01
1.150975439921301469e+00
9.569055007115948586e-01
8.319476557991118959e-01
-1.237551053824413744e-01
2.083822221102337724e-01
-6.058453303686345270e-02
7.829620100851087949e-01
-6.557762907147170195e-02
3.871884202392590901e-01
2.914824694609739475e-01
2.912974145345088028e-01
6.617286458992498455e-01
2.563239102101477207e-01
3.012895037290405087e-01
2.931514476173187611e-01
3.782535631043946744e-01
1.535113146992554967e-01
3.929583125317318015e-01
4.491169229607189228e-01
2.872856158683081418e-01
4.169526465982732466e-01
3.762515643960524514e-01
2.681927463692682090e-01
2.616590106308889219e-01
2.902545789903335782e-01
4.005927494581325576e-01
4.185644670505667131e-01
2.960442839787651437e-01
1.487815028059873979e-01
1.402153509949899679e-01
3.826176702930896845e-01
8.116816880524459210e-02
1.069236849431658198e+00
1.205156424885243993e+00
7.342905360913077883e-01
3.295511187992953284e-01
1.804844197911782688e-01
3.509308267493924660e-01
5.399527994456371216e-01
6.345179626962441644e-01
2.212759259861867833e-01
1.870896537591096309e-01
1.630520434695016396e-01
5.067122448983136795e-01
3.311443625701673832e-01
1.960168766330851131e+00
3.299991822533447361e-01
6.002468242325049719e-01
1.740932704044113877e-01
-2.299313074799789330e-02
5.117976577812083372e-01
4.247471913146047551e-01
5.033511790865943247e-01
3.202127119199989491e-01
2.300076797494445824e-01
3.379375393498885716e-01
7.530427533658761163e-01
3.719863962688655379e-01
3.450049113386403077e-01
1.143195368515493582e-01
2.622898829495500239e-01
2.427100330565256092e-01
9.571880383374397061e-01
8.588663061450901859e-01
2.381094376144365643e-01
8.614972410168685313e-01
4.531771665562684404e-01
8.581989039774549077e-01
1.089196587853128007e+00
5.817133591659293668e-01
6.152980055865563402e-01
3.644281064277412052e-01
2.127784141894726311e-01
2.029728760304741197e-01
8.790722051083124100e-01
1.046467547983815471e+00
5.693930706246925766e-01
5.508014550818408628e-01
5.059907561211453020e-01
5.122883001897982069e-01
7.796083798326457481e-01
4.441598858090391566e+00
1.672852463843661708e+00
1.179594889464651075e+00
1.040390887224166283e+00
6.642383681849804988e-01
5.291866270222099766e-01
8.636259633692504600e-01
5.177072780152937037e-01
7.041462486669085585e-01
8.483995743092116459e-01
1.037336925896748641e+00
5.181336887924732348e-01
3.668999308479197197e-01
6.952957442190398352e-01
4.299874121829906359e-01
4.696401818820368779e-01
1.018230167066816128e+00
3.254422717035168611e-01
1.903230218261154350e-01
3.826825896870431620e-01
6.918216029895067898e-01
1.063414422503497603e+00
6.212971661600864559e-01
9.570256186732986059e-01
8.645901499645690658e-01
7.941936936078674014e-01
9.558884564495945257e-01
7.313711327908437587e-01
6.893999171071402143e-01
2.711012448158255927e-01
3.720237766373766242e-01
1.000030027684822409e+00
8.349875254275055392e-01
5.680875045498694487e-01
6.987718546851577894e-01
6.684996694101115189e-01
8.517537175120921678e-01
1.106834605384413361e+00
1.007870390142808770e+00
2.984790781687796990e+00
1.196785462268752820e+00
3.474851570018107072e-01
1.029978119844219719e+00
5.096280614126815767e-01
8.657108727129042558e-01
7.947454360002715879e-01
2.469353027248411686e-02
1.346532925965818972e+00
8.219220423460317226e-01
5.745442732885316373e-01
9.052112752591372491e-01
4.933184103299291245e-01
5.816752337179316168e-01
5.577223163300223385e-01
8.529339347572315599e-01
3.776166045858262432e-01
3.668635950990115635e-01
1.075281602485357313e+00
1.058683486002282459e+00
6.755505931111425999e-02
6.894973156870072284e-01
7.196925177844332167e-01
-1.642811983989442282e-01
5.788797125853982761e-01
1.258655506172559058e+00
4.056837306917422392e-01
4.065924179277481953e-01
3.260211558196921544e-01
6.024798751561675214e-01
2.044938327474315198e-01
2.419287809621880891e-01
2.757676341789015440e-01
1.056406599990857398e+00
3.441658889048293535e-01
8.271971765001916443e-01
1.613001679651886455e-01
9.781609951981597162e-02
1.672776752927331023e-01
3.572391767346333458e-01
4.685224526657401634e-01
2.315291277155864802e-01
1.339680217508470994e-01
-8.066842999524832802e-02
6.127681755571354749e-01
9.521375412624666357e-01
1.392588056125191875e-01
1.399041938928002882e-01
2.931134443425865155e-01
