5.016128451526787879e-01
9.225171308998243447e-01
2.416246940327985704e-01
5.522224661572826543e-01
1.693937686335836856e+00
3.446075684814067785e-01
-6.213102928549328607e-02
9.732065994746140758e-01
1.025802952465552087e+00
3.690715140338802769e-01
1.150975539201531062e+00
9.312863369044543926e-01
8.258866706426586379e-01
-2.155488331609255737e-01
2.173387729749629571e-01
2.943360449485482588e-01
7.987748000016462457e-01
-4.194504806412475799e-03
2.883644789735823055e-01
2.914825141078857818e-01
3.104034316761438150e-01
6.364259325967508429e-01
3.027282804654394255e-01
3.327410903663138297e-01
3.053733338050735879e-01
3.880860469735147866e-01
1.924240263745697621e-01
3.934333058251206494e-01
3.398073137962491774e-01
2.041571360217924458e-01
4.626333718800865191e-01
3.550683037154385158e-01
1.886474003030129687e-01
2.730095946967704967e-01
2.298339107407467719e-01
3.936579280618313081e-01
4.684576377441209694e-01
2.890360361651805321e-01
1.313224308217205705e-01
1.458540108006230185e-01
3.566185428445172723e-01
9.497586225182565178e-02
1.061436111132442628e+00
1.394061396535495101e+00
7.328102970913950021e-01
2.484164459548423576e-01
7.993789827237038903e-01
6.716685881516333279e-01
5.113887801907255337e-01
6.288945900539245626e-01
2.260726213200761892e-01
2.273162167417153989e-01
1.202783172594514699e-01
4.939284059034553254e-01
4.635134676204440418e-01
2.294760471101750632e+00
3.843548830933447014e-01
6.313725896579117647e-01
3.083207661384244069e-01
2.040018138369810163e-01
3.895088351747076905e-01
4.328041445098728679e-01
4.921689363630512015e-01
4.302816346259460412e-01
3.363187095171962793e-01
3.379375802730218981e-01
8.875891745709713065e-01
3.719863940709736694e-01
3.801540097607701285e-01
3.043633565890374038e-01
2.707917917801799801e-01
3.239806586801777244e-01
9.571880282642479809e-01
1.086705199806852429e+00
2.856648145012650186e-01
8.710177160145801123e-01
5.265252317307621555e-01
8.425733012208559414e-01
1.158288380733659473e+00
4.669958662677330397e-01
6.240365955635943651e-01
4.771586759564914182e-01
2.388084011843907839e-01
2.029729524981133681e-01
8.913508709499979865e-01
1.223323809372897975e+00
5.718719041221927979e-01
5.609670141693436918e-01
5.891261851355653612e-01
5.122883480476533302e-01
7.616638546430132273e-01
4.665388930526478184e+00
1.618722862354915248e+00
1.562492758168936735e+00
1.160976019107739177e+00
7.995072184747903377e-01
6.120846046158815446e-01
8.843358341791661692e-01
6.873536140843262698e-01
8.283698669044079477e-01
8.483995746520410774e-01
1.037336943239318243e+00
4.917435435406427024e-01
3.632280078186033156e-01
7.707023765822459405e-01
3.820690582999954343e-01
5.120091887706741396e-01
7.298714077644424814e-01
4.477878721336110424e-01
3.714914201974800489e-01
5.559183847064018691e-01
6.187390116962625530e-01
1.064123493302383761e+00
6.924621676540261284e-01
1.095622644008692248e+00
8.645901790582333213e-01
7.904412259994685330e-01
9.993095235727970094e-01
7.103454802009486757e-01
8.565984097837139322e-01
3.379401808621577130e-01
3.720238188667926993e-01
1.008710835257187410e+00
6.284016272894581423e-01
5.798748071961736805e-01
6.842560516292442996e-01
6.162040311420253769e-01
9.956589171853890141e-01
1.048860614281063031e+00
1.222711099888600605e+00
2.858689431741462617e+00
1.209018285131256754e+00
3.662391510243706017e-01
9.378152924389541178e-01
7.434405997923877463e-01
1.123471266251212963e+00
9.890407372600421576e-01
5.153448398935250863e-01
1.336592677653064332e+00
1.007584430597635805e+00
8.489462771262924479e-01
1.400340610664606356e+00
4.918743227244292693e-01
8.636478289335687286e-01
5.784871756458475067e-01
2.082985527204168630e+00
6.792961013178570040e-01
5.322915030767214617e-01
9.708446285677769794e-01
1.159007945934249051e+00
3.103649520663443948e-02
6.730356204444046808e-01
7.190463410669905020e-01
-1.930271584094388204e-02
4.683661882042540747e-01
1.325895078062592436e+00
4.749668988870444641e-01
3.744064178801412290e-01
3.260210615448203564e-01
6.024798639174586690e-01
1.915624571225009454e-01
1.909375348121340188e-01
2.891289933026454650e-01
1.056406593292797069e+00
3.482243252372926312e-01
8.159577448103878528e-01
1.611006607117215772e-01
9.255784494023146236e-02
1.738849365605642239e-01
2.980563184957900624e-01
4.699474711924521708e-01
2.159267979558500972e-01
1.574472848023009963e-01
-1.071354267994580195e-01
6.127682003223473561e-01
9.521375388430257658e-01
2.392281244996029843e-01
1.638014212651791313e-01
2.889142553273605918e-01
