5.169697394683793190e-01
8.853567912349751268e-01
2.394538572354244499e-01
5.906024648154366563e-01
1.698089080653381489e+00
6.546515854998606609e-02
3.440713392402543408e-09
9.693361564682754228e-01
9.868716583749437277e-01
3.957807539215268955e-01
1.150975273304493118e+00
9.569054346546504997e-01
8.297009010032263543e-01
-1.174614949785238588e-01
1.213445385681286015e-01
2.890297748727679306e-01
7.871371980788423039e-01
-4.467855785887778208e-03
3.946083811059820090e-01
2.434194487648823901e-01
3.095912593920698841e-01
5.909948323828615457e-01
2.861399025802750518e-01
3.327410530891423135e-01
2.848609889674736384e-01
3.628336366791651280e-01
1.952392381562389201e-01
3.929583070376908571e-01
3.802038566598300862e-01
2.041572568689035139e-01
4.487208848668566841e-01
3.696567354414824758e-01
2.783325566888278368e-01
2.730095945218139475e-01
3.083501196499529584e-01
3.936578940741159993e-01
4.571751833162365219e-01
2.960442838491078588e-01
1.246012133143735989e-01
1.402153846903851364e-01
3.518400579083703628e-01
8.116803304917923068e-02
1.122500476169188355e+00
1.342152815807405863e+00
7.328103031052716210e-01
2.539853509987634594e-01
8.717212562338969573e-01
6.350733337449325777e-01
5.399527096027358919e-01
6.345180051049220671e-01
2.252522659371754554e-01
1.757142788693420998e-01
1.170548915646553584e-01
4.940234034720074052e-01
4.362025508632214610e-01
2.277536662369312292e+00
3.492950393552050059e-01
6.204435345859473649e-01
3.138311529819999279e-01
2.456598909719724944e-01
2.005151692180734413e-01
3.472536279551414196e-01
3.561545417040224426e-01
3.037650068642508416e-01
3.363187155844696297e-01
3.379375839117457203e-01
8.875891477149068232e-01
3.645502014368497412e-01
3.842094120906223709e-01
2.830032393659762668e-01
2.545525137820143780e-01
3.616802763371536056e-01
9.571878590275647580e-01
1.086705233630284262e+00
2.856648283707918234e-01
8.987882380949090422e-01
5.357944592019641128e-01
8.512401223448184950e-01
1.163969233798113345e+00
5.844869751355692422e-01
6.193764517101502109e-01
4.769571373570300477e-01
2.388084051591479740e-01
2.029729235183428959e-01
8.913509565727490980e-01
1.223323790148747703e+00
5.718719451624587613e-01
5.592475509937371303e-01
6.255293880166358234e-01
6.336826111244788784e-01
7.616638543291318619e-01
4.703982750291902271e+00
1.618722770028822922e+00
1.510199866364492882e+00
1.046497346684535978e+00
6.790700675202734349e-01
6.207523062418065507e-01
8.636258565382055608e-01
3.882023299288667184e-01
7.600599991000710487e-01
8.538096849594295490e-01
1.037336937114643920e+00
4.917437150397422907e-01
3.453081341560665374e-01
7.735762405505411943e-01
4.004083509930848606e-01
5.438213562540658019e-01
7.689214171464426872e-01
4.536840595150616884e-01
3.714914198524176259e-01
3.512492746939852029e-01
5.892805029910740400e-01
1.090079049490566998e+00
6.680905943607805542e-01
9.279980080463448022e-01
8.645901492059587801e-01
7.904412078314000389e-01
9.993095238083467002e-01
6.320839776459387105e-01
8.310228574378388799e-01
3.459241096524795500e-01
3.720238161246938735e-01
9.999350664769459662e-01
7.682861635511611942e-01
5.798748061976577439e-01
6.939442595272979908e-01
6.162039737820441676e-01
1.008127001177068216e+00
1.048860608898726232e+00
1.222711112260868260e+00
2.755012465652797005e+00
1.256582470760394532e+00
3.607141497221031945e-01
9.344003030895727813e-01
7.321534961906224215e-01
8.863741787703991459e-01
9.759110112553971428e-01
5.249703163274597184e-01
9.047299838473842337e-01
1.007584433050936701e+00
8.688718780856456991e-01
1.113251378187309459e+00
5.909429299347218612e-01
8.750334366759774385e-01
5.750576792451828068e-01
2.111356444222247219e+00
7.344741902032009273e-01
4.493440980690595055e-01
1.009129245181436874e+00
1.082177179866885774e+00
4.329522937704047975e-02
6.784871093081372706e-01
6.095832978099133825e-01
-3.081775367019260956e-02
5.695697145421321217e-01
1.258655504133112890e+00
4.749669337390413637e-01
4.167562386057597767e-01
3.260211358084183497e-01
6.024797926328793185e-01
2.247303915457471435e-01
2.403381324115182183e-01
2.757676131680585896e-01
1.056406557978325500e+00
3.472220080475416637e-01
7.988055185586150353e-01
1.557954911555390898e-01
1.076979210257559411e-01
1.605516150944676645e-01
3.189690747879012078e-01
4.699474722321263509e-01
2.315292512123465762e-01
1.350747763239228405e-01
-9.413749549007041639e-02
6.182486284125502385e-01
9.521374071406213391e-01
2.482395968630868033e-01
1.604809936569359663e-01
2.932916045277388362e-01
