5.136968299779832714e-01
9.763471800041274573e-01
2.416246620904105580e-01
5.602268229548169609e-01
1.693937650349387258e+00
1.746439335178699148e-01
-1.637392638227619032e-02
9.694740104024162086e-01
9.962624048235187990e-01
3.997659520034331782e-01
1.150975500361810511e+00
9.624392713700261615e-01
8.381362711388373743e-01
-1.434135014295494781e-01
8.921544304678749593e-02
2.414879751521667450e-01
7.871372829103596702e-01
2.763572790771627943e-02
3.812365035224686838e-01
2.434194597420595019e-01
3.095912774986655513e-01
6.305456104685548402e-01
2.563239154999384373e-01
3.327410429435610495e-01
2.723828244060753079e-01
3.693602970949489417e-01
1.276330299419073666e-01
4.061680406274118527e-01
4.491169643423139624e-01
2.739819625490512167e-01
4.465190253349167748e-01
3.550681932162857990e-01
3.086747337725319063e-01
2.730095948321207833e-01
2.861454218185957021e-01
4.005929297032397862e-01
4.373088672359806695e-01
2.943379433926244237e-01
1.027749594454115123e-01
1.429375414756161311e-01
3.566185492484473252e-01
9.497586163294016726e-02
1.113071673965740693e+00
1.392282698532721685e+00
7.698246717942803796e-01
2.264154835797067000e-01
1.184820094537844537e-01
6.118613989992687241e-01
5.215896229478673707e-01
6.345179635571406296e-01
2.192604905275081784e-01
2.273162545198040563e-01
1.481272322684202003e-01
4.939284054329496354e-01
4.286800648194890040e-01
2.223724961284196944e+00
3.287294345467857148e-01
6.082585041382621016e-01
3.201313978855430120e-01
2.456598367560469953e-01
3.702760181849441001e-01
4.115654169386815386e-01
5.042556738271003480e-01
3.806183743571721623e-01
3.047908702878485698e-01
3.319136546449484859e-01
7.965499808893022893e-01
3.739817297933041296e-01
3.801539925735442638e-01
3.040871847923986016e-01
3.333295902277390588e-01
3.425855305153540642e-01
9.571878839526783977e-01
1.086705115487516693e+00
2.873954832917879898e-01
8.710177061355379724e-01
5.289498297731027865e-01
8.512401502227390226e-01
9.768823056966182694e-01
5.948591173033072055e-01
6.193765044873964509e-01
3.830744103013478674e-01
2.388084035526327753e-01
2.071731814265831417e-01
8.913509502918184335e-01
1.227028822234178529e+00
5.622883839918959570e-01
5.609671761664982714e-01
6.231543973846592754e-01
6.344405108469802768e-01
7.616638610420182198e-01
4.083200252468778046e+00
1.440639764435842407e+00
1.635339803029666195e+00
1.160976066467556800e+00
8.363978805853855558e-01
6.207523317331078427e-01
8.636258381101871162e-01
6.873535995940124321e-01
8.078725989914501415e-01
8.483995779214046351e-01
1.054033188487488282e+00
4.917435246075859134e-01
3.451580035566009785e-01
7.735763351730228221e-01
4.178274291769691895e-01
5.120091871234240255e-01
9.331981798552412277e-01
4.453299213445470195e-01
3.951490377621185157e-01
5.153880923516611645e-01
7.862122875485858531e-01
1.058759005773214801e+00
6.599257983809172501e-01
9.570256740682748786e-01
8.645901805437299359e-01
7.904412226217074622e-01
9.993098569616972737e-01
7.204991465180061727e-01
8.808407987006472428e-01
3.391885772707711744e-01
3.720238122703223294e-01
1.008710841068626296e+00
7.640141633662234089e-01
5.688997087305074363e-01
7.478567484304720070e-01
6.796470196252365481e-01
9.956589187327946622e-01
1.106834588136885511e+00
1.222711107057820490e+00
2.853284442550334976e+00
1.276993853838340520e+00
3.672312311294584353e-01
8.523822637931481871e-01
7.401246600155301225e-01
9.460893893800533805e-01
9.893547237025774876e-01
5.153448445016478585e-01
1.490766768940335885e+00
1.016433362947652741e+00
7.923091285128220917e-01
1.087757460638612894e+00
4.936893489599497586e-01
8.554257207094019266e-01
3.515012818318269394e-01
2.137026287060103780e+00
6.696345757941333243e-01
4.689377931721201431e-01
1.138475116285061706e+00
1.311486606293809087e+00
6.152295789511325746e-02
6.730357235574673247e-01
7.190465225798858828e-01
1.040711533398944524e-02
5.629609126281571729e-01
1.322088926451588042e+00
4.749669501596070487e-01
4.328564191091810454e-01
3.232709123000226392e-01
6.024798737715857389e-01
2.278816366396052839e-01
2.403381549145640617e-01
2.011572563920590306e-01
9.293369400503391775e-01
3.473218277512043484e-01
8.556344794293188061e-01
1.568255558320444942e-01
7.485267913846914423e-02
1.672776970756355286e-01
3.279797042794704298e-01
4.699474700398012517e-01
2.282280045741712227e-01
1.350747849507687171e-01
7.605948362046355208e-10
6.127682106366788561e-01
9.485607809331252360e-01
2.482388393619329447e-01
1.638013898831565118e-01
2.893965810996992905e-01
