5.151268770191381741e-01
9.159669506812357920e-01
2.207020817727379791e-01
5.669765556032796416e-01
1.693937778665727034e+00
2.265992424716701814e-01
4.810894193922196373e-09
9.719826542154369475e-01
9.962626632586123465e-01
3.758545235075281821e-01
1.150975526182444808e+00
9.164900185159300383e-01
8.246659009039796207e-01
-6.235030561408236305e-02
2.135692885509229422e-01
3.267745484743029838e-01
7.871372224144715934e-01
-3.784703906982732347e-02
3.946084485068585557e-01
2.434194537679908454e-01
3.017189191654255365e-01
4.621599725647264623e-01
2.503101118362787147e-01
2.214686126145923861e-01
3.053733199165906687e-01
3.459974759348504736e-01
1.276330396137956569e-01
4.067380498583932358e-01
4.491169416805829151e-01
2.041572393253226481e-01
4.487208879708911025e-01
3.668087149032902006e-01
2.735398790412824077e-01
2.730096103615618497e-01
2.396973862270626865e-01
3.936579309284701789e-01
4.185644665071654447e-01
2.922146954332085489e-01
1.246012030434483914e-01
1.402178762728794603e-01
3.518400509329587256e-01
2.601843708062152380e-07
1.113071701113470757e+00
1.342152785818938820e+00
7.698246864780976528e-01
2.484164461783615885e-01
6.871994480836485231e-01
1.856273454501020381e-01
5.113887758813473461e-01
6.345101557812583559e-01
2.252522601296149396e-01
2.273162182147399346e-01
3.599969461853475688e-02
4.674471532490030445e-01
4.362025001425828830e-01
1.973269091099851602e+00
3.287294196651169842e-01
6.960642778753016735e-01
2.962340105142450830e-01
2.096603683568737941e-01
5.458102800305186797e-01
4.147194506932356250e-01
5.027641621616957268e-01
4.161019580061780521e-01
3.042326025068931017e-01
3.321131502554577342e-01
8.875885449891455226e-01
1.510906399811688672e-01
3.801539915979773032e-01
3.263179315647907752e-01
3.220643207382373752e-01
3.542359199218649279e-01
9.571879724605387718e-01
1.086705190523041376e+00
2.873954747691044864e-01
8.987882391860444464e-01
5.296688314805750863e-01
8.425732931532431413e-01
1.163969287257051288e+00
4.669958402136089037e-01
6.240365777711909256e-01
4.759175438354931731e-01
2.388084073316398825e-01
2.029729033303551977e-01
8.913509592646584601e-01
1.227028826173760745e+00
5.426392114385971688e-01
5.260499317113662698e-01
6.255293437183295779e-01
5.444269874398658393e-01
7.616638483125773851e-01
4.703982746029658379e+00
1.782141935329694782e+00
1.564597130026803784e+00
1.028473734943435414e+00
7.995072163147569633e-01
6.308419053526712617e-01
8.636258084906899279e-01
6.873536219142426518e-01
8.056162805668233284e-01
8.538097037335133921e-01
1.037336940188220424e+00
4.917435376603328523e-01
3.663262933269907373e-01
7.708213369592236131e-01
4.604790810344973617e-01
5.366552841317212552e-01
7.889917803456889533e-01
4.533878004299337072e-01
3.951486639273995571e-01
3.512492738333344300e-01
5.695621953483901434e-01
1.053144038955254214e+00
6.680905423325740333e-01
1.205349849464497858e+00
8.645901782849557682e-01
7.941936948078061054e-01
9.993095162748892868e-01
7.279220327930764345e-01
8.808408004273230452e-01
3.373325996118800574e-01
3.720238119146953570e-01
1.008710837021408624e+00
8.349875137574780393e-01
5.949519477839583237e-01
7.215986904687957670e-01
6.162040814597556926e-01
1.004518314025552694e+00
1.106834602339143103e+00
1.222711122237822634e+00
2.858689162054523614e+00
1.276993929449935061e+00
3.472565322762521389e-01
1.021026514495216864e+00
7.450003454877786035e-01
1.143887913083287522e+00
9.893547468602419404e-01
5.743402481529523707e-01
1.466078887143087206e+00
1.004178596161614756e+00
7.838386917650668195e-01
1.086593693093711011e+00
6.733639756200691107e-01
8.652770673150225189e-01
5.362620639349184870e-01
2.138509123180581728e+00
7.492258043475646945e-01
4.296642974615310084e-01
1.121630477086220656e+00
1.245565830617404224e+00
1.040483192524625233e-01
6.730357368565538234e-01
6.500082832078210027e-01
5.021787197833087885e-02
5.695697195925638612e-01
1.258655342836567437e+00
4.749669474973385319e-01
3.604029477734117526e-01
3.260211312409674322e-01
6.024798673657468795e-01
1.890072318944666097e-01
2.403381377606223779e-01
2.757676423792842502e-01
8.835510915355447858e-01
3.472220697752063101e-01
8.010000179051902647e-01
1.519765092138091744e-01
9.699460593492943705e-02
1.708021987138138853e-01
3.279798136220763993e-01
4.699474630763063043e-01
2.305697005888664441e-01
1.574472202776026619e-01
0.000000000000000000e+00
6.063414794954298248e-01
9.521374569724652126e-01
2.392280766781552381e-01
1.533165826837296353e-01
2.932910141133347470e-01
