5.136968431722497286e-01
9.244718115628993704e-01
2.416246849768411975e-01
5.056619539791492590e-01
1.693968847463917404e+00
1.346292255383906844e-01
1.027696261751930018e-02
9.719343806825725407e-01
1.017233982335112641e+00
3.758538408642045914e-01
1.155587128529969032e+00
9.636315025188881833e-01
8.319476529809564092e-01
-9.898157310347038829e-02
1.877681880084320076e-01
2.644662030027793431e-01
7.987746428528667009e-01
-2.013626888676438992e-02
3.881099219554371982e-01
2.869532043404889876e-01
2.888745096909224874e-01
5.887440776454120339e-01
3.274224321094214019e-01
3.327410248285271877e-01
3.053732828776506980e-01
3.854834892364148446e-01
1.909201816756372072e-01
4.067379819309276945e-01
3.398073110701840815e-01
2.356288590234686953e-01
4.212123798964141907e-01
3.550681971144423743e-01
2.735398685434128341e-01
2.616590152373711731e-01
3.010188741108555943e-01
4.005929308031179747e-01
4.185644722024943198e-01
2.960442131010955213e-01
1.027749499476619949e-01
1.357939422000308816e-01
3.518403631933354481e-01
2.389181837242426998e-01
1.125846441629002381e+00
1.392282722512443893e+00
7.342424249547276904e-01
3.295511205138352273e-01
7.115825789439726989e-01
7.441916998515802906e-01
5.508195103607861354e-01
6.311432772798460933e-01
1.812374581918519412e-01
1.562176905028228868e-01
-2.214413350078942022e-02
4.939284068534113836e-01
4.362025127856398177e-01
1.122042953149827937e+00
4.185382676621538511e-01
6.204434945051080508e-01
2.852745643629415184e-01
2.096602700046542866e-01
6.945747838124344264e-01
4.115654246978464603e-01
4.921694167580688006e-01
3.708504885891584779e-01
3.071315761520116983e-01
3.379375835785231041e-01
8.875891355996943233e-01
3.718841658983544352e-01
3.801539917576982064e-01
2.855720621395377856e-01
2.784010520402046551e-01
3.305482674193985781e-01
9.571878936152045103e-01
1.086705243372922292e+00
2.856648118310043949e-01
8.710177232404511249e-01
5.289498321170287287e-01
8.512401483605753771e-01
1.158288453093719417e+00
5.691851279779129857e-01
6.208965683234040078e-01
4.759175481133057217e-01
2.388084138650898858e-01
2.303956703192464317e-01
8.913509653109441544e-01
1.227028826074396450e+00
5.862216588849650245e-01
5.386571688391383894e-01
5.894060404696149780e-01
5.050367880071479076e-01
7.616638442903985728e-01
4.633687380397318201e+00
1.797905696821042509e+00
1.407307942281428081e+00
7.846356713756887924e-01
8.184201164852628052e-01
6.308418943908692400e-01
8.636258507913501248e-01
6.638173725553822013e-01
8.199896543323021980e-01
8.483995828879916656e-01
1.037336940664360663e+00
4.917435841387559625e-01
3.632279892602681137e-01
7.708213371916908807e-01
4.521215697229787334e-01
5.441734781745465321e-01
6.440532882538198001e-01
4.582763303124293697e-01
3.714914200823443147e-01
3.512492370146467202e-01
5.896629337615705291e-01
1.068303604442564225e+00
6.700514820349927625e-01
1.205349790520568343e+00
9.230683617731555435e-01
7.904412205157266280e-01
9.993095210383448057e-01
7.368244942586302804e-01
8.581297499783332450e-01
3.391886927454660916e-01
3.720238164142215531e-01
9.999350584794327590e-01
7.725080079809878431e-01
5.949518401434891191e-01
6.927864509837040607e-01
6.162040825852316273e-01
1.009562808674499657e+00
1.106834570389094052e+00
1.194705686396361655e+00
2.735758091405724457e+00
1.256582468411982179e+00
3.569651459345726252e-01
8.052107041065195148e-01
6.893533736481717300e-01
1.125866470010805642e+00
9.874826779900892637e-01
6.004958698034804643e-01
1.373192806301839708e+00
1.004769320837201274e+00
8.520435653231077655e-01
1.103897117502987912e+00
4.936893516937241322e-01
8.537964782471224590e-01
5.701868007020314266e-01
2.057049363106211004e+00
6.940484829078137352e-01
5.179403195875442734e-01
1.077761876870754865e+00
1.304632029922937475e+00
7.913194003755345818e-02
6.742232024208663077e-01
7.190465177945923880e-01
4.782121221418812740e-02
5.594303518232608408e-01
1.231631521852684319e+00
5.391907723509777872e-01
2.425048719370973827e-01
3.232708894519009113e-01
5.873861725576940973e-01
1.190215595835246581e-01
2.413310214804584297e-01
2.538962841205149035e-01
1.056406582470893696e+00
2.539059326574756859e-01
8.266831810480607112e-01
1.515204608355618099e-01
1.129562244744276855e-01
1.599436880890624801e-01
3.572397001487810364e-01
4.699474292574829515e-01
2.282280029664702781e-01
1.350747863353655986e-01
1.272694694630156716e-08
6.127681081296229015e-01
9.485607827843617335e-01
2.482388629757149301e-01
1.405310492964190194e-01
2.959682656936499789e-01
