4.925696261448269109e-01
9.159660118076136115e-01
2.416246653042138093e-01
4.747910098341445728e-01
1.694046316152963083e+00
8.548635790653175137e-02
-8.533423813677655241e-09
9.719342538233108897e-01
9.962626630167298325e-01
3.766776643270307035e-01
1.150975471948904705e+00
9.010656808633459303e-01
8.149569238447690323e-01
-1.112253389000736337e-01
1.597339469309687066e-01
3.119450721061265974e-01
7.829619540349643803e-01
-4.807291320162342813e-02
3.077465577603000213e-01
2.294734450908219037e-01
3.152221906455074940e-01
6.437739103053944367e-01
2.433968877956273202e-01
2.330380123461999464e-01
3.053733432231734435e-01
3.459974741825946887e-01
1.535113269325764085e-01
4.067380527669632317e-01
4.491169648398987135e-01
1.941822769433842188e-01
4.487208708612938080e-01
3.975174092655621716e-01
2.735399044192525220e-01
2.616590230245072757e-01
2.872825953587477832e-01
3.978317096216001936e-01
4.185644831899727469e-01
2.922146964938268088e-01
1.027749550035224335e-01
1.458540371904225308e-01
3.566185411637697311e-01
2.536308382475471745e-01
1.113071709311024504e+00
1.337622534516123896e+00
7.073071804171530141e-01
3.587952418923580633e-01
5.964054586080793641e-01
7.250852099661757588e-01
5.457835568417228611e-01
6.535142232889468161e-01
2.192602544381727359e-01
2.031864513401226702e-01
1.052931953490610917e-01
4.940234056056103662e-01
4.362025143253102089e-01
2.258126222042796005e+00
4.170395408925650638e-01
6.305387727075955073e-01
3.441753450228767774e-01
2.385111508822432280e-01
6.945748375500563343e-01
4.328041444116855208e-01
4.921689329772783172e-01
4.161019578484265180e-01
3.363187167354888540e-01
3.377380851948428298e-01
7.965500123164541701e-01
3.745264931733071623e-01
3.801539360549133217e-01
2.855720653786495422e-01
2.707915012315523229e-01
3.812886146976721125e-01
9.571879067579625033e-01
1.086705155586266347e+00
2.856648243458956848e-01
8.326274480794393362e-01
5.296688195147808420e-01
8.512400342547195020e-01
1.155961385847178891e+00
5.691851046112613721e-01
6.240362564763226594e-01
4.759175667007628507e-01
1.989618167949545047e-01
2.029729012413657718e-01
8.953105143593576010e-01
1.223323698742897481e+00
5.718719048285325623e-01
5.722271424765766890e-01
5.891261880494116365e-01
6.152759933925259217e-01
7.616638582193532292e-01
4.443232882856810839e+00
1.793354544149025953e+00
1.677772487960355052e+00
1.108294559155255543e+00
8.238578385077519606e-01
6.207523060229285239e-01
8.843358034698444170e-01
6.873535771667033112e-01
8.158942833331244149e-01
8.483995792110404777e-01
1.037336941119609390e+00
5.175322496307231956e-01
3.632473573733676631e-01
7.745292053021023415e-01
4.179261497182605867e-01
4.996097102713651372e-01
1.025186814391494616e+00
4.533878095729813040e-01
3.951490332054323762e-01
3.512492679822639130e-01
1.763270087523364504e-01
1.083264251166665249e+00
6.599260296810713911e-01
9.570256399004400949e-01
8.645901741018011677e-01
7.904412237073029646e-01
9.993095195581471746e-01
7.077181224089184042e-01
8.808408003456518198e-01
3.459219755186517253e-01
3.720238156603026813e-01
1.008710839835905482e+00
7.179530706073081747e-01
6.195299311401850639e-01
6.825678378830971615e-01
6.162040774173277446e-01
1.038263651992475500e+00
1.106834569773978760e+00
1.194705680013166349e+00
2.886047084457890488e+00
1.186963848390666376e+00
3.607141442764552619e-01
1.005178509681433852e+00
7.207077807439239425e-01
1.125866473731700346e+00
9.893547414780581306e-01
5.655554699894900228e-01
1.490766771016560632e+00
1.007584434274834573e+00
8.719498430729717420e-01
1.401624397733141958e+00
5.919528849468799203e-01
8.762685177410192150e-01
5.784871411761061122e-01
2.137159267493807580e+00
7.344741206669881395e-01
4.636701891488942961e-01
1.138812378198595709e+00
1.102721087297212632e+00
3.962820318172664141e-02
6.742232758510338098e-01
7.195927732202656024e-01
2.777561975061203572e-02
5.594303504755745449e-01
1.300739626102648705e+00
4.749669601935152530e-01
4.127800161344329366e-01
3.232709081182433830e-01
5.930983761208867833e-01
1.164944366044790708e-01
2.403381536462996237e-01
2.891289632285855005e-01
1.015620117017230539e+00
3.268730598541357835e-01
8.159577486007916214e-01
1.589677797294595796e-01
9.781609814034815387e-02
1.672777031712838480e-01
3.191064974250253372e-01
4.699474669815055794e-01
2.337354315222084089e-01
1.300177410300588920e-01
0.000000000000000000e+00
6.127681583629672746e-01
9.521375424159862488e-01
2.392281191875614554e-01
1.587806378697796117e-01
2.889145137668515662e-01
