4.908730583422393212e-01
9.763488076042384778e-01
2.183116639234787271e-01
5.568305342991058948e-01
1.693937743185008005e+00
3.077368847938922181e-01
4.745742398423388016e-08
9.719344865377800291e-01
1.017233912854939915e+00
3.997658203638941310e-01
1.150975532108248656e+00
9.312863511768109115e-01
8.526815432392262917e-01
-2.155488692783991689e-01
2.083823265887167209e-01
2.497953430675275421e-01
7.829619360499182612e-01
2.380728995009300658e-02
3.657966098059710625e-01
2.840382511986521141e-01
3.095912782351659676e-01
6.617286494047013301e-01
3.204875432542437785e-01
1.356781296285682614e-01
2.482077815737270265e-01
3.854834747167196207e-01
1.306876588207034617e-01
4.067382533033224723e-01
4.534236041288299268e-01
2.897938921861177852e-01
4.331946192513947969e-01
2.521639943762392089e-01
2.464491326628863721e-01
2.730095983888775057e-01
2.739476679529913583e-01
3.936579134154286619e-01
4.621082034039428743e-01
2.890360395014492378e-01
1.027751951076598669e-01
1.458538542185452147e-01
4.974927184657478296e-01
9.497585224845628282e-02
1.113071738829352730e+00
1.401634797379039732e+00
7.326084822611149683e-01
2.484164280362139710e-01
4.311229259726387930e-01
7.691781779679027764e-01
5.455576587122895615e-01
6.478287813601412148e-01
2.340312639514460502e-01
2.273162520411947107e-01
1.144454271676500490e-01
4.939284065619738429e-01
5.075055577377144411e-01
2.288167134402441238e+00
4.170395460233124463e-01
6.305387752525959399e-01
3.083207896282694760e-01
2.525527661084089326e-01
6.646561631095945222e-01
4.328041450031080428e-01
5.033511747125631874e-01
3.037650506292417507e-01
3.404200186866727096e-01
3.321131513723485917e-01
8.875891247622188507e-01
3.666406609844885534e-01
2.726234962667368755e-01
2.889867633681380554e-01
2.372803214502809954e-01
3.461355757310283221e-01
9.571880402609994620e-01
1.094162712453440323e+00
2.856648062498432505e-01
8.648586098459123406e-01
5.296688184473478112e-01
8.425733182434843593e-01
1.155961400167527131e+00
5.795573238080284906e-01
6.208964579532548766e-01
4.613378077839334623e-01
2.388084295867628770e-01
2.438652978334306942e-01
8.913509579023684015e-01
1.223323788288144920e+00
5.694596069774118252e-01
5.349935470789726200e-01
5.891261822431778095e-01
6.571268181153194776e-01
7.616638219477543936e-01
4.703982761618425990e+00
1.580440271130193919e+00
1.562859157919603170e+00
1.122030462226483616e+00
8.294285077771482717e-01
6.207523053770821475e-01
8.636258492388622088e-01
6.873536217317897101e-01
7.565392700971176332e-01
8.565698727797356193e-01
1.098750374988709089e+00
5.254189888838155520e-01
3.725434090929510278e-01
7.735763668716055808e-01
4.239340139217222525e-01
5.496485553807415325e-01
7.904697581815677276e-01
4.477878774968483966e-01
3.714914401760127105e-01
3.512492815420726888e-01
1.972176045989491588e-01
1.058624742825200249e+00
6.680905972205585241e-01
9.570256425539728218e-01
8.645901755827586355e-01
7.904412302739292073e-01
1.027762007270505595e+00
6.320841825721341678e-01
7.873750325169063258e-01
3.373325504738293734e-01
3.720238154294208677e-01
7.481820534502422460e-01
6.284016826450782300e-01
5.791073300050528783e-01
6.939442529193742271e-01
6.069605878974090318e-01
9.828684725832388391e-01
1.111774484512065841e+00
1.194705682472841035e+00
2.858689422127767887e+00
1.276993919103189379e+00
3.570895570783952921e-01
9.179522382591470686e-01
6.128893672304150941e-01
1.132250452781868200e+00
9.798555445918061269e-01
5.112107524700246763e-01
1.499884066871284727e+00
1.004178697311565394e+00
7.516639175823239816e-01
8.389851386767263053e-01
6.731999214886820182e-01
8.339729447417861818e-01
5.784871653739205311e-01
2.135273610404269551e+00
7.344741121735506306e-01
4.636703904092941420e-01
1.137947776348426032e+00
1.224386960365392740e+00
1.091271091252402764e-01
6.831950182196927512e-01
7.190465104802928886e-01
5.922719176939019586e-02
2.407185070028324270e-01
1.258655447409912087e+00
4.749669483629045397e-01
4.491476856049859689e-01
3.232709049834217585e-01
6.024798833155793343e-01
1.778529546378072035e-01
2.403381603758752427e-01
2.757676380123749160e-01
1.015619863611496143e+00
3.473218225191038733e-01
8.266779027691079085e-01
1.611901041596649209e-01
1.076979774924709810e-01
1.641329580717298120e-01
3.189690704366838769e-01
4.699474648150590017e-01
2.189142473483637885e-01
1.574472862605273416e-01
2.838902851254320000e-09
5.032592537852651482e-01
9.521375304525353522e-01
2.392280854239518806e-01
1.377772398888728045e-01
3.032657325898047707e-01
