1.479687043525615940e-02
5.501982018032582911e-01
1.251197959722089026e+00
3.187725224411976366e-01
7.855745533866540509e-01
1.073609680942025246e+00
8.678552487690356365e-01
5.316260515280333276e-01
7.226282743138691123e-01
1.019926910250605001e+00
2.950003591979550865e-01
4.531720030055308435e-01
4.914369285492834472e-01
5.595701752887098923e-01
3.017768301535051489e-01
1.042091888085934226e+00
1.605914515171070089e+00
1.426639404923106369e+00
1.661371681690865909e+00
1.699849776076022501e+00
1.504213516773613479e+00
1.595159204718302082e+00
1.738240404935154304e+00
1.721343835434349101e+00
1.653619591331886962e+00
1.544417861521008462e+00
1.517789343596067653e+00
1.397378706836835960e+00
1.406236004103332382e+00
1.343021904731606986e+00
1.505925172269639845e+00
1.320420439160583159e+00
1.425572533046627566e+00
1.319349613721346515e+00
1.476992691033327754e+00
1.284238895783776035e+00
1.561635340159334806e+00
1.551938624918107301e+00
1.567979919918193410e+00
1.644119640577002883e+00
1.508739195065733174e+00
1.447999525363318885e+00
1.359664940246945841e+00
1.443201296993185778e+00
1.424461926246832544e+00
1.401305232346709895e+00
1.426038832847299043e+00
1.211301557086231329e+00
1.041033454795355251e+00
1.121727151630378838e+00
1.215355272875102255e+00
1.479902718463906863e+00
1.411032259119980647e+00
1.443437013719674589e+00
1.427351195076449253e+00
1.384002649629808124e+00
1.028493944792610248e+00
1.413688539578915382e+00
1.500725857394785034e+00
1.447053038497826627e+00
1.564652379314345643e+00
1.585917067074029685e+00
1.331946888490524561e+00
1.372385313455006806e+00
1.496123165175410330e+00
1.387064145752395339e+00
1.267720925603736060e+00
1.197558937753451680e+00
1.125460304598216554e+00
1.191194276204143865e+00
8.733565478560758599e-01
2.854774427968073125e-01
5.834204695577981381e-01
1.327370471973190247e+00
1.059818515528650806e+00
9.503277825178444438e-01
1.011055806825539083e+00
1.035514264211016000e+00
1.188430385665750766e+00
1.131422743220615423e+00
8.310907967626318671e-01
7.266310258305480607e-01
4.764556646602604029e-01
1.149550564328414293e-01
6.123569415409573224e-01
1.030212838646998641e+00
1.152490230129314730e+00
1.084073997579252602e+00
8.088379101110402258e-01
6.956299303197949202e-01
5.350223563873699462e-01
6.067544139572004225e-01
1.163505333775545658e+00
1.252266590137882218e+00
1.346757745067769019e+00
1.251381819977988474e+00
1.189555826511255132e+00
1.113030824409365627e+00
9.187621120526379137e-01
3.770085807257856914e-01
8.432496358956735882e-01
8.442348764216103252e-01
9.547465732442828035e-01
1.273663365883566101e+00
9.846528222675042796e-01
1.038463873371580970e+00
1.155200265275451610e+00
1.050516301212108594e+00
1.064395774904220993e+00
1.074432755869807465e+00
1.137464142732226735e+00
7.788245619607377934e-01
6.665777885795607371e-01
9.473800075663422193e-01
1.024707724304811496e+00
1.075107868504517672e+00
1.035284557360082403e+00
1.022716238236505593e+00
9.467419933318165226e-01
4.839156045565381481e-01
6.852902005027834420e-01
9.758627631533205449e-01
9.266201382504266615e-01
8.467796512671185161e-01
9.303203745350552278e-01
8.319016586696261761e-01
6.275658878776949612e-01
9.001597976506658938e-01
9.456580158422871474e-01
9.209001696204280885e-01
9.966338713207723021e-01
9.615164906721443971e-01
5.630418618419290588e-01
3.883006260602528958e-01
8.228886729069836425e-01
7.143253853658276809e-01
7.868389595939062620e-01
6.846704069715836560e-01
7.577400195980757980e-01
2.922773535349399432e-01
6.423410733357440283e-02
8.361400092446921173e-01
6.355676995087310432e-01
8.105795094723056149e-01
6.346026624586231790e-01
4.465373991006336696e-01
3.702171045066443567e-01
1.702841754647860528e-01
6.987591523753490519e-02
6.779468723693607979e-01
5.766757682090775106e-01
5.991852074336857514e-01
6.498873359229757618e-01
3.750744739120558391e-01
2.623121466817049940e-01
7.572218508783001845e-01
7.223500928532406995e-01
7.787090963007645694e-01
7.832673394036537839e-01
8.001443770835419134e-01
4.658680044461224745e-01
2.371183037717340403e-01
9.085849926360753948e-01
8.743992198931438420e-01
9.060102852491953573e-01
1.054104870125672111e+00
1.167985450182754903e+00
8.764674466947293130e-01
7.178722823133067976e-01
9.959748786118883812e-01
1.083140689376589139e+00
1.117267162069306430e+00
1.152730465936610438e+00
1.002975022511630732e+00
5.709063193807021319e-01
3.576143718898264767e-01
7.694586558635809759e-01
9.406927845547101708e-01
9.651396577310427105e-01
1.058776021183769345e+00
9.405926559016511979e-01
2.673777441346266714e-01
-5.014044533739203668e-01
5.315552469535642643e-01
8.239516374957839284e-01
7.156668252288460597e-01
9.495605815169452235e-01
8.537586689704700360e-01
6.172570252708754479e-01
7.379494685696896816e-01
1.021335008604543182e+00
9.224802542112210402e-01
9.139645276328074441e-01
9.328889763518577460e-01
8.021556069566273539e-01
1.378523774158939841e-01
-1.777891525760497693e-01
6.821912529634044375e-01
8.257319770184281538e-01
7.999119563328880300e-01
8.424546141309181557e-01
8.225734249400065146e-01
6.115737164265095949e-01
9.264288839128488606e-02
8.038052351471361989e-01
8.027685375807285251e-01
8.950017949496400504e-01
7.815353044073439781e-01
8.877231959910054648e-01
5.980978786811828041e-01
2.164361171920769211e-01
4.749754550830765920e-01
6.644025783151428222e-01
5.994994776445168316e-01
3.285795458402037683e-01
8.574788760925735609e-01
7.007282069270933667e-01
5.449908611885662807e-02
3.908318211664137953e-01
5.358450508922036892e-01
8.170239270335858395e-01
8.464824126579161279e-01
8.416774842204681750e-01
5.892881232552036330e-01
4.097969328526553379e-01
7.526033068110579149e-01
8.482691561314489315e-01
9.284094662684798660e-01
9.213715551223558009e-01
8.740762411329145998e-01
4.886886348957613091e-01
6.812522256477506755e-01
1.033339765095411256e+00
1.021452144560585751e+00
1.126880416994778145e+00
1.180576119711788108e+00
1.043211309375901008e+00
9.077924679173619005e-01
7.262836113558458484e-01
9.003061993175377475e-01
9.670913240448050230e-01
9.638024990571967265e-01
9.523382398685841244e-01
9.207911418811095539e-01
8.347764385969760337e-01
5.275794547357891551e-01
6.852596009113747222e-01
7.291194355470824728e-01
8.279281786824730371e-01
8.793153674498560557e-01
8.880120962715780664e-01
7.820439924889164285e-01
5.460760293525133147e-01
9.096334423857805884e-01
8.603086751886226402e-01
9.303645678310483724e-01
7.982209045088510813e-01
8.069376654160375084e-01
7.250910929936940086e-01
5.591338979981175239e-01
5.973940254331049360e-01
6.390408275109485392e-02
1.424116930970394379e-01
5.776042354945921664e-01
4.653797704697312798e-01
8.815051148701225081e-01
2.579963508223231394e-01
4.128701475900455331e-01
1.092578014568132527e+00
1.015746947409751577e+00
6.909620849124409325e-01
6.670764980384755738e-01
8.013250181071305267e-01
3.888840921872114276e-01
1.000255002149024852e+00
2.079200616780697286e-01
4.459429938017329675e-01
7.778992182533857047e-01
7.562960877989723940e-01
2.711424849212326071e-01
7.944078400232760240e-01
8.732972212543315127e-01
1.001431368863045179e+00
3.453608127709940634e-01
1.063662091319214298e+00
7.951989024849344112e-01
2.202201668863123796e-01
2.793621211151732231e-01
1.096151673370401314e+00
1.006177332418539461e+00
2.874097145240332996e-01
2.980478131745090131e-01
4.413578924765051981e-01
3.188713889073354069e-01
5.093926195975483351e-01
1.056138524912330734e+00
1.013607254097135701e+00
8.106826276691109223e-01
1.073450836799849206e+00
7.736023453948570605e-01
4.761599634289030991e-01
1.301144115380196142e-01
4.174362558383046817e-01
8.170879048162508207e-01
2.554280520122177434e-01
4.777143562225832918e-01
3.084190973151066384e-01
2.329657843459146949e-01
1.698967645567077134e-01
1.605340670874914610e-01
8.042249369053688923e-01
8.282022989758293097e-01
8.751440282158828854e-01
7.172408169051776028e-01
9.031722138449076454e-01
7.994502814155068915e-01
7.913457793908027504e-01
2.973170170657505884e-01
8.206050699029353579e-01
9.452910081083649718e-01
1.097801961131913862e+00
8.507078447949495414e-01
2.303806545005552264e-01
7.046354633306547433e-01
1.043078176434536708e+00
1.011129672342803598e+00
5.421322924901237350e-01
3.931337574543600222e-01
8.485663351881608252e-01
1.110337214278150686e+00
9.892380066070187716e-01
9.012552171481075236e-01
1.013858082223256574e+00
1.183594032554500686e+00
1.129766204216316128e+00
1.105388021264158471e+00
1.022086258416807558e+00
9.800446801692996868e-01
9.916327787182266373e-01
1.076667722903717372e+00
9.860190123498171477e-01
9.396475396039384309e-01
7.455168742178244212e-01
3.931112056591071768e-01
4.314265973569478829e-01
8.635707964953430738e-01
8.346706375743844220e-01
8.295796285410252935e-01
8.619102952393182804e-01
6.860700642407669969e-01
5.102505637761878265e-01
6.805131665451511491e-01
7.094805289089061162e-01
5.187516331640880107e-01
2.190113914939983697e-01
2.033649421949780545e-01
1.659085850055786737e-01
2.445783100696044370e-03
-6.959165841183161116e-03
2.061118166607177615e-01
5.538381494529778237e-01
1.086279073197086442e-01
1.188268069373963343e-01
3.075553941492583654e-01
8.157593001567306490e-02
