2.896855444086104403e-01
8.595660295532147055e-01
2.110766435958510712e-01
9.018151062328908507e-01
1.028322066470555463e+00
3.213148885916972675e-01
-2.698264156790156944e-03
7.417324923749306631e-01
1.041586943697033307e+00
4.196181443168571779e-01
1.208319479483249026e+00
1.021617359434244809e+00
8.865133841884574872e-01
-5.016625787820240545e-02
3.917440642598602474e-01
9.370587560292410467e-01
3.623238239665068083e-01
2.322040000321358433e-01
3.308048499215555660e-01
2.427693094725678624e-01
-2.280660722588318326e-02
1.448460116551825161e-01
4.420075431425853907e-01
4.805628431478484730e-01
2.913656345209359455e-01
2.189349749553867741e-01
2.843803170528986790e-01
9.235866792557557992e-02
2.359205022728677603e-01
6.015115667233736918e-01
1.531572050068354951e-01
3.470553832942527839e-01
2.085433454312650425e-01
3.346508752070480042e-01
1.307717763859503335e-01
3.050382069952333741e-01
3.163548025106701078e-01
4.978156545669161770e-01
1.495475601416937361e-01
3.835496496404155464e-01
1.213401409316187257e-01
1.123416841707893382e-01
1.998209033358520070e-01
5.676723389885829363e-01
3.398114927179720079e-01
1.801111140306356773e-01
5.964582791468796968e-02
3.816514088971557639e-01
3.332320829103022630e-01
2.314764345990986405e-01
2.900714177770821189e-01
2.388916524257232027e-02
1.522515634489170766e-01
7.579373431059997779e-02
6.827576410096555803e-02
5.696398176652886503e-02
6.308739956548752303e-01
3.415033075401970875e-01
1.815273698838214267e-01
2.028855183009022067e-01
3.403523358272146915e-01
1.482654305399685735e-01
3.060136829797797109e-01
2.306131674130764420e-01
2.782744288045641556e-01
3.617986688924791361e-01
2.323914889251385840e-01
1.527347636303283684e-01
1.010857024849069474e-01
2.155246358242869642e-01
3.627250562518765098e-01
9.862462592165311959e-01
1.335004152183560944e+00
2.525112431186422035e-01
2.867965288345684094e-01
4.828809197378665652e-01
4.307136029849299996e-01
2.607557086187504147e-01
2.943575531764979214e-01
1.393681012293095933e-01
5.460409369738952190e-01
8.613609230682692797e-01
8.606664306286996302e-01
6.801223533584871417e-01
4.738900282874305980e-01
7.909613776909814042e-01
3.874547223565668053e-01
2.191567104077588868e-01
7.295487148547186163e-01
8.220303135325260913e-01
4.538571836509032731e-01
8.870229714462459780e-01
6.419471764317796758e-01
5.360853837341759132e-01
4.625305163474905390e-01
1.127032983976240799e-01
1.661322112938146967e-01
2.119544513029352484e-01
4.849864997580890513e-01
7.030155759348803990e-01
1.443174312783293445e+00
4.573933264132586385e-01
7.611364427309251779e-01
2.717581348522152829e-01
2.769527468747074450e-01
1.653798998046338287e-01
5.033911867384727179e-01
3.898765396438859110e-01
1.869978942581694559e-01
4.112231784221331288e-01
2.953264109283224026e-01
6.418874612417810877e-01
6.870405313190408592e-01
5.444676236966352612e-01
3.779273689106024681e-01
3.669702318503200722e-01
1.312369976657692672e-01
2.030752814118182703e-01
2.174068917339226914e-01
8.887099110561929027e-01
5.570090377903421652e-01
4.795774962503482897e-01
5.194084377285711485e-01
3.717661730535475328e-01
2.499591086351172775e-01
2.491783998969238079e-01
5.361508403991747107e-01
1.593016499374191319e-01
7.454129108998283626e-02
3.201424161727268181e-01
4.207035066936236634e-01
-3.079962340974517002e-02
7.478888003645675076e-01
8.874996981393331597e-01
3.159726386420138033e-01
8.495919718374824736e-01
7.816030783619135613e-01
5.153044266068863566e-01
2.493661907774925857e-01
7.296878683399549148e-01
9.686488804047750367e-01
5.064602453641775526e-02
7.686473360124917997e-01
5.912544714794312067e-02
5.382868207851960740e-01
7.476169175306289771e-01
8.922698071289384414e-01
1.001029711352781515e+00
9.777596483302387620e-01
6.683724288687148407e-01
9.637949401349160672e-01
6.759863237126603197e-01
3.874232605300251819e-01
6.544167242584966182e-01
9.679615423837839572e-01
2.614365339158188917e-01
2.812653578441608460e-01
2.384688066304565535e-01
1.726546851490090018e-01
2.156228033853857529e-01
6.973736591655517181e-01
1.025547047476783824e+00
3.055529724850040152e-01
3.197749068794085159e-01
3.814506000238035432e-01
3.166607532604260866e-01
3.601688036076647892e-01
6.439749831843220029e-01
6.229500175947007001e-01
5.285825537092857518e-01
3.693894385213275511e-01
4.718011703473740104e-01
2.316261494588640335e-01
3.420118713210492656e-01
8.468067936790703021e-01
1.028266666631547421e+00
5.461496209705822835e-01
3.171073552698386311e-01
2.238465889677179188e-01
1.457996365839490938e-02
2.109843405928163995e-01
8.211629772491139123e-01
1.643551272883873482e+00
1.280236190759280523e+00
6.726824461937462862e-01
6.790561103268760723e-01
3.635613372234849372e-01
2.803500301144967177e-01
6.963481402330693459e-01
5.648081339887526253e-01
5.466728694010688505e-01
2.934873362435562738e-01
3.349759176350089462e-01
3.549802376869206078e-01
2.413876235294546146e-01
7.667261809195416999e-01
1.338829914106341556e+00
8.630403758199769459e-01
7.815050196806211380e-01
2.574590897091999508e-01
4.891621746866552933e-01
1.793299742462304558e-01
4.013008850757124324e-01
8.508499838339608212e-01
1.564795040496135825e-01
2.950049642073824252e-01
1.680102055460500343e-01
2.097977640156205303e-01
1.861129365376786582e-01
5.097850288492838944e-01
7.987460800827080876e-01
5.122651888050098190e-01
4.019468465273582369e-01
1.587146188831880800e-01
1.027602039332678352e+00
2.414525467786532709e-01
1.254724166612371239e-01
6.760579903332315510e-01
8.836316154369660003e-01
3.975995237254057457e-01
3.719375668467326812e-01
2.267509956984113395e-01
5.348879700593628383e-01
8.475669875858380387e-01
9.497337016179576707e-01
4.249909511811501006e-01
4.908620449996725643e-01
4.041000362277707980e-01
1.739474365798261424e-01
1.783858838897592891e-01
9.948412558105831360e-01
8.909486264092838503e-01
3.511792377096198958e-01
5.552587115115850125e-01
1.268193047116450201e+00
9.215054742811329413e-01
2.292899197706200209e-01
2.027163837692800841e-01
4.750411013923147019e-01
3.888711409336827463e-01
4.646616863738721737e-01
3.136693272437428570e-01
2.283617704146067851e-01
3.280481061590692082e-01
3.399936945285653156e-01
7.642797665074464453e-01
7.335132566146408406e-01
5.397377846339547203e-01
6.343183626929279617e-01
4.737256422083281349e-01
6.032438166036110383e-01
7.254823195509952916e-01
9.169833157656995803e-01
8.336904693871063365e-01
5.188427742420883559e-01
3.103999616558744679e-01
4.964743536819697933e-01
3.373731511257291871e-01
5.391796866686532352e-01
7.773702194149780809e-01
8.846631969489976433e-01
1.847999966914667391e+00
1.469478240807417624e+00
8.102324400291519568e-01
9.876659262811100515e-01
4.453918367087140728e-01
9.646497338246876607e-01
1.377801916167145313e+00
2.806704519494435668e-01
2.292224193689200717e-01
8.300567113582989487e-01
7.405819798181181302e-01
5.443430789192011954e-01
9.588011098742712512e-01
5.589863405236784599e-01
1.348480208506424916e+00
1.083363584979940120e+00
4.706280682638112611e-01
6.757857292421449724e-01
8.763206011507037596e-01
4.991870162803804800e-01
9.549715326417347327e-01
3.987816672046602395e-01
1.607237896760497442e+00
4.967473998760019716e-01
4.857854386518274392e-01
9.033158897345935356e-01
1.286704865199898906e+00
8.575775811335314414e-01
3.574404796212179991e-01
9.854906760322805770e-01
1.074210050728029220e+00
7.404214914568075789e-01
7.511935284008586233e-01
7.494504555860047601e-01
2.980562476606599676e-01
3.077376541763100493e-01
5.667411008334589662e-01
3.003465123805929005e-01
7.483408380206474364e-01
3.607112952057970334e-01
4.633081613359797402e-01
9.189889979739794823e-01
6.336939426590353364e-01
6.843440897141204182e-01
7.898343875216823351e-01
7.846700997674700417e-01
2.924511421862526980e-02
4.172901178835192182e-01
9.831649129233107631e-01
5.889030936346588696e-01
3.339533279434350188e-01
2.887315084985858649e-01
5.578304003014047385e-01
1.528734519193392441e-02
1.118682529130442596e-02
1.497549187329406395e-01
9.179426922198435923e-01
3.697010231331783747e-01
2.140762120464691498e-01
1.550262631330139307e-01
1.215272343694442578e-02
7.148611992644703372e-01
4.890902983746698851e-01
8.260743405915522974e-02
5.845182205366895173e-02
8.705329635319979387e-01
9.622087706183559686e-01
2.670397428827466779e-01
4.322047310401421448e-03
2.111526740074634589e-01
5.223107188609417140e-01
7.875400112905938110e-01
8.505812236742800181e-01
6.447478286055855490e-01
6.908652133562578901e-02
-1.527222268331257793e-01
8.960930188069796132e-02
2.177543520107477482e-01
3.568072270444995753e-01
8.884368856969059036e-02
-1.455677635803106010e-02
-1.932661934073924281e-01
2.643593974894180576e-01
8.911345983880391008e-01
3.449786024636315729e-02
4.772514744794525976e-02
2.349293641779338637e-01
7.713385923905573260e-02
8.853012312289683383e-02
4.168552768045382106e-01
3.105282869214855967e-01
1.338605785188456687e-01
3.131703464330014564e-01
4.168987764996798795e-01
4.503215662471652392e-01
3.190449296300101323e-01
2.967071242750545651e-02
1.728054928112129074e-01
2.198750420733449895e-01
-1.211730018634741765e-02
4.205208948140827241e-01
1.813625599448236980e-01
3.873132969715133989e-01
1.374863033534078627e-01
