-3.503178080790711468e-02
6.786977197109524962e-01
1.315511057865835332e+00
3.712979489234911057e-01
1.990166486874944685e-03
9.448485812453413235e-01
8.725213640527884618e-01
8.061912595111650481e-02
6.053345553622595521e-01
9.954588124998753340e-01
4.076807045026883264e-03
5.482092346936484617e-02
1.256991553564418551e-01
3.567741586600573500e-01
3.076360504215811323e-02
6.710287505987032608e-01
1.014110245068295502e+00
1.318427785588816459e+00
1.131762706463298684e+00
1.573485015728059544e+00
1.412971840536135781e+00
1.292810958821200451e+00
1.628016701092479313e+00
1.678989647720083411e+00
1.646915976350727062e+00
1.494609746569854014e+00
1.405835447692507678e+00
1.389349162952993932e+00
1.221780280108004213e+00
8.902695854829367761e-02
1.058059398954709796e+00
8.247948713022162925e-01
8.137093525689915730e-01
9.685781972184208666e-01
1.198732888769167504e+00
1.246334360694231647e+00
1.566907727166177988e+00
1.520685495901958006e+00
1.449067611958783530e+00
1.244288855630234281e+00
1.177410501170967905e+00
8.880891437253165543e-01
1.289612157574869578e+00
1.425091028880712596e+00
1.397143356927929680e+00
1.364282255174551484e+00
1.247210300086786239e+00
7.874729433723181016e-01
6.273497091553095206e-01
1.030047452317477852e+00
3.488065537827260698e-01
5.511038977340252387e-01
1.405435230721211681e+00
1.385215991629945353e+00
1.164775619556635888e+00
7.962126662661326293e-01
8.886505446685613041e-01
1.367177480045754567e+00
1.338189383208913341e+00
1.304655123740714018e+00
1.324464463715453233e+00
1.294518779949020537e+00
9.770421159868417638e-01
1.104054798661844750e+00
1.341291225867979886e+00
9.055227401808005894e-01
1.234718317188487458e+00
1.207685285906959116e+00
1.081096108261696553e+00
7.656532603720818120e-01
9.366831334133238762e-01
1.361158797773585061e-01
7.603731290476115068e-02
1.121668901122449213e+00
9.853583148251501278e-01
6.126932229071717639e-01
9.460859900067248862e-01
1.012877974049970708e+00
1.185431923858865755e+00
1.128520152048958947e+00
5.418006353266739961e-01
4.764653248071559766e-01
2.824876316456406133e-01
-7.255567108476228960e-03
4.363196045228657782e-01
7.600103619007598788e-01
9.339481505551393559e-01
1.063679675037577432e+00
5.778299690629535856e-01
7.309133390842595945e-01
4.557482124025319936e-01
4.429472224512479017e-01
9.816828619526909439e-01
1.176794832508354816e+00
1.270553730527192338e+00
1.194246022875578683e+00
9.862985453773570610e-01
1.110466144989517456e+00
9.382755768925830075e-01
3.491268153172704669e-01
7.709587435587956714e-03
9.329641192672496475e-01
8.525792817289303827e-01
1.204752741326766463e+00
9.910874369396558414e-01
1.039960832683109349e+00
1.133182408091403914e+00
1.002451578600151327e+00
6.907945120503575787e-01
9.942245713464209489e-01
5.894701360270468982e-01
5.901852854740329279e-01
5.836432466429684052e-01
8.966068052458309179e-01
8.789793561132540622e-01
9.923784331448521900e-01
1.009285204753862519e+00
1.006446069636777185e+00
9.259961369978780832e-01
4.216620190902189980e-01
8.411050717180902359e-01
9.275524765180342968e-01
9.701733963860886822e-01
8.697088199574235512e-01
8.517209509686340940e-01
7.882755984549051353e-01
4.362276756755720797e-01
8.585872186006973106e-01
8.262833550191321930e-01
9.731121997915231914e-01
1.081214816583987215e+00
9.165289631807836956e-01
5.711259364202778688e-01
4.632110586092423321e-01
1.076897973920642126e+00
5.692414358160331478e-01
5.154707050623715814e-01
6.849772344942893776e-01
7.925445686471545015e-01
3.243390979931612406e-01
-1.044518401600386392e-01
7.990876856945268170e-01
5.305368068537251736e-01
8.620208386089617258e-01
6.413760663882559498e-01
4.711774581798480188e-01
4.127424342929034151e-01
-9.500174310211628725e-01
-8.096302164615112318e-01
7.126314457231477384e-01
5.001381401281872474e-01
4.807761377938404301e-01
6.652058722474167851e-01
3.848864167686162907e-01
9.261134498108536395e-02
7.660315950869864832e-01
8.292218539704384606e-01
8.998112667134330334e-01
7.850024276345135554e-01
8.042033636383212336e-01
3.568718145176903445e-01
-3.794252884677470905e-02
8.154972426922613149e-01
7.499326546326275933e-01
8.894451205729677623e-01
1.046679328738508552e+00
1.155430673521721463e+00
8.573270751959297664e-01
7.060450277665083485e-01
9.873499364213271789e-01
1.089992088686492888e+00
1.104250236193581980e+00
1.177006566519800401e+00
9.432252110884302709e-01
5.419821170646237363e-01
4.611112630843169358e-01
8.296007680246171301e-01
8.870628779458454849e-01
9.773019933891221589e-01
1.071388264199246709e+00
1.032697492732882694e+00
5.000659994691235566e-01
-3.995899058772844903e-01
2.612284640169347805e-01
5.523590140199209353e-01
4.515203391820911127e-01
9.026284878307646586e-01
9.038920223087297812e-01
5.758818305513472291e-01
1.077015840249770928e+00
9.358707282706754116e-01
8.681548088856594347e-01
6.124967973284634049e-01
8.323148044346679875e-01
9.055631022751116088e-01
1.448980386555178967e-01
-5.862279166911873451e-01
8.708036789170641168e-01
9.091146592023968687e-01
9.198928306074607431e-01
8.585891077048976028e-01
9.882744369745678492e-01
5.927275915501128978e-01
1.367865637465307815e-01
7.714581140753205002e-01
9.621958513763231302e-01
8.503267655242416900e-01
8.656220421253861819e-01
8.494607648133274402e-01
6.135169688887173178e-01
-2.198064329527779359e-01
4.537488044580660906e-01
6.349829310588714915e-01
6.036668300288597910e-01
2.757981214617555299e-01
8.857022310192008696e-01
8.164974619674157941e-01
5.001666652263618840e-01
1.435952424936461080e-02
-2.004815841179752867e-01
6.707666097433204744e-01
7.182398289521437773e-01
7.793700421598992456e-01
6.570930204265980068e-01
3.999658739013836617e-01
8.595792556349501901e-01
6.899168209869130930e-01
9.852489802068107316e-01
1.041715875710320649e+00
9.936292439844205404e-01
5.887345265263805860e-01
6.331812199632389504e-01
1.015129171949166409e+00
1.057662898328656009e+00
1.132812718022647713e+00
1.233417048834905660e+00
1.040626372027769087e+00
8.389483260669252651e-01
9.773095742823681986e-01
9.334163008224806157e-01
1.045902767602629346e+00
1.035962463648832044e+00
9.537623795213385769e-01
1.020434717599811858e+00
8.573389031857139297e-01
5.711401521166121764e-01
9.098652993479938722e-01
8.978150373024214037e-01
8.853885048654026590e-01
8.552828505180803953e-01
8.393713720728321892e-01
6.165175237845734735e-01
5.438965771112168612e-01
9.768310954570538218e-01
1.087466591298121621e+00
1.101028199169745481e+00
1.005830025788168935e+00
9.594388284062167482e-01
7.165942851089824872e-01
5.884117985126993133e-01
8.847304374023603479e-01
-2.285416242768312928e-02
-1.405392190793582768e-02
6.184662732913934757e-01
9.034800996291985076e-01
8.343542703278301609e-01
4.237782206598397217e-01
1.952567816669113221e-01
1.057710120375763951e+00
1.026067778915504380e+00
8.387105125571161501e-01
9.963343117986418473e-01
6.118977097053146519e-01
4.543296963082207873e-01
9.981113722008835287e-01
5.543389710176527263e-02
1.088316659840700557e-01
7.467559239895984469e-01
5.150701312337553350e-01
1.970363176138990174e-02
7.101535876191193974e-01
8.648318757767646803e-01
1.003306987330405020e+00
6.225534681781486057e-02
9.196864485933364808e-01
6.754202504593831424e-01
-1.847310779438222222e-02
5.142457279383450680e-02
1.092934706077053120e+00
1.158794358395105917e+00
8.667493918722546375e-01
2.164145452338963604e-01
4.569166941755955502e-01
2.939837462330133211e-01
2.749796080240007878e-01
1.080971012138078002e+00
1.005543466049317658e+00
1.007452404488979436e+00
9.722914028272434672e-01
1.052427669985775971e+00
6.776152424360495363e-01
9.976259573990897689e-03
9.894149339302538149e-02
7.511503082782748919e-01
5.869229129274416978e-01
1.654887200127674596e-01
1.377095624509124538e-01
2.310781276258381811e-01
5.620542413651227059e-02
3.090854955978675211e-02
7.740142535703571358e-01
7.526717383222945035e-01
7.977677691058087106e-01
5.745337706006858891e-01
8.932606315918744100e-01
8.903907852885720731e-01
8.638081821236545110e-01
7.718554194337203314e-03
8.508137509828033185e-01
8.536266138087944544e-01
1.053924649645523237e+00
8.938318948316784640e-01
5.432029836811257117e-02
6.896690621519719899e-01
1.037750762603106613e+00
1.016018151958923088e+00
3.232141098288286996e-01
1.919317263329224643e-02
7.881262435494384988e-01
1.067097081795144842e+00
9.703606315409460947e-01
7.444361705305055921e-01
9.707846626291399827e-01
1.120287184811693315e+00
1.079040679144928294e+00
1.065907701339616098e+00
9.951820405599449693e-01
9.499109293758827288e-01
9.350734179820251457e-01
1.012088192264377629e+00
1.017788580041054214e+00
8.902030089127335177e-01
7.726627563841668156e-01
1.706111323817171566e-01
1.452782929518795230e-01
9.325064006563894559e-01
7.974217159675830446e-01
8.478877721880389018e-01
8.464656391867295682e-01
6.771777816522985827e-01
3.437763446082628960e-01
5.599297254762380938e-01
6.283559633607620487e-01
5.683480990118909837e-01
1.696438390129481055e-01
-1.771657785177660569e-03
4.291674563010963901e-03
-7.257438063616331037e-02
-8.730433518890781674e-02
-1.478188546792938256e-02
4.852324587475621565e-01
-6.465389003510049228e-03
-6.413724978699138213e-03
1.043154543906342629e-01
8.641793807176811892e-02
