6.225741228057026788e-01
4.045627766472567610e-01
-4.209857869638088980e-03
1.150870684222883078e+00
9.272455210421862715e-01
1.215072333294709983e+00
1.490071583810651301e+00
1.592348847893324759e+00
8.619577187168204757e-01
2.043855861826699538e+00
2.166177882705894397e+00
2.044858948261495168e+00
1.654833067439564376e+00
1.239096554111354109e+00
2.058868109340152852e+00
1.401038809497686000e+00
2.742617922113883555e-01
2.116639434905048578e+00
1.632105914890152221e+00
8.692051140674401655e-01
1.423909448557976631e+00
1.404835891654375724e+00
1.870176700270707926e+00
1.989675409353182545e+00
2.257641320563148923e+00
2.182563954034149489e+00
1.137221020643814029e+00
9.384110531962557289e-01
7.036546913915612267e-01
9.717879374669403936e-02
1.163288182992669562e+00
1.459006274894859345e+00
1.621543530386932164e-01
1.747321899016690772e+00
1.339482150322837128e+00
7.174015189103202239e-01
7.146127960005142776e-02
1.465711544628218177e-01
1.186400983402868592e+00
1.279731714584742885e+00
1.881273957718933243e+00
1.744931976978684407e+00
1.412053539543611791e+00
7.355662500918467295e-01
4.280580119392774496e-01
1.339672438006755062e+00
1.034348142982266072e+00
2.078617403822659027e-01
8.257520801619027129e-01
9.272195971513641499e-02
8.042441488206925060e-01
6.687291081440305263e-02
8.990482770281431613e-01
9.730812949450786675e-01
1.150586248728014294e+00
1.071401292591379617e+00
1.826304235273363830e+00
1.630678409413169661e+00
1.802238820020092724e+00
1.782601111415994755e+00
2.598995620953930885e+00
3.218483447528951213e+00
3.412752455137291641e+00
3.281175515847014168e+00
3.014523501820009610e+00
3.769179867515132454e+00
4.084479176633119657e+00
4.000822003703631502e+00
2.671102476842289963e+00
5.453007156700622193e-01
8.155659827381019911e-01
6.532361310106415964e-01
2.290791756195215356e+00
2.657887739952477624e+00
2.366573986180183553e+00
1.418662600543792562e+00
2.167887557175500746e+00
1.199556661196562457e+00
2.161547633517210965e-01
1.388171025745387421e+00
2.119426068702354726e+00
2.062582983787486501e+00
2.110284720695878136e+00
2.201203880394704271e+00
1.474891723211757988e+00
1.680355629725253097e+00
1.990683717036803468e+00
2.314310533195391262e+00
2.539134609304985357e+00
1.941889429446318260e+00
1.199029857904128527e+00
1.473379705295012609e+00
1.596345377581787295e+00
6.989464034942689530e-01
4.105508114861126656e-01
1.247727639846132774e+00
6.896899914430418832e-01
5.772028372891989390e-02
5.140214782783465441e-01
1.896350246492262415e-01
2.032095035321554555e+00
1.713245063162275539e+00
1.874199874997864335e+00
2.151049391053575288e+00
1.894951879956825236e+00
1.284138960619927827e+00
7.418443496511939461e-01
8.087522444974706293e-01
2.000807230749361398e+00
1.886514084454105067e+00
1.905500522797214158e+00
1.559491611261224264e+00
6.539932368492418213e-01
6.835461661179687010e-01
2.076108999272085587e+00
2.212888351911881379e+00
2.117449816319806999e+00
2.145298297379274466e+00
2.216010244839691445e+00
1.889860701558060185e+00
1.771233298507551845e+00
2.047076583691945117e+00
2.006896369012749481e+00
2.170713370801202302e+00
2.269121445087151745e+00
2.173425016509154428e+00
1.948379702874654562e+00
1.445721413557866875e+00
2.033514964338773989e+00
1.492021264333744934e+00
1.173094033506550504e+00
1.313190770091132498e+00
1.304191039187752033e+00
1.035072654178536666e+00
1.071585790768057711e+00
1.942098030538971010e+00
2.045073449222924999e+00
1.897303334356892357e+00
1.935254060446129465e+00
2.027807668009576236e+00
5.705757007748994969e-01
1.435905358066676074e+00
1.768105140602397540e+00
1.105003821265675423e+00
1.673880929858581723e+00
3.722634319515045198e-01
3.034097271776408644e-01
-7.469384719636755487e-05
1.369671682672941371e+00
2.172834247678851138e+00
1.961407394140398441e+00
2.013471257739879672e+00
1.754795574793085677e+00
1.724230183798115768e+00
1.421846310419369486e+00
1.283604159535599809e+00
7.255359687561726556e-01
1.627416438129727805e+00
1.814269628500906339e+00
1.785313549771049946e+00
1.772802620362571746e+00
9.568312379076492347e-01
7.497797078133853210e-01
1.429561787866850953e+00
1.691798764201883465e+00
1.890453692587097612e+00
1.743048041065324849e+00
2.206842039521718313e+00
1.450989456737128425e+00
1.031080654792758233e+00
2.295986956478814456e+00
2.484345603853469697e+00
2.843634734192324487e+00
2.615583723880919642e+00
2.334886116951170987e+00
2.077718874072415289e+00
1.446101873167486840e+00
2.783794684854493884e+00
2.802504780709505372e+00
2.852404075879160672e+00
2.930113356170855443e+00
2.926507077855978078e+00
1.636305920741199182e+00
1.415536482201312340e+00
2.623663868408289801e+00
2.848294291809361667e+00
2.659070652306031235e+00
1.965468123828795655e+00
2.248779410050666172e+00
1.432596120048791777e+00
5.101522813809266088e-01
3.237263990444071204e+00
3.313129891679979178e+00
3.052486479632276151e+00
3.278393270544911253e+00
2.852608474267111838e+00
1.315334989364585150e+00
1.343987276500293815e+00
3.116184778122808918e+00
3.588397147584614366e+00
2.591596362105935913e+00
3.506658076879229036e+00
3.316361525251256381e+00
2.885862226215709647e+00
1.859094390401444752e+00
2.750533524550839548e+00
3.048675280792976672e+00
3.828604606574313785e+00
4.389109773003013970e+00
4.095334185877963051e+00
3.405814829597793469e+00
2.652302827144333186e+00
3.855128265003934906e+00
3.197256186969529068e+00
3.019286654148459981e+00
3.669247444649079704e+00
3.538652773337569890e+00
2.244223533606527710e+00
1.434747092471700070e+00
3.089712351011084657e+00
3.038937169202500677e+00
2.984469892767913635e+00
3.174436441204272263e+00
3.990476904720423601e+00
3.220974713526757682e+00
2.467195128246611802e+00
3.972979251217676477e+00
4.512971620222752556e+00
5.182714060807207090e+00
5.421750751773215526e+00
4.923693167681529204e+00
4.321652022575378282e+00
2.476960974161826812e+00
5.368965231032503560e+00
5.598187640717304348e+00
5.860950049208101476e+00
5.534148151899294987e+00
6.652253587795531331e+00
5.869803250691247420e+00
2.671276188170775612e+00
5.773751104767809395e+00
6.212485422113046774e+00
5.635204829303290808e+00
5.286965198831978796e+00
3.936886196234577362e+00
2.562632837503427297e+00
1.440245355710535025e+00
2.507663314835892443e+00
3.219760710678233995e+00
4.042223398555321090e+00
4.258499102927491009e+00
2.826426063953574097e+00
3.815881581167129610e+00
3.454399402946219055e+00
3.764413561616805737e+00
3.270946797708299769e+00
3.871435165210365348e+00
3.188653070848169513e+00
1.446599247077934969e+00
5.205780188983466505e-01
6.582743745712231753e-01
1.109408822489851287e+00
3.024219940206017476e+00
3.252487504597498358e+00
3.437272865810629074e+00
3.345975936969769915e+00
3.351258888752808307e+00
2.372506912907172971e+00
1.430901669726663883e+00
1.876310013635237084e+00
2.845354016536542741e+00
3.544287630307216386e+00
3.016911178587993181e+00
5.547166673003027793e-01
6.730086343080143862e-01
9.663556481627524342e-01
1.876738618125446623e+00
6.499492426425401703e-01
6.357781090900930729e-03
1.271924909871171128e+00
1.004197581728751620e+00
1.236138487893661875e+00
8.379030188054035211e-01
1.898076297872447249e+00
2.404032516691650301e+00
2.312445532064506981e+00
2.357117961596661537e+00
1.491964932875691208e+00
5.434008414293807210e-01
1.048697121840092228e+00
1.539733914544568094e+00
1.375719319806245622e+00
1.049332925880771761e+00
1.266191760894917806e+00
1.371712964865950957e+00
9.345862062574663565e-01
4.636320751757745939e-01
6.167477687834805877e-01
1.034437773144176065e+00
1.096623600602555149e+00
9.616396162582646623e-01
9.563840894917466917e-01
1.045719361474527931e+00
1.269113051827990057e+00
5.516379671710890387e-01
2.500779666639176280e-01
5.562774561533985196e-01
1.098884002572255270e+00
1.297864122855357127e+00
4.166685206604622271e-01
2.678725764533200493e-02
7.708703561437209029e-01
8.576495009009497128e-01
1.112393701332647478e+00
7.577874413717544666e-01
1.460963686782256410e+00
1.408537976085614485e+00
1.195541663628481022e+00
1.419820140242148643e+00
9.678189567156345596e-01
1.363364743264534884e-01
1.302732017655285457e+00
1.613223957505421025e+00
1.941936784988563147e+00
1.651296524164052038e+00
1.110632572849955091e+00
1.380907206207121707e+00
1.369961926920159501e+00
1.839413076627229415e+00
2.148623638647401357e+00
1.193430634803388068e+00
1.376200846433159874e+00
2.610705989906471736e+00
2.990145293623257761e+00
3.087632002187549851e+00
3.229011944826742475e+00
2.580919510600573119e+00
2.397688038303830815e+00
2.058627279878715743e+00
3.075854524732237305e+00
2.407083530805841143e+00
3.001540532399917360e+00
3.399341486949746916e+00
3.108799497730401651e+00
2.957416991677218832e+00
2.976518657878994834e+00
3.107116259648546652e+00
3.071099274137593760e+00
3.050822663756078246e+00
3.038926366028082970e+00
2.601075997275660079e+00
1.803482392735495932e+00
9.353663876772655428e-01
9.721336320500829631e-01
1.898194942776710192e+00
1.530558984792982358e+00
1.538735477386150574e+00
7.769790521908431780e-01
9.862433082138108986e-01
2.411962600283798219e-01
1.040169232897403817e-01
9.878742548209945573e-02
-1.546189450091205175e-02
3.996905314176208562e-02
-6.843359949652615473e-04
