1.001789084368250871e-01
1.281023942611327071e-01
8.036830317317311678e-02
2.937649632473118277e-01
1.649008681351696870e-01
8.410769488536852523e-02
3.098198349884976333e-01
4.735624984103211088e-01
8.195284264822851050e-02
5.156910345425669284e-02
9.856123564813630555e-02
3.602587074424519198e-01
1.455000088543877690e-01
4.308247269770080767e-01
3.613120354373747234e-01
5.642211340152913923e-02
1.108698270231416733e-01
1.614196864955896316e-01
9.859156980697342254e-02
1.603743439349984146e-01
3.545136367496130592e-01
4.609291343686497400e-01
1.195076670985033424e-01
1.254896324517816297e-01
2.176973151608979085e-01
1.512754049159215075e-01
1.416971803406861519e-01
1.191278305661216397e-01
1.225818640991735986e-01
1.428150834294035498e-01
1.319355054647113612e-01
2.354831646557829505e-01
1.586799418692204922e-01
1.707528700087608264e-01
2.634306890721048178e-01
8.711885085269084616e-02
2.473078227966251860e-02
4.823062998768574139e-01
5.020614453429407265e-01
2.113932818735417829e-01
3.786650936811010171e-01
7.240282701119459263e-01
2.025154256387380891e-01
1.480417077756808197e-01
5.237335674373078814e-02
1.967509843141126424e-01
1.421693332512755370e-01
1.991928547743775091e-01
1.164543180734383954e-01
1.696459549206621176e-01
1.075467422057935912e-01
3.548340574999756525e-01
2.173888453356901673e-01
1.806543415649618789e-01
3.571655925642298612e-01
2.045203897725096920e-01
1.442605660162446513e-01
1.337481103545901384e-01
1.809823607344536733e-01
2.353027549895810588e-01
2.862154443808438975e-01
1.971245529964051890e-01
1.006212008451086021e-01
1.726526543202096808e-01
9.233451051664043341e-02
1.015888368051753171e-01
4.154201426192247193e-01
3.213901726786382307e-01
5.703126081163172739e-02
4.528132513498080991e-01
6.800063393384833121e-01
4.124951914072972348e-01
6.050511515489681580e-01
2.823213915683789876e-01
1.971507185736013912e-01
2.066927604453731027e-01
2.738743398884297409e-01
2.058207875471490811e-01
9.275314466866367569e-02
3.545498969137633738e-01
2.663266499918603425e-01
1.326521525117453082e-01
2.754986035325400207e-01
2.726432196888114445e-01
2.313518538743496167e-01
9.284047006592119899e-01
8.850356427289103323e-01
7.179352543584043289e-01
3.528036350086130035e-01
3.329829601555980845e-01
2.469377590126925204e-01
6.196283142699420265e-01
3.238371242490333257e-01
3.606335804552622260e-01
1.101415351433740586e+00
7.930305680758762410e-01
2.012279270868431169e-01
3.730944070046286476e-01
3.159746519589491931e-01
6.415362444882576065e-02
1.321533472525587838e-01
4.124065526921957825e-01
3.627072700658550697e-01
6.349766462008348267e-01
4.072214146748812658e-01
2.526854415691567879e-01
1.501779162361551179e-01
1.560006713216416374e-01
5.138976440384898092e-01
4.395774919164681660e-01
2.699355411413804640e-01
7.973673813686520395e-01
3.406574772026224052e-01
3.621273043816958803e-01
6.297300307455362400e-01
3.165783848352891616e-01
3.310773775263743390e-01
2.405154290690520169e-01
2.753060386340663857e-01
1.540694001796226176e-01
5.341532455964460163e-02
5.381416020883139639e-01
3.420938301148151450e-01
7.641914094625097409e-01
1.187023342595702857e+00
3.087209471476414224e-01
2.691662266114388524e-01
3.582540381178875299e-01
1.161600536639290970e+00
4.964235056392332646e-01
1.760664815493339919e-01
1.631192901663089945e-01
1.625335419574492624e-01
1.231385880179050041e-01
1.427535437588370038e-01
6.901310289123064878e-01
3.436175864223457999e-01
2.511187981080796328e-01
2.623708391466965106e-01
2.854246045705701729e-01
1.014592145054089567e+00
1.248181310454286708e+00
9.566124071192714240e-01
7.352340038733630179e-01
4.666147220125966277e-01
2.590826245387271021e-01
2.510405793387055495e-01
1.923225266895311480e-01
4.081145945225069793e-01
7.916695030542131306e-01
2.814015320381201835e-01
2.561117525420246177e-01
1.934963045951025029e-01
1.682833207142614140e-01
1.154200160230073186e-01
8.300419712637766012e-02
1.550636827140026430e-01
1.374397623597546636e-01
2.072202396818749182e-01
1.550508604316238603e-01
1.711717787923751066e-01
1.506852110452623073e-01
6.930877713510817939e-01
1.035377443076600290e+00
4.439202841732135529e-01
1.689038128856792942e-01
2.739761152728200644e-01
4.162522890612409543e-01
2.598055508819292481e-01
2.452270616791507873e-01
4.740029623772232248e-01
2.105730161590128324e-01
1.639001196997518783e-01
4.466270678071297406e-01
3.199121372094356763e-01
1.551827595630864975e-01
1.248865044092441062e-01
5.193813943920092546e-01
2.757942458814888753e-01
1.302906417012096585e-01
1.339850916485454679e-01
1.098924369740986590e-01
1.614943154984495866e-01
2.269777193914955804e-01
1.328895822554819472e-01
2.305552897385079458e-01
3.294166323196704993e-01
3.177878570804548719e-01
4.098960727352286559e-01
1.134890417341642282e-01
1.411175706423341003e-01
1.869987130686823762e-01
2.063550051717292777e-01
8.817325565929454156e-02
1.867721200861581776e-01
9.626967277958760338e-02
1.593360492413556373e-01
4.167715193316530176e-01
8.273727700201709556e-01
3.162061268062582031e-01
2.342714520746702334e-01
2.377545528964317145e-01
1.620781192978705820e-01
1.711625220363370281e-01
8.459613283811423523e-02
2.950737702652677652e-01
1.884566239243933294e-01
1.916496784436604595e-01
3.195826436044686969e-01
9.795949283972992250e-01
6.363709809107076509e-01
8.255955438098101506e-01
1.492609791743296777e-01
5.117184186168026727e-01
3.203277986720346471e-01
2.802249100279322058e-01
2.869866037291891048e-01
2.290703579657722977e-01
1.076359359885472600e-01
1.179799022495335414e+00
6.816151739211384619e-01
4.977030379412624161e-01
4.354836630275719100e-01
3.399227173901803734e-01
4.156526362004717701e-01
6.743121714509122677e-01
5.590486335447174548e-01
3.335497517602064033e-01
7.014384881045040432e-01
2.832138410806677165e-01
4.362011262145760182e-01
3.018597817136573491e-01
1.399064776485882400e-01
1.167706440085807540e-01
2.441500997534343520e-01
2.846576052808292845e-01
1.566156381277935272e-01
3.096001960895891636e-01
2.042133979158442525e-01
1.066494822990823738e-01
1.338146582050198374e-01
3.784343104629958598e-01
3.507487191221372314e-01
3.953542771573795300e-01
4.333902511283222458e-01
4.223707250246538925e-01
3.025704151208350456e-01
4.737664986350682561e-01
6.609449708975737581e-01
4.612279327901912529e-01
3.820988193863163462e-01
4.275477069624744608e-01
2.223726755709849734e-01
2.218010555660517302e-01
4.802172173783079145e-01
6.916918778848328841e-01
5.542952302467581971e-01
3.335458282787716611e-01
7.150209523297111902e-01
4.082277190327237570e-01
4.734610997344964600e-01
6.190094840670476994e-01
6.809781809563123511e-01
5.308257023719697987e-01
8.832542298588037522e-01
1.149646768910910444e+00
1.365589195810079204e+00
6.550063007444635321e-01
5.610706062354637869e-01
7.527193681680230952e-01
9.608808309942062920e-01
1.132327492847471806e+00
1.557713511053550048e+00
1.602412587588291304e+00
4.659304478890176071e-01
1.285349765486796247e+00
1.393922517401930961e+00
1.017323641084563857e+00
1.716389402483527338e+00
8.968744444460978738e-01
1.045726614662660259e+00
1.290934931548434861e+00
1.219214417470718015e+00
1.705312019278783175e+00
1.598098894075377530e+00
1.044353783462758978e+00
1.137985288600512401e+00
2.057490290954322010e+00
1.397821593185202937e+00
1.120844401444653693e+00
1.370408010975319169e+00
9.385294833627243483e-01
1.452401809690813117e+00
1.263581623962000355e+00
1.020654495371459136e+00
1.449381374761711694e+00
6.769242886899541345e-01
1.571435098455691071e+00
9.591071412880255442e-01
1.802533270570477075e+00
1.157248425290567706e+00
1.232362451912796475e+00
3.876850224988512283e-01
6.095291401517285990e-02
1.243140266957227569e+00
1.299108554794327075e+00
8.141858028260458013e-01
2.684554746221590182e-01
5.807100904887891879e-01
4.826935000252249863e-02
7.470206097190401628e-01
1.915561840910767089e+00
6.469877944778856804e-01
1.507287134845303411e+00
5.441783933350757829e-01
2.350263552578532311e-01
8.513189679048768221e-01
3.034973145405664430e-01
9.252504146240186911e-01
8.509030613488505201e-01
3.237416929237660335e-01
9.887166393876846149e-01
9.343882104080828421e-01
5.869865174903096117e-01
1.290105500068251976e+00
1.132199083654671146e+00
1.356162098744280176e+00
1.250944766822390086e+00
7.832580977952919854e-01
8.700377753522511304e-01
6.981057390394598272e-01
2.192621651125395421e-01
1.992736747277508824e+00
1.248887727140773451e+00
2.373212144998431208e-02
2.604323840012627400e+00
8.382222527052126670e-01
5.378216281817447264e-01
1.328044159689385051e+00
1.321350228708046970e+00
1.358822740145324337e+00
1.653522379705368861e+00
1.137385054631888215e+00
9.774052659191787562e-01
3.748126378767048794e-01
1.342173307702162255e+00
1.459585701320961437e+00
1.844142260470389871e+00
1.095803727873507105e+00
1.283269162908665662e+00
8.661156555449385230e-01
1.836351637874586162e-01
1.980443110530605288e+00
2.612992813179159768e+00
2.048697002153711200e+00
1.123414328596589185e+00
9.155612290977389600e-01
1.419277875511934406e+00
7.128177285435766120e-01
4.656226928256235742e-01
9.852248264823133539e-01
1.012533244984495484e+00
8.254970359950295489e-01
5.754419236530696757e-01
5.110996074828388913e-01
