5.533160496440819864e-01
9.830013371750720985e-01
2.578496455800105558e-01
6.322456250649092224e-01
1.698196773402614657e+00
4.553599169268020552e-01
5.193279346351444004e-02
9.748247660119931934e-01
1.070325924208797685e+00
3.997656053956499256e-01
1.192480856818421975e+00
1.032751425016010138e+00
8.848873529427475626e-01
1.122736236222830752e-01
3.757131868856766754e-01
9.480454565725795479e-01
6.488296781589731888e-01
2.722157621562895091e-01
6.112056366406584118e-01
4.085907061319938305e-01
1.246373400534187270e-01
4.701286311381783212e-01
6.912560603005032389e-01
5.758248037882920389e-01
3.446261198111003621e-01
2.861634924450633388e-01
3.724923500144758370e-01
1.104038830654193726e-01
8.524756995421908790e-02
8.999355516886528017e-01
4.947901586203407032e-01
3.274631986357852131e-01
8.220600115540195318e-01
4.892874334765724698e-02
4.176674178575996432e-01
2.968353927547463522e-01
3.264750329970114717e-01
7.740494900160573843e-01
3.534364588511813010e-01
5.204146602777331987e-01
3.723571565852691889e-01
4.435934893633811660e-01
2.245934667761863290e-01
6.535936688627826952e-01
5.861923039013366976e-01
3.364184082235280870e-01
3.849802273961915322e-01
3.696023792632300853e-01
9.494700935355000482e-01
3.185527972021632848e-01
9.339105253821518016e-01
1.101818406935748840e+00
2.113552678497312709e-01
1.484273022145708720e-01
1.192342019310760337e-01
5.369156822180024546e-01
6.371298990840635890e-01
4.491574109891834921e-01
5.464991296476260363e-01
4.999876228792791699e-01
4.680942072179392621e-01
3.783678551235764576e-01
2.976995576008983346e-01
3.283457572166804117e-01
4.188798639993752126e-01
4.760695517997343695e-01
2.960446754025710669e-01
1.715163825429870115e-01
1.465806122226742114e-01
6.611012249195111767e-01
3.591854012673346142e-01
1.184681689414278205e+00
1.426821043248501120e+00
8.246524286866765419e-01
3.418884619115631907e-01
7.272824130999949732e-01
4.622995621136483102e-01
2.626840840674810607e-01
3.379883251125324062e-01
1.586066854137490878e-01
1.004706764176753531e+00
1.079395928765763291e+00
1.119269514584710468e+00
6.794666970570868436e-01
7.321931489037908358e-01
7.839771156851143008e-01
7.544165825773206935e-01
3.683356310315971105e-01
1.031985702461791776e+00
5.645061477450403764e-01
4.943139734772212801e-01
9.280395440241178129e-01
7.699463774301880115e-01
6.039572005475495331e-01
7.248030445790972776e-01
2.390861926710992624e-01
2.524533455253179515e-01
1.703863956153578163e-01
5.068067380804675004e-01
5.078466894343488525e-01
2.310278999783875964e+00
4.267690738815081430e-01
7.420544141408389471e-01
4.207157967291489942e-01
2.527665087095508079e-01
1.664530110414682851e-01
5.707294610875105478e-01
4.186932257159473592e-01
1.177599725519664409e+00
4.785275388972695665e-01
1.313748658665785829e+00
9.822755367415386685e-01
9.886042470148265204e-01
5.494340583578688486e-01
6.087645716496227211e-01
4.697289625834660809e-01
4.720872404629803953e-01
1.995342115978294695e-01
2.696984496448898150e-01
1.134188108059212219e+00
6.945752817633865650e-01
5.031513420495106192e-01
5.205960949758815515e-01
4.592833400427389634e-01
3.524094734998293732e-01
3.379373453507653613e-01
9.282445701625746670e-01
3.769620768203676975e-01
4.510710070901119972e-01
3.595915591109736797e-01
3.706818584672296746e-01
4.010885019913932314e-01
9.571881249002349712e-01
1.094163275523643453e+00
3.567405875712018060e-01
9.009111493390622449e-01
1.190285286551307831e+00
6.066861942259669238e-01
4.422387181895654495e-01
7.510523091276105623e-01
1.102395537430597372e+00
6.886403688189349781e-01
9.166190270164812359e-01
8.006582808526044870e-01
8.884479988700285658e-01
1.062713502118989295e+00
1.037751436284288564e+00
1.940976231691928566e+00
1.803365688780658171e+00
7.254750909940793635e-01
1.122886727516042127e+00
9.704128323491711949e-01
6.004377202732411600e-01
8.582095239548325205e-01
1.166256893258005523e+00
6.937034170808873412e-01
7.684643047143966399e-01
5.261769877195668910e-01
2.445690250036201552e-01
2.762602829054354725e-01
9.009147226402505204e-01
1.244739356118383933e+00
5.883670008293497844e-01
5.872610375940797711e-01
6.486828654517904358e-01
7.951650978527106117e-01
4.522276486562622488e-01
7.935944689993271739e-01
8.506162776204172493e-01
7.602474475985635527e-01
4.709279179462791398e-01
6.301337561762639927e-01
2.987327017385897898e-01
4.177087328330316707e-01
1.203597222896496177e+00
1.378883946743604705e+00
6.235437665530056961e-01
5.168630266898854853e-01
5.418047226787651161e-01
4.266068646692050548e-01
2.718954352559818100e-01
7.910431111996165665e-01
4.979674991446864318e+00
1.830135841007534570e+00
1.682162360180523564e+00
1.233247631229381192e+00
8.416885844153447760e-01
6.758438289897322759e-01
8.917556879067879416e-01
7.101183619470068376e-01
8.402533811018942922e-01
8.711407019677097630e-01
1.169156612202823409e+00
5.646713118196375891e-01
3.915092221969090347e-01
8.139647678524368768e-01
1.627150682174749674e+00
1.170447259420656083e+00
6.875386359366121303e-01
4.085046183440931844e-01
4.852287825138257293e-01
3.291784774817930193e-01
7.052950720637751747e-01
9.435621134174605462e-01
4.605635409816207226e-01
3.720161898618075114e-01
3.373430719470588146e-01
2.414334322591415449e-01
3.758897657095650047e-01
5.741322052916202345e-01
1.240115982532119299e+00
5.979060268633956676e-01
5.258723310513000460e-01
6.010078172705038968e-01
1.157103606908690852e+00
4.798137817599420485e-01
4.005148554828251717e-01
5.559673153818684987e-01
8.290450475860670077e-01
1.133733331292699376e+00
7.209118510652335887e-01
1.296291269810595725e+00
9.975729639415125138e-01
8.507452000246813473e-01
1.031956903017737348e+00
8.324472121180107598e-01
8.930276437048715321e-01
4.801593946414403069e-01
4.167554020158204531e-01
4.176238885363787734e-01
9.690830213348308186e-01
1.023409748481145964e+00
8.444818987055890958e-01
7.606573164029803991e-01
1.466998918327108381e+00
1.113056830587615620e+00
4.317487479960179231e-01
4.988469740714912559e-01
1.586584483815157431e-01
6.843822611908664255e-01
6.430996670978853524e-01
5.351395400503724531e-01
4.101114351493430066e-01
3.573874647600636667e-01
3.740943858626386009e-01
1.008806130954398528e+00
8.444248397090002856e-01
6.195301743749710432e-01
8.120111231282629571e-01
6.828482116011257430e-01
1.135829509098419177e+00
1.111774122997805092e+00
1.239547347710286740e+00
2.984790771076974103e+00
1.281398589750046613e+00
3.704123562123401436e-01
1.114873356159404860e+00
7.978382398899006578e-01
8.748533240720908211e-01
1.071110714904270012e+00
9.450029609452130774e-01
1.896266956808904336e+00
2.276479606306412329e+00
1.398271941052326550e+00
6.085149255448545347e-01
5.429254099058414829e-01
1.280901467502103763e+00
2.710514743966281337e+00
1.381902367186517600e+00
1.249360595836131349e+00
1.104988035376382571e+00
4.726197243515226631e-01
9.973960427577208687e-01
1.143888442963064245e+00
1.014105560931789496e+00
6.939729120810528284e-01
1.510295230590871896e+00
1.044781780793294423e+00
1.029736261736102332e+00
1.472165559143208569e+00
7.185465286307770594e-01
9.108927113031543010e-01
6.176106903672570203e-01
2.138742269437447163e+00
7.672119637901821942e-01
6.579471446018851921e-01
1.146270387254284540e+00
1.383337350762704476e+00
9.760446504063671203e-01
6.315064894401857254e-01
6.775121342977447059e-01
1.111164467576034376e+00
7.054180443672781742e-01
1.076121114300959469e+00
1.107569372102784167e+00
7.293877757385427429e-01
3.115649636148929980e-01
4.519837948542524964e-01
3.765313138429653983e-01
3.538267096160201963e-01
5.728847539462306182e-01
7.144862327588202833e-01
1.367212720275838178e+00
7.152003806692528443e-01
2.476786237707827576e-01
6.928227537096420807e-01
8.186248896641655781e-01
2.408043006551757459e-01
6.116430888522489395e-01
1.414004013708395568e+00
6.294073277740730443e-01
4.622462484020960494e-01
4.249781119621469094e-01
6.400100975187844599e-01
2.296138534070014114e-01
2.502298062323097261e-01
3.080271487448573708e-01
1.056422625637041701e+00
3.585901007455792877e-01
6.313022048783348827e-01
2.652861552043982440e-01
2.604703621041852546e-02
9.489888167518103490e-01
6.019407072941030945e-01
2.504025761630537805e-01
2.857074845540141239e-01
6.345283928400993201e-01
9.049837031370852047e-01
3.422854495117109153e-01
2.188599873429561138e-01
2.788488035716464863e-01
8.437599055556227468e-01
1.107133630227589149e+00
1.110245117907931789e+00
9.237029213836663866e-01
1.684189251579361890e-01
1.364404524726888224e-01
2.096621851936323055e-01
3.572398557411238795e-01
5.213717714049170837e-01
2.531455891887136045e-01
1.757677881189865510e-01
3.088737756812456187e-02
6.193313375557446543e-01
9.561839804190971348e-01
2.719368293464268782e-01
1.732855909103277747e-01
3.195817751979824761e-01
1.839681668983055574e-01
1.540089401802207658e-01
3.660025167782407496e-01
4.467051472797126666e-01
3.367381344115295549e-01
3.049845485845380511e-01
5.784092633949143858e-01
4.422713934922664070e-01
5.866560587273611516e-01
1.326779578209896504e-01
3.131039554010237036e-01
5.110142115449410882e-01
1.977495177168359652e-01
6.112476764933862938e-01
2.888499841390789191e-01
6.602650386216570855e-01
2.316940210675354217e-01
