6.515860434919097388e-01
1.286987918012535148e-01
1.229554068419238311e+00
5.006831877797138786e-01
1.907880412000615700e-01
1.191045792854144914e+00
9.413444450996751867e-01
1.984749532761471702e-01
1.228803851969431538e+00
6.969829583856608224e-01
5.976785237291060149e-01
5.862682417293784143e-01
3.023101187030345360e-01
1.053032516649549333e+00
1.510513156139922375e-01
-4.688856769223438969e-01
1.976827737383593853e+00
4.436262796620157323e-01
1.553405544487549694e-01
3.864951388132241150e-01
2.236310889371785904e-01
6.373829405678305138e-01
-1.007224641712813756e-01
8.695940485176061330e-01
1.277177411252393480e+00
3.422566098367089138e-01
-1.983475177718682647e-01
1.305506717270909611e+00
3.587545262989301209e-01
1.019466585556593641e+00
1.045161238779062307e+00
3.298534398781106658e-01
2.035792166686970273e+00
2.997525446820978323e-01
1.025341047420586238e-01
5.427073261537056492e-01
6.316844440353387435e-01
1.902018508393804597e+00
3.485604946033325491e-01
9.791273566004314866e-01
1.147674101325296125e-01
5.937520131233516851e-01
1.592885292019808330e-01
2.411316081938894573e-01
1.372711315653634134e+00
6.188305292608432540e-01
4.798221511939427808e-01
1.098574097273290251e+00
9.202929076933518138e-01
1.011694243079833910e+00
-5.022305326956326421e-02
8.335847511916947283e-01
6.130376375059372052e-01
1.321049323808711762e+00
3.201667796119608278e-01
5.330241037257245074e-01
8.698319426377820740e-01
9.313480455827143345e-01
1.501815664305526488e+00
1.386799354017527186e+00
6.674786398848328028e-01
5.759036193931887926e-01
3.504835231038357368e-01
4.388738584221847372e-01
1.076161327430133596e+00
1.246165677843207531e+00
2.989942002888404282e+00
1.709146526544912836e+00
1.164858699113269447e+00
1.609829940730458819e+00
1.217075232288849618e+00
1.538571241086568842e+00
1.602554602997083188e+00
5.929671376096489199e-01
4.367520834422222165e-01
1.422600774354595199e+00
3.902103178616466161e-01
1.134068619036844749e+00
1.191031050502065591e+00
2.017685902645457219e+00
9.311269016067824644e-01
1.138117149896619829e+00
9.320008475070233889e-01
1.013893574020688026e+00
1.273468699002079818e+00
7.132223020683854386e-01
1.163339370383214888e+00
4.365939378432840967e-01
1.033362278084391933e-01
5.159352168398142480e-01
8.468606063274342066e-01
6.064577166924685070e-01
5.708475426330429370e-01
3.785150325744064959e-01
1.989762120721610517e+00
8.238310982693926032e-01
4.755090183088282046e-02
2.078216361166457027e+00
7.134116011632617438e-01
2.144231119359333526e+00
1.006796968529608982e+00
1.003384888878676273e+00
9.718912997521967911e-01
4.003987269029824492e-01
3.564780473563539109e-02
1.115620278641312302e+00
1.658484580914960205e+00
1.407429258465349609e+00
5.212159677785730416e-01
4.333768953934341583e-01
2.909620815604423427e-01
8.799217089169985018e-01
1.368168841753183429e+00
1.353192770650483601e+00
5.045283782052426558e-01
3.963337547251578608e-01
3.109405200953015425e-01
5.303455839867473598e-01
3.628440338692204281e-01
3.399571928987573655e-01
6.354594681877874240e-01
4.480433927942029659e-01
4.231379661357173583e-01
4.566558473871131785e-01
1.304064013011841661e-01
3.110983673302172847e-01
2.034399059986712610e-01
1.137586659418490909e+00
4.654852281347680032e-01
1.292975251919677770e+00
1.673802456802292671e+00
1.512777096160248691e+00
1.654196624447667130e+00
1.724468349819503699e+00
1.596172504820821070e+00
6.153124932920138734e-01
6.297204114038864597e-01
6.071960241504973377e-01
5.537530566085823169e-01
1.028846108919014152e-01
2.008293846689503948e+00
7.783692262709637211e-01
9.014270038616355174e-02
1.232642541015557702e+00
4.929521908701952615e-01
1.350276434904022160e+00
1.009524050153072228e+00
1.542593715406658461e+00
6.288755375099756018e-01
3.496026500704049189e-01
3.242880882417905619e-01
3.755420846116718780e-01
4.512421512517561517e-01
4.460043743916032866e-01
5.718935655056572864e-01
3.138543467505847118e-01
1.454384906435233660e+00
4.705412411299629283e-01
9.402623197796035337e-02
1.892453784516984483e-01
3.067783942605346592e-01
1.499434118963421048e+00
1.795975132877591696e+00
9.642141154484563659e-01
8.979779702507709738e-01
9.384701506717084696e-01
1.080091215638280255e+00
1.417621742914947580e+00
2.017331427897909535e+00
1.810491922357508887e+00
1.731544273829587199e+00
1.562205742140744702e+00
1.728833080355729690e+00
1.272795546258075783e+00
1.051694603715469967e+00
9.140516669511244974e-01
1.995072695576119770e+00
1.108026866127852506e+00
1.659127388096587108e+00
7.384926877435901149e-01
1.198343102871706867e+00
1.888867271138340576e-01
2.058013326248462338e+00
2.201408049060284977e+00
1.974206960862932014e+00
1.110785726312548238e+00
1.736969365284327216e+00
5.535152254227235780e-01
2.520395304174128270e+00
6.774713961063281165e-01
3.023743063919607010e+00
1.097265440548824689e+00
1.600777275330653060e+00
1.891362771113389796e+00
1.024371093502266072e+00
1.920418851695487428e+00
2.171544194915711934e+00
3.116723687180200653e+00
3.033927264432330961e+00
1.312581262696727480e+00
2.605767266805074645e+00
1.508705761628933661e+00
1.420207776768260599e+00
1.313479557245035068e+00
3.067599143870066936e+00
1.420017998861395903e+00
2.059609471395832614e+00
1.428583818991680632e+00
8.858496365295429609e-01
5.715701938317389041e-01
1.166920260702730472e+00
1.656622280725631224e+00
8.240864392884156286e-01
2.269056548389963179e+00
2.801888381523992777e+00
1.291304616405908767e+00
1.001458974249930911e+00
1.883859451253587336e+00
2.858342718026797957e+00
1.615938783030936410e+00
1.509089933507862247e+00
1.231054979794514947e+00
1.750064439849601472e+00
1.089394293654045720e+00
1.859210872124752889e+00
2.882670471396366896e+00
4.887467461127316670e-01
1.214279422416247867e+00
7.721404322929003028e-01
2.765801083811787395e-02
1.304860834098963696e-01
9.595939651577092278e-01
3.785347562227276086e+00
1.836011102082170665e-01
1.191196562366604761e+00
1.067659496944205033e+00
1.306361433948291850e+00
3.390230078790830437e-02
8.195192593416699145e-01
5.377316875485908199e+00
2.419034247263371906e+00
1.362142983572903310e+00
1.308804968516807721e+00
1.062656509702536445e+00
2.732357888884926478e+00
3.588584303542269094e+00
3.605353825664811662e+00
3.861126694618074673e+00
3.716316341554030789e+00
1.516072021475510345e+00
4.256945371820859969e-01
2.207415129357286787e+00
3.069965139596603776e-01
1.296503932407756299e+00
1.235309589046087675e+00
1.746613929479603033e+00
1.203292910924910641e+00
1.814186966435609838e+00
4.425094336804213491e+00
7.722218167780082743e-01
1.253391933910502853e+00
3.813838196282591575e+00
2.040015668500476664e+00
2.173309329734006923e+00
2.355000626953097420e+00
9.969058125759143740e-01
3.106521102825372527e-01
1.250200873234248222e+00
3.100510319607233001e+00
2.303911077717376799e+00
2.079954551711809874e+00
2.209231972563724167e+00
1.292239226041481448e+00
8.547900800886004680e-01
2.009478163861368571e+00
3.996614443223288404e+00
3.254487624409979851e+00
1.902378466054969852e+00
3.579392022889292146e+00
2.099801614875980604e+00
1.726705939550734037e+00
1.113512137138681135e+00
1.939296372166007698e+00
2.370032713247037126e+00
2.331530446343952345e+00
5.906590511510855235e-01
6.798584868818686733e-01
3.401793908280703049e-01
1.318540258179710989e+00
1.350264514321537712e+00
1.114208762523250407e+00
1.052717839482743889e+00
8.458902509229011546e-01
5.285595619593402850e-01
9.362202502996509745e-02
1.177987138752300544e-01
9.087967449598300940e-01
1.140722172199836404e+00
4.423310553750487983e-01
6.138615002511932373e-01
2.614025859030245647e-01
2.421015157187910993e-01
3.292478539681818472e-01
3.630791904193593211e-01
7.022943514000912213e-01
1.346226141884674155e+00
6.614132275083700607e-01
1.002803734440206540e+00
1.043422942254150221e-01
4.384614784253510478e-01
1.373253561278481083e+00
4.747937768670039138e-01
8.837092186206835231e-01
9.841690918796445198e-01
1.070890125787971714e+00
5.465189043624991694e-01
1.255344788323628225e-01
9.952020610631184816e-01
5.633629875189201108e-01
1.028039334833847018e+00
1.460611253401394638e+00
6.735614661074726950e-01
8.725013001164418913e-01
4.506798997870617440e-01
1.361868444050865268e+00
1.478413465702662410e+00
7.770653960160278650e-01
1.429616279434092974e+00
1.261045127505763475e+00
4.333533553912164438e-01
4.434378806533782469e-01
2.216321932984990806e+00
1.769482283306723414e+00
1.435424026446199264e+00
1.165219440684559737e+00
3.928984524152046576e-01
4.070420209610496887e-01
2.058692472975233445e-01
1.931386073016706950e+00
1.088906759001946112e+00
1.276474957263418863e+00
1.234774994842862794e+00
9.539319037385309841e-01
6.371759600883806218e-01
7.154853749534223484e-01
2.090987649044555585e+00
2.373550472985545667e+00
2.022558066973514812e+00
1.402126514054413020e+00
1.565686579601489825e+00
1.790028137856327084e-01
1.096846801051990089e-01
1.298878336893484642e+00
1.059919783078877575e+00
2.163028097872682631e-01
4.837575331522622202e-01
4.102495583415565195e-01
6.746192996926932972e-01
4.148449554684131846e-02
2.688427636239228979e-01
1.346337878566675528e+00
6.504771990309576868e-01
3.873372561490555643e-01
1.486175346722829471e-01
2.309516655059944395e-03
