5.981771565233749005e-02
1.097897903835627631e-01
3.422338003927289513e-02
2.629188283510188739e-01
1.352457517835101708e-01
5.733792494398379930e-02
2.803099170802804130e-01
4.021351336486984618e-01
8.144428415868347482e-02
-5.214879726245743620e-04
6.780471772645654815e-02
3.338617954327418591e-01
1.359879776601262136e-01
4.081669453092333644e-01
3.319127934425980531e-01
3.435450695591536069e-02
1.078095809564542928e-01
1.614234562769083225e-01
9.239666331032961311e-02
1.506930095840001427e-01
3.146214003832394912e-01
4.383856517505561601e-01
9.581158580542106784e-02
1.188204824189111192e-01
2.040449221519303746e-01
1.455936679391018340e-01
1.386348391424132853e-01
1.006799661622503617e-01
1.120033659572348406e-01
1.270935969616575345e-01
1.234948527547212460e-01
2.348337201336939128e-01
1.586846278932826371e-01
1.599754246412766201e-01
2.634202338273547439e-01
8.456417969717758276e-02
-5.730689327892673048e-04
4.245614689664836683e-01
4.680358731281201168e-01
2.077660885052788065e-01
3.043962726717663325e-01
5.393137406250297916e-01
1.946919664516020831e-01
1.150755817640128076e-01
1.711039576669455553e-02
1.829463953119399300e-01
1.246061065106246063e-01
1.764370427915256945e-01
8.265592078519026775e-02
1.565334953486527125e-01
9.060084433618818822e-02
2.646306475885519816e-01
2.147632401456742446e-01
1.717915499189036077e-01
3.488354953363363431e-01
2.022357489688429155e-01
1.409200686650063927e-01
1.133794087305932535e-01
1.415587795925925541e-01
2.318403289283515190e-01
2.787644777352852876e-01
1.763559976316904088e-01
7.065714860555490084e-02
1.623895349448057635e-01
9.043583925704128113e-02
9.262333407229811355e-02
3.923677736641660863e-01
2.986699276577681195e-01
3.208994670464344195e-02
3.764985531885495229e-01
6.595933829207192289e-01
3.660890215629438171e-01
5.325737251326713162e-01
2.783366095955769337e-01
1.794013856596223255e-01
2.011813601413530161e-01
2.539280695442593938e-01
1.897770334033674067e-01
8.735526812507944661e-02
2.909279701930178597e-01
1.950760739620595319e-01
1.116808856672554667e-01
2.382945491063243881e-01
2.316354472552866473e-01
2.169345821072103941e-01
7.156057277773917313e-01
7.138783543672725385e-01
6.926868020785745816e-01
3.264687111099237038e-01
2.650526020735087251e-01
2.380363163503382562e-01
5.619005410759009278e-01
2.771897942051684827e-01
3.369378276165052033e-01
7.013673247334399896e-01
7.473367608983086940e-01
7.467691655921171456e-02
3.707246111901322805e-01
2.698088429834248902e-01
1.593586992506048489e-02
-1.573276334886111391e-02
2.328895470235606280e-01
3.557277607751678783e-01
3.788676084069075856e-01
3.624497635716529276e-01
2.292991462186759755e-01
9.941421072294559513e-02
1.212786445318046746e-01
4.960649429358431339e-01
4.063203233895983368e-01
2.435850148817853555e-01
7.642220693475703097e-01
3.249373202398343485e-01
3.548633122506661963e-01
6.273682760785456169e-01
3.079708224074003686e-01
2.867442861896403183e-01
2.256006612178921011e-01
2.716744628887494684e-01
1.411015801383389001e-01
5.091863563428286610e-02
5.243934976108692858e-01
3.308169862876479961e-01
7.549384713336417807e-01
1.114899332380084873e+00
1.663069962354641051e-01
2.382090484391433949e-01
3.446536452287587426e-01
1.093097766751916389e+00
4.715720266321543064e-01
1.661134677724213637e-01
1.517879179035450110e-01
1.625160315457173377e-01
1.007096380363931148e-01
1.384723241263027815e-01
6.712462085005541645e-01
3.165671002941488066e-01
2.336761065540652049e-01
2.269945968582837148e-01
2.492260091307062497e-01
1.014589424064731293e+00
1.209985757078853696e+00
8.788185775589665294e-01
6.041150685714463675e-01
4.562122139623374095e-01
2.420511201459800144e-01
2.487560046990892892e-01
1.812045861107241529e-01
4.080860465225115141e-01
7.734512729932124797e-01
2.497562243834945406e-01
2.233197301186100603e-01
1.761744326554239848e-01
1.296094387128089442e-01
1.012328070906821920e-01
7.686213522838386547e-02
1.055777906411675265e-01
7.165487868233175184e-02
1.503916830485927114e-01
1.249727635736005843e-01
1.049725591263893504e-01
1.290987190731826273e-01
6.745089364542820043e-01
1.012289302045009221e+00
4.343397992862911283e-01
1.457319726874932719e-01
2.432306167955037846e-01
3.988429098907189663e-01
1.974828230148487351e-01
2.417586740268669876e-01
4.649962341299516133e-01
1.959274903113286947e-01
1.192118815243794067e-01
4.437393718610024851e-01
2.955179545643606964e-01
1.239751929329436092e-01
9.145254061149929448e-02
5.144553367956921086e-01
2.353575165144886350e-01
2.871762880356253447e-02
7.632487430807750883e-03
6.930210734719161048e-02
1.576497619208841461e-01
2.128623330988334006e-01
1.152066019250920642e-01
2.007053930621948146e-01
3.193670825824089232e-01
2.058444224096228070e-01
3.572882345117937564e-01
7.952945417491480429e-02
1.336567136669195022e-01
1.861317328534956017e-01
1.875677623202427202e-01
6.563490853154048399e-02
1.808297483753099899e-01
6.557955455439490322e-02
1.400980523360831898e-01
3.877243054027030289e-01
7.200899690686425325e-01
2.690037102728823903e-01
2.311298905823966909e-01
2.189477383644043151e-01
1.542962646756238787e-01
1.693845390144388396e-01
8.192140833115901799e-02
2.843887658520072304e-01
1.744257766122423448e-01
1.617069014133101501e-01
3.170187364699184607e-01
9.757501332539819661e-01
6.293416889984709828e-01
7.665208720779572715e-01
1.074576691858444427e-01
5.096950749059785402e-01
2.959962696504849777e-01
2.614380021015481059e-01
2.390828054999794006e-01
2.226429357567304146e-01
5.559431413215615292e-02
1.136010677887683729e+00
6.522902584402101578e-01
4.933842268964681588e-01
4.344998044062451936e-01
3.123149835770219207e-01
4.027964481926522011e-01
6.742790913498656336e-01
5.590214323518859496e-01
3.042910784707891225e-01
5.967340218139510766e-01
2.515644992038809091e-01
3.596216133123030789e-01
2.318512059878800324e-01
1.379429442503039838e-01
7.893270654423935329e-02
1.993978272117264694e-01
2.565322494257772923e-01
1.528765596910946489e-01
2.879767587548050511e-01
1.860743433557736359e-01
8.203242690818210447e-02
1.997348415745182904e-02
3.589502186101889425e-01
3.382568856450035577e-01
3.836216891629777859e-01
4.271405530575003162e-01
3.994822153875039472e-01
2.915718667549484500e-01
3.701699436624799056e-01
6.391006819709693643e-01
4.472823206295003517e-01
3.601656595450311027e-01
4.004448352259060151e-01
2.129712477856789410e-01
2.040500226169737474e-01
3.712228926366627491e-01
6.692906768586295296e-01
5.392036616787764247e-01
3.335501526469439870e-01
5.352043363627594363e-01
3.995508289991760997e-01
4.258145958151837718e-01
4.997159362069423794e-01
6.391741030425325265e-01
4.420456004706124209e-01
8.744230626242229798e-01
1.052583703495431733e+00
1.224896019079450227e+00
5.645425072631753416e-01
5.472141662624206981e-01
7.505504291167038877e-01
9.493242336140133020e-01
1.111415537499303552e+00
1.527412974082395625e+00
1.545079526449339546e+00
4.082741563277907937e-01
1.084300047317259708e+00
1.393925002574660343e+00
1.013220599429285995e+00
1.645030542987347300e+00
7.780810678439195049e-01
1.024461460927353462e+00
1.159988236184215094e+00
1.202445006646408521e+00
1.698662479949475168e+00
1.543775228879145089e+00
1.042069561410964074e+00
9.747819113611309039e-01
1.982390692797977971e+00
1.253184528710537204e+00
9.776690120493494174e-01
1.149920231456362352e+00
4.431319594276391105e-01
1.429274419099397342e+00
1.249735814209572249e+00
9.980031394501071018e-01
1.218481683948590799e+00
3.591468786904948307e-01
1.277278606562685104e+00
9.217771745354704782e-01
1.792110529497389138e+00
1.114897047576192568e+00
1.210920402524506834e+00
2.750021979616307788e-01
-1.346920523712331064e-01
1.156748502876376428e+00
8.469370982918117408e-01
7.403608745609032704e-01
1.623731397563092094e-01
8.369543178843154296e-02
-6.049342286467591229e-02
5.140844743724287680e-01
1.891326348904292853e+00
2.400413315602480668e-01
9.576644824669956479e-01
4.621623733250278532e-01
-2.998700256894983388e-02
7.769356826519246972e-01
5.200479229971512879e-02
9.024412860605370845e-01
8.489975736719954647e-01
-1.043529515815351388e-01
3.071812601883696092e-01
9.195669937993943277e-01
4.895925321633257665e-01
1.230002701684347999e+00
1.099313796257962661e+00
1.287851653486731474e+00
1.215327833259832957e+00
6.452744272160066963e-01
8.118835024984896176e-01
5.692970439944136096e-01
2.192664027010823857e-01
1.893879360860410532e+00
1.055198011587931362e+00
-1.846234084272487252e-01
1.870870681849442940e+00
3.660443280161296276e-01
3.554328959667130139e-01
1.277183012431990505e+00
5.684951054804487924e-01
1.069486910840499405e+00
1.479638477934112295e+00
1.089593532549454569e+00
9.391336007100714589e-01
2.930666707437796226e-01
1.308976328746374707e+00
1.412673845621759794e+00
1.684979443662314447e+00
1.054640433858218040e+00
1.209287442678410374e+00
8.261279306985219728e-01
-1.252111513611974978e-03
1.138047717399585324e+00
2.160072499053732109e+00
1.950225394604968576e+00
9.928140675002156135e-01
2.426953641350971802e-01
1.226835413626262028e+00
4.775719572769802079e-01
4.236008302472455966e-01
9.366646791908802561e-01
6.789491420977520342e-01
7.510016507875079128e-01
4.582399127169419772e-01
7.577668768378685582e-02
