7.415045298382892947e-01
4.016802141467123563e-09
1.229549717997524771e+00
5.008701527860623948e-01
1.280480682167255413e-01
1.191041668364350326e+00
2.225643402280839725e-08
1.843489214209959592e-01
1.228799861835647267e+00
7.518556155371947103e-01
6.182513732966864461e-01
5.645137135376242510e-01
3.049676274425291433e-01
1.053028792847172213e+00
1.458942661313655798e-01
-4.671450608177660376e-08
1.811305319977174477e+00
4.347487556875868631e-01
-1.575902673174901388e-09
3.481159223809168757e-01
2.714041158532988270e-07
5.625588492867187567e-08
-2.016480930048101250e-01
8.291516065263563329e-01
1.205528200981806020e+00
3.723688966414201995e-01
5.272452924376603428e-02
1.261518040191397683e+00
2.062138728567781409e-01
6.773872150387589830e-01
1.045157294517443880e+00
2.055788278743836683e-01
1.941223870845087740e+00
8.691137912189547676e-02
-1.886370978578834623e-01
5.087943297977312040e-01
9.471654800480882042e-01
1.283934544970720015e+00
2.505085753073010846e-01
8.813763044147521208e-01
2.141341079695678953e-02
2.582053201658029429e-01
2.182338967670715557e-01
3.187410918005311178e-01
1.128474503022895536e+00
2.111408686677971880e-01
3.980757258319781999e-01
6.840234123445357861e-01
8.270061326833280102e-01
6.076096772060207707e-01
-8.432244393940515706e-08
1.010652878942144062e+00
5.098923548663822913e-01
1.081093591036494717e+00
2.099585327665400292e-01
2.440025349520480724e-01
7.219002287986079347e-01
6.007209746668539241e-01
8.745089193859080234e-01
1.373971857156125909e+00
5.769436868943552676e-01
4.033255139037277281e-01
2.361317035756421712e-01
4.525172998464621066e-01
9.688574819938885474e-01
7.037746977343206645e-01
2.398543577183049891e+00
1.734148759416773267e+00
9.456401469492509149e-01
1.609204744612363180e+00
1.262369584619209339e+00
1.316608661627453492e+00
1.204985756371267813e+00
6.205785779158534687e-01
4.198852356452796863e-01
1.381246348079830266e+00
2.068149587370306797e-01
1.660665937107837868e-07
1.210681008505563039e+00
1.379700523248197142e+00
7.351600970340435026e-01
8.358195918532868030e-01
7.838576084158310753e-01
7.524462665549082052e-01
1.502661105177666379e+00
9.195551461801267923e-01
5.669613247074082318e-01
3.723266566021109503e-01
2.583547765881424318e-01
4.627113974544635466e-01
6.761131908981328209e-01
1.233730514820198937e-01
4.711317592629303275e-01
2.104094406827105579e-01
2.116868879398913883e+00
1.557176828800033719e-01
8.817649023282086995e-02
2.043569286101029281e+00
1.658915222364328895e-07
2.141889863081496426e+00
3.087157188897057813e-01
5.104732064096545452e-01
8.421046360682564735e-01
7.529523648884575186e-08
-9.668353755235410685e-02
4.227067549453061845e-01
1.658522693699962858e+00
1.336186775401389859e+00
1.117095741106906986e-01
1.386850373868460384e-01
1.873829036342253524e-08
8.217224608655903328e-08
1.368202405727532822e+00
1.494937844647690195e+00
1.923788560975920048e-01
2.121562951404468156e-01
7.525172277031338326e-09
1.982033725811669922e-01
5.092654416236134352e-07
2.080664213827201875e-07
5.445848271101754179e-01
7.305909616767524031e-07
2.142209564041881731e-01
2.864836643797677894e-08
7.067320667951179336e-09
3.560275641854406222e-09
2.538459551817062731e-08
9.910452159228436697e-01
2.940717958060815040e-01
6.951935383095604326e-01
1.510947904052308166e+00
1.135601199059515176e+00
1.514155830397267755e+00
1.757760895197715945e+00
1.596214734281799608e+00
3.331276889191067125e-01
2.333165135576233951e-01
4.297254624233717291e-01
3.051465783659164099e-01
8.239553742638973041e-03
2.008336527375447211e+00
7.784074777523037891e-01
2.057749041821977370e-07
1.176282569228249919e+00
1.084071613689432390e-01
1.350778438059004660e+00
8.067879643283119018e-01
1.542617339388272280e+00
6.289011552214025524e-01
1.961413335135830746e-07
8.572079010981945024e-02
3.904220354032003304e-07
3.523234196129350071e-01
3.908005979404820297e-09
4.102959165755609705e-01
1.416293797742758653e-01
9.442645150719379821e-01
3.691980033047083110e-01
2.621557135567016127e-09
-5.629826358006878230e-08
3.862094430024181796e-07
1.332288509443995572e+00
1.796017612822230047e+00
9.155012534210458242e-01
2.639230903973472375e-01
5.550419285444198048e-01
1.041897972216911050e+00
7.029117349309297325e-01
2.017379430443523081e+00
1.810529533385214940e+00
4.676292801622249362e-01
1.572962419369614118e+00
1.227052797449997179e+00
1.272462523036014481e+00
8.120930130668351232e-01
8.495732996835519968e-01
1.838271954306823996e+00
1.086604959575607543e+00
1.457930516829328171e+00
5.767772097066246051e-01
8.955423405336133680e-01
1.840668829865988593e-02
2.244302412297231264e+00
2.252394024581907406e+00
1.748954041212368749e+00
8.764725406619177095e-01
1.444295740012358165e+00
7.079297476679979884e-01
2.222319598749990632e+00
6.774846769117551792e-01
3.220264252888554335e+00
9.511334858743862863e-01
1.345722016853094338e+00
1.934381833819878160e+00
1.081622036991644498e+00
1.954433595811913005e+00
3.078355247599341205e+00
3.116775481656305580e+00
2.962939863039558031e+00
1.052298775854097812e+00
2.395891278857332107e+00
1.422508090434914108e+00
1.406647406567717917e+00
1.313500912299630619e+00
3.067635582197938859e+00
9.704642724278430554e-01
1.784616018729320963e+00
1.272362925395891686e+00
7.225100119055836156e-01
6.274905009299088787e-01
1.296105103738807829e+00
1.656650278824018940e+00
8.423844260823987184e-01
2.100215109672721514e+00
2.500810552609085136e+00
1.115876261252451984e+00
4.958277685837658710e-01
1.883885532510391148e+00
2.815490539930773028e+00
1.043219457568246300e+00
1.162909921490344223e+00
9.178718999980243209e-01
1.529065862273886856e+00
1.083802111735854057e+00
1.707349214168622398e+00
2.882720229407073731e+00
4.606598405387510309e-01
8.191614977586197943e-01
8.352557028095323330e-09
-1.386257618137409428e-03
7.280979552003736914e-03
6.778579440011180957e-01
3.793596264100127513e+00
-5.800967995817340322e-02
1.013785805778903759e+00
1.500729788681517777e-07
9.454261479344049368e-01
1.747488925480981947e-01
4.855601391443614689e-01
5.390391397637134041e+00
2.006717777958069160e+00
1.255634172358434331e+00
1.080600319534658738e+00
8.818478156124108791e-01
2.207055550240061947e+00
1.594973691623488676e+00
3.605389324880118540e+00
2.590910757998884595e+00
3.381368259692860256e+00
1.171225665995661469e+00
2.726193834693391160e-01
2.037868983635165776e+00
3.093036366439007590e-01
1.296528458454988542e+00
7.368128589440063880e-01
1.685659656446397037e+00
1.458573546945364674e+00
1.417808994668104283e+00
4.080401479964583800e+00
7.780938859143189390e-01
1.419970794343176301e+00
2.473286250768375716e+00
1.470746643085682592e+00
1.313402702377101106e+00
2.293053295359738453e+00
9.829646382837129437e-01
2.401612136477513940e-08
1.230999282217152935e+00
2.288004802686218753e+00
1.994027743921460427e+00
2.076830951991981866e+00
1.946303929822458478e+00
1.399536448382984855e+00
9.496774495104638447e-01
1.941890967502202248e+00
3.647696427424833132e+00
2.930563817874363597e+00
1.939283089227640922e+00
3.448181661123357333e+00
2.013981977385955968e+00
1.594481859005569158e+00
1.170069669310138227e+00
1.443757918401998186e+00
2.237427243223484741e+00
9.022378629338692058e-01
5.184056399339009857e-01
6.001003601332492998e-01
1.140567172291451770e-01
1.385996662855268236e+00
1.204863848622930833e+00
7.506009545119022297e-01
7.662213162214325246e-01
7.009652572629196943e-01
5.542298422642381039e-01
8.768286232856853379e-02
1.655843113060401032e-08
5.057934421259138169e-01
9.066240979452414583e-01
1.507319576310542641e-01
3.300810452295830366e-01
6.648813091855756974e-02
1.587367325694904470e-08
8.049887487859504055e-08
7.022111270314193576e-02
2.279789647096728822e-01
1.047293344873016174e+00
6.614078582464212319e-01
9.994159797787793842e-01
2.980361907070117278e-08
1.967112612568954984e-08
1.373249376438120617e+00
2.629843074708448913e-01
8.585276636717011911e-01
4.219058742110581850e-01
9.999410458390631806e-01
4.200272125608597862e-01
2.097736503311666921e-08
7.955366828490020303e-01
3.637815135103303343e-01
4.384146428696798492e-01
1.439946074620499950e+00
2.446913056029606515e-01
5.952354900455434361e-01
2.843350954097456640e-01
1.331954108155080085e+00
1.416774012643215785e+00
7.770618146322647579e-01
1.443453936182583774e+00
1.214229819281731571e+00
3.458284684445372958e-01
3.275529314055986019e-01
2.236957234191329302e+00
1.715803190715664783e+00
1.366924693909974620e+00
1.147070252035292892e+00
4.244330978623507833e-01
1.668223694594706563e-05
1.391281612501130416e-01
1.931381002093083055e+00
1.088902737021478551e+00
1.276470661664270256e+00
1.226565092572113880e+00
9.236241364240075358e-01
6.371697904869494389e-01
4.667705332134934881e-01
1.988003874050617847e+00
2.356109045828483239e+00
2.060627463830353889e+00
1.402121908230516745e+00
1.601634665826874748e+00
1.789988227537267773e-01
9.933658654544008648e-02
1.298779530318048492e+00
1.059915773152187324e+00
2.162981612706306456e-01
4.622085784749617177e-01
4.117458729655358307e-01
5.832781144299247211e-01
9.262961938248159832e-02
1.646531549101157010e-01
1.317615210244686308e+00
6.504237729923971756e-01
3.510975239892945576e-01
2.078507648877866154e-01
3.119472602801847479e-04
