4.234058475106838304e-01
9.213033549788314236e-01
1.890389511115340426e-01
1.463887912468875893e-07
1.693936374172055448e+00
4.454748695118052049e-01
3.715379580709587206e-09
9.666977971220672705e-01
9.763094653575714599e-01
3.957803032736952886e-01
1.176197379410388599e+00
9.274987740736478914e-01
7.433953186847170880e-01
-1.082378101178077198e-08
8.225025273377978285e-02
8.700651029078065868e-01
5.440938150302234710e-01
2.610053978421367771e-01
5.360795707632844964e-01
3.601086439101118253e-01
0.000000000000000000e+00
4.386373850573222488e-01
6.323846488122777387e-01
5.605531859038818121e-01
4.763968527756567300e-08
1.970795264671194591e-01
3.569804146843790216e-01
1.956794313995597050e-08
1.076235196158364908e-09
8.721280953243418788e-01
1.555123966729292651e-01
-2.735728924932547651e-09
7.758802699996626417e-01
-3.094676087249821708e-10
2.114116581094883929e-01
5.049954620365325790e-09
2.664049984253101799e-01
5.091274011315312098e-01
1.004107980130955619e-01
1.356780010020298133e-01
7.581685571560755006e-09
3.676726838771477990e-01
6.949014221147606348e-08
4.067383028215945107e-01
3.603425325291232939e-01
6.981422464620873347e-02
1.773824259053964625e-01
-7.836725138726344876e-10
5.619306580754616087e-01
3.102986758445436810e-01
7.041739642899279561e-01
1.017469664375200367e+00
3.777538448392454046e-07
6.400080390023643595e-02
2.342864115632859159e-08
1.244707849369015434e-01
5.990138945734868603e-01
3.196623724385888599e-01
4.801457882048276171e-01
4.134057807167996201e-01
2.335122026210907920e-01
7.422694462199283527e-02
2.740062319001432267e-01
3.038883784662204657e-01
3.985146782395349585e-01
4.621079416045240085e-01
2.817939520550508115e-01
1.246018596828955133e-01
5.031064077441388394e-02
5.582505492220874999e-01
3.172019783636552971e-09
1.045006941255186783e+00
1.351953961803301407e+00
7.109517850374031944e-01
2.828272511979001980e-01
6.038661117348425034e-01
4.523093654438622990e-01
2.238512372679941909e-01
1.577849009474178166e-01
5.302176525167685839e-02
8.430603700297658598e-01
9.496058880860065443e-01
1.029288162318325206e+00
5.876751736367135104e-01
5.216911670037998050e-01
7.530330661976544215e-01
7.062447243458643831e-01
2.495049616305769491e-01
9.625224042638896860e-01
4.935743128907387756e-01
2.196033947130015263e-01
8.986431239641873292e-01
6.951496123327395305e-01
5.118193440110166970e-01
3.972641007030644489e-01
1.407694917731712458e-01
2.169125648559279973e-01
1.085994496588939817e-01
4.939278930157276482e-01
4.132835075076468634e-01
2.299207611550198038e+00
2.543424883643264356e-01
6.598047816485778094e-01
1.891564986377993474e-01
1.629425270047329399e-01
1.595417380103076321e-01
3.745898258257616686e-01
1.619259727810722083e-01
1.077044631837655420e+00
4.366587393791106497e-01
1.278489109674618929e+00
9.822755450617396411e-01
9.856730591134948982e-01
4.698767595551883725e-01
5.494874642096034822e-01
3.084723794894509985e-01
3.792692992421970444e-01
3.301788412138337292e-02
2.630721503023816799e-01
1.118790937058687485e+00
1.668130479323920723e-01
2.389318079297379771e-01
5.033512947990880226e-01
3.329077662109200531e-01
2.566040659779629807e-01
3.204040119682135535e-01
9.114650715702068418e-01
2.921309657379952962e-01
3.116930010504403437e-01
2.727142431767199393e-01
1.413802262887855720e-08
2.230430557967341965e-01
9.571881647749737043e-01
1.086705796817512448e+00
1.356211155441084670e-01
7.287789537547388896e-01
9.721212263391495467e-01
5.759905496660387980e-01
3.927053960872286627e-09
7.418292840902049878e-01
1.050782804424840622e+00
6.742967145157601205e-01
8.049809878743975355e-01
6.961278703506513788e-01
8.130490480278892429e-01
9.660324820916552646e-01
1.033430859136883484e+00
1.903526338151793729e+00
1.737326033468991948e+00
6.290648142919346153e-01
9.783555631804454755e-01
8.892679027435034245e-01
5.001362233372904642e-01
8.581987875125535181e-01
1.121190686753711585e+00
4.008117803336378460e-01
5.391700325798570725e-01
4.657411929656794514e-01
2.258652461153362878e-01
1.861677746747557594e-01
8.711816591723678949e-01
1.218089739086125611e+00
5.852109299243454243e-01
5.400149283255483157e-01
5.817988911711877709e-01
3.107220459958220937e-01
3.762302874660994889e-01
7.930529655430974545e-01
8.456625950560213711e-01
5.701728961383681904e-01
2.880212583154051487e-01
5.185841667246647857e-01
9.534682630535154524e-02
3.839434885012382170e-01
1.166236558099475573e+00
1.333240100434851305e+00
4.916877391263233532e-01
4.543455659013629910e-01
3.820441478853059403e-01
3.717189080747766994e-01
1.043204141484493364e-01
7.212182277384634466e-01
1.175382082874779410e+00
9.409818490083529108e-01
1.570213534214853324e+00
1.135550751149834392e+00
7.317736127231370125e-01
5.478176601309561189e-01
8.636257499980255492e-01
6.818795486663287164e-01
8.341496081277772756e-01
8.484000415550643215e-01
1.028062686697767125e+00
4.986762652750807989e-01
3.320765834391820603e-01
7.708217044452349009e-01
1.538687073776549896e+00
3.336753590651186929e-02
6.405243236445338217e-01
3.558030411109474045e-01
4.133487311430119604e-01
1.765955800212572054e-08
7.052951509866945967e-01
8.196534215014003033e-01
4.069542627515115307e-01
1.059522746908139745e-01
2.866772748795163861e-01
4.658451837098551845e-02
3.427796923400303064e-01
5.740847070400508789e-01
1.221767543221005781e+00
4.411229669080998783e-01
4.971864466037840824e-01
1.785827455752021344e-07
9.763770343328540546e-01
2.543347661631168433e-01
3.421604716587284267e-01
3.191517583205064068e-01
6.751932943351791616e-01
1.005482360973992462e+00
6.477361348255453732e-01
1.226178849488047673e+00
8.651435388762439560e-01
8.406244563801841263e-01
1.000692481956416025e+00
8.153419194727615782e-01
7.794090897086363157e-01
3.541260188056377101e-01
2.846341538918537029e-01
4.042394239588847360e-01
9.413880207263259914e-01
1.023409645829918446e+00
7.463040247382793924e-01
7.126266206891492816e-01
1.440671117632400300e+00
1.083653216855150925e+00
2.742923148085882890e-01
4.986025541936483507e-01
5.050283559485940765e-02
5.046948080561363126e-01
4.417911613914890512e-01
3.827835286125807479e-01
3.804313490487079008e-01
2.320594300819076583e-01
3.740943766902446455e-01
1.008711215252415361e+00
7.619314448349878699e-01
5.784548085517841054e-01
7.919736190824927524e-01
5.885962691777349987e-01
1.041050826542492036e+00
1.086883983661316444e+00
1.201505937400219937e+00
2.875835791299445887e+00
1.275596221725272539e+00
2.052158520414863463e-01
1.082105479224425126e+00
6.846351762344115022e-01
8.595997406206252744e-01
1.069334888809513995e+00
2.941879703959280890e-01
1.858194656792750088e+00
2.265197399025278724e+00
1.369559896628459006e+00
5.851249419779206429e-01
5.409717015184725142e-01
1.280888014942902053e+00
2.674442173903365916e+00
1.335400432749427324e+00
1.202553676912101910e+00
1.012060974671109781e+00
1.253406980918296831e-01
9.679790122590057333e-01
1.132250946469000041e+00
9.506602413742323288e-01
5.920433134860949576e-01
1.383735227305240789e+00
9.101619194458262507e-01
8.565074486248127617e-01
1.269800682111715373e+00
6.692779443346494883e-01
8.913928812819634784e-01
5.724439026783680884e-01
2.058765949344124380e+00
6.945440404167319004e-01
3.266099749549406517e-01
1.136610554672658369e+00
1.224600717747576617e+00
8.068322496143951472e-01
4.616582023274720115e-01
4.947647902697731026e-01
1.017280167857043338e+00
6.792052566757694754e-01
9.414964604089999245e-01
9.477347027984794892e-01
4.620651751110828598e-01
3.050186356200056403e-01
3.710526663236571876e-01
3.588208702797719418e-01
2.635186342921772562e-01
3.935731548256409251e-01
5.953664594444154634e-01
1.363329831059528097e+00
5.989404729285680018e-01
1.068729749873682383e-01
6.730357918096658842e-01
7.007668442195744696e-01
1.279378658407678004e-01
5.609796351525886404e-01
1.348349118012718062e+00
5.467195897630047208e-01
4.288292914429369107e-01
3.260211689677583458e-01
6.082132050898603204e-01
1.454421019945666693e-01
2.452586246202961839e-01
3.042266291233341469e-01
1.013913417992170274e+00
2.885765481793280407e-01
5.644226849934034229e-01
2.527472604836141223e-01
0.000000000000000000e+00
8.340439282707924340e-01
5.710874492094700772e-01
2.423085377149928332e-01
1.795867977312239627e-01
5.591589084231218809e-01
8.781349107857598923e-01
3.308284075891607112e-01
1.965142925458713274e-01
2.723492589164493438e-01
7.747898387242285745e-01
1.082063660456180632e+00
1.049364869187212612e+00
8.459286055769196233e-01
1.667127298236159294e-01
1.032550317271367230e-01
1.599709288993896028e-01
3.569501220698743094e-01
4.910089339911105633e-01
2.007403285937303383e-01
1.574393229340869393e-01
3.290544760505530811e-09
6.062698236959840337e-01
9.387990181014452817e-01
2.460180411853906679e-01
1.706223237527661751e-01
2.664574302518462057e-01
1.366251922922803175e-01
7.360333294024079754e-08
3.026209886711465624e-01
3.871384792800319219e-01
2.564069883026595664e-01
3.386109729996759909e-02
1.433031469649152477e-09
3.664642502538313917e-01
5.783004722644099482e-01
3.968511433100266328e-02
1.391099925813102656e-01
4.578213512765417770e-01
1.618083205666635549e-01
4.750914420341130762e-01
1.673047568567656573e-01
6.261205818122965727e-01
7.917474836411493577e-02
