4.438556791916025146e-01
4.281715903698081194e-01
3.601052419239966773e-01
2.768562431816420366e-01
4.438006596559758710e-01
4.688970399638546782e-01
5.243401327949640534e-01
5.171006876010333375e-01
5.471326747301271665e-01
4.864824066612389308e-01
4.649813700629512603e-01
2.326457615939083179e-01
3.776324128078196729e-01
4.158796932007794434e-01
5.492203735168991185e-01
5.271377100189201803e-01
4.948472617644479321e-01
4.993009804198111912e-01
3.834254787486506277e-01
3.112305107162101070e-01
6.085201667364795175e-02
1.451749685835850845e-01
4.627824890210546771e-01
4.448311485608376636e-01
4.924002956666699848e-01
5.081346763680322232e-01
4.810850293408675538e-01
4.941050359189161356e-01
4.233555495063690000e-01
4.269042669591944228e-01
4.342848496216843435e-01
4.216052950176610858e-01
4.798350293630088137e-01
3.482667865163171506e-01
3.649389758164731656e-01
4.617638185575827503e-01
3.595104111567758443e-01
-6.426208960108214380e-03
9.715187609602794760e-02
5.101518557173252422e-01
5.495956909493908693e-01
5.695320088534392422e-01
5.265498676159714453e-01
4.915573359381706364e-01
4.458474442406741289e-01
3.779936712271196875e-01
4.686298427703089464e-01
4.253133806916734594e-01
4.221722035223255398e-01
4.030596326625195958e-01
3.247196838595468593e-01
2.346810968751716076e-01
4.168328745987750494e-01
4.095968035479068403e-01
2.332791606977777099e-01
3.791625010015631236e-01
4.425608555452231752e-01
4.238336910455059448e-01
3.638565664438864200e-01
4.376999228927874186e-01
4.671889895050697628e-01
4.766934328747499672e-01
4.934086245577230523e-01
4.690647672327202811e-01
4.176205673877892988e-01
4.144580132100961212e-01
5.055666283429713914e-01
4.897952233284251777e-01
4.919716226375427937e-01
4.121515703983627543e-02
6.921052596061288975e-02
6.610157795069095121e-02
-1.656774827846090037e-02
4.054111509851304196e-01
4.851114812932540987e-01
4.927676095565118874e-01
5.670258432296412243e-01
5.162535625146364993e-01
4.979220609585638391e-01
2.631293526707141894e-01
5.228531426077838162e-01
5.685979038829813703e-01
4.910922525718226517e-01
5.384567682390681842e-01
4.558507312438604409e-01
3.262281207800925287e-02
4.663562052529504620e-03
2.353998648881328593e-01
4.678851927623217666e-01
5.346584764628907749e-01
4.541528708902748401e-01
2.627688823846787147e-01
3.227774341920555123e-01
2.265935509189009600e-01
-7.097152028098254739e-01
1.494567329723937021e-01
5.003911905438529484e-01
4.502925079471503111e-01
4.383207180148812609e-01
5.786069815483844136e-01
4.639700596183884418e-01
5.358284905725122504e-01
4.985340562441731294e-01
5.780268422782286475e-01
5.898281608043717261e-01
5.648107989407041840e-01
5.766857586638653999e-01
5.891809466983110033e-01
6.261501677720275882e-01
6.769493517304185914e-01
5.668529272174049893e-01
2.978791537591204408e-01
5.508131510731089087e-01
4.398700909069023224e-01
2.302636703895141468e-01
5.467056793496959388e-01
5.272795393444372758e-01
5.587032608823574442e-01
5.349679441217742859e-01
6.269515901466394814e-01
5.458237174160244232e-01
3.171166437000707550e-01
5.527276495271589152e-01
1.304811218649161997e-01
3.875118133467579662e-02
5.477519474703919089e-01
6.588436528971308714e-01
4.620810556711861250e-01
-2.631623167702632493e-01
4.271978182682140135e-01
6.772355875161255589e-01
6.185956375507568605e-01
5.790536450624753639e-01
6.800336723605864275e-01
5.587820528661844310e-01
2.143669618693453405e-01
6.133311972329504869e-01
6.636500156384107507e-01
7.050312039195463232e-01
6.315215454225313607e-01
7.303102638554559434e-02
-7.960876849280607015e-01
-3.248797948718207262e-02
1.177479031865881487e-01
4.662056446561182455e-01
5.870791737131831889e-01
6.004531226240658048e-01
6.843113178950275266e-01
4.669137399866415961e-01
1.965925394162636730e-01
6.070269313992656679e-01
6.248108219125461105e-01
6.197961985893795100e-01
5.650463782849171057e-01
6.636375497329610740e-01
5.897913555233925686e-01
5.462273837926601150e-01
6.951218717672627001e-01
7.109550185525184141e-01
7.261519217680117988e-01
7.353642898483820911e-01
7.343526761367086264e-01
2.689880806189953732e-01
-9.976808012464806474e-02
6.132692590345970585e-01
7.725709458709461019e-01
7.713048026801521129e-01
6.741085034752858363e-01
7.358645297366632754e-01
6.407029972588915712e-01
4.512462035504082314e-01
6.961384758753050850e-01
7.475596204330682282e-01
7.903877681071735939e-01
8.304918761948010264e-01
8.346632907513261701e-01
7.674835256100496217e-01
4.997167348299459966e-01
8.017627284307854429e-01
8.334915107475393548e-01
8.297691313501350807e-01
7.984674765909924865e-01
9.075063932689771962e-01
7.589811927502621014e-01
7.681205430054013350e-01
8.052829324303631964e-01
7.101499921357883327e-01
8.528350456168367622e-01
9.149641672100337075e-01
8.347823975062155233e-01
7.494582359732107069e-01
7.142312248770028571e-01
8.235935266602457672e-01
8.764729355347564699e-01
7.936556146200131057e-01
8.313697839355767005e-01
7.922487275993406186e-01
4.979711721709614292e-01
3.003585876538573673e-01
8.020150044219584995e-01
8.485572484888180833e-01
8.247909117890794839e-01
8.150620268158190740e-01
8.288299355693691250e-01
7.216810697792553908e-01
5.076513929300479067e-01
7.879377989686737749e-01
7.894501569906891003e-01
7.260458343928606340e-01
2.240530080541787705e-01
4.983824019139549977e-01
1.312387488148262504e-01
5.345215869159340993e-01
5.919290552279857787e-01
8.536042118056079708e-01
8.633369705038513864e-01
8.774524497300966175e-01
6.528126281498376482e-01
5.858633395121173315e-01
-2.396904694614395148e-01
4.989941332691538722e-01
7.372557804080036581e-01
8.904073485601933236e-01
9.571247171448359348e-01
8.482604806229741001e-01
4.556039893449705946e-01
4.456170377551761375e-01
5.893669507972469912e-01
3.481783671542569292e-01
6.841219688464094117e-01
6.883802233567599682e-01
9.285427970320575541e-01
8.649520762005346031e-01
7.343258645852812627e-01
8.230620521016412949e-01
8.627527610774944344e-01
7.962580809601365051e-01
8.194919918070455722e-01
8.619660409634266607e-01
7.965209687390140125e-01
7.449168780438563120e-01
8.301679638789576376e-01
9.712719905321157698e-01
1.016088731885189667e+00
1.049167834286297563e+00
9.754450056844248262e-01
9.812420600020719252e-01
8.484380860596527629e-01
1.105535180536685758e+00
1.155832660321900907e+00
1.138351252555090287e+00
1.143545337741243451e+00
1.255514973434596948e+00
1.212514448415336954e+00
9.255585362077147771e-01
1.148171768119382374e+00
1.233938551574580877e+00
1.401017833100674848e+00
1.315687939509965210e+00
1.342905893043497834e+00
1.246131920995615427e+00
8.311974881278114680e-01
1.084368932751910819e+00
1.298946954276283483e+00
1.107601865085540149e+00
5.285918507462926685e-01
7.480099061697510487e-01
1.106549694895423208e+00
1.091796128463323079e+00
1.132990378372029650e+00
1.111953610633046319e+00
1.007205381508377240e+00
6.890311859910388526e-01
6.296961706699789607e-01
1.067279282179006472e+00
7.442994372239396944e-03
7.768893295047747394e-01
1.109941003195704434e+00
7.224963526022248894e-01
2.671650397415286093e+00
1.806926969683166462e+00
1.176462859488669688e+00
1.091684865261210113e+00
1.283847722495670585e+00
1.018301299011866501e+00
1.507435240328670822e+00
1.298337615442477722e+00
5.774997204333123246e-01
1.397636312681580950e+00
1.156157143468561355e+00
1.267957004551578670e+00
1.097293708117119682e+00
3.101900284692154022e-02
2.835178916447555486e-01
4.785320842247557938e-01
8.547719991765789782e-01
1.031012378187370793e+00
9.701279223370564697e-01
1.324042578952315807e+00
8.225636115441788965e-01
1.352569871038630467e+00
8.598790148933588284e-01
7.491087154107178847e-01
6.153643030206739084e-01
3.319596701730189725e-01
1.353095878131238106e+00
1.465833617102441755e+00
1.566456419011297063e+00
1.277928830026097806e+00
7.532411550095483577e-01
5.736844241165992703e-02
6.631637479874239460e-01
1.572964600649209288e+00
1.076908997366933907e+00
1.737466425086469091e+00
1.621296564119785177e+00
1.084145055379583944e+00
1.625477812751753737e+00
1.681247775051366355e+00
1.770191656854001927e+00
1.695659562964983991e+00
1.014640200637179079e+00
7.397648424422160751e-01
9.788195783748656620e-01
8.436122714380417387e-01
1.631192254821103749e+00
1.644033196002478547e+00
1.971550979117043134e+00
2.054276762609276830e+00
1.575136557420824035e+00
1.691255750084718290e+00
1.919241878264046131e+00
1.555535483913756511e+00
8.749442159627608406e-01
1.023869415888716716e+00
4.183324054135213466e-01
1.267800667784925395e+00
1.699894526050196308e+00
8.988227305623940344e-01
1.927344057883856099e+00
1.383278132873697164e+00
7.952320266384236280e-01
2.067527129213331705e+00
1.763881563588981294e+00
2.178192364408534587e+00
1.219851778429273059e+00
1.598800688708382545e+00
1.688387462913620407e+00
2.227295618234354180e+00
2.519768998938262783e+00
2.735495348996143328e+00
2.607027915684433594e+00
6.400217088246018537e-01
1.640795077367390054e+00
3.224511781019591350e+00
3.606737239159533814e+00
2.831543393821942978e+00
1.082386244920764851e+00
1.547405896614978627e+00
1.468421296963952738e+00
8.804765210368690198e-01
4.722993942683865187e-01
1.037164043803520119e+00
3.463722521935813647e-01
7.962673851953624982e-02
