7.415093721579560926e-01
4.020433919058596943e-09
1.229554059391286147e+00
5.008735511037540888e-01
1.280515418134868522e-01
1.191045647343371927e+00
2.224749181020599782e-08
1.843511676895986662e-01
1.228803645604503059e+00
7.518594433742784577e-01
6.182553557891489193e-01
5.645175372428440363e-01
3.049714093235355583e-01
1.053032589804030916e+00
1.458967718135995018e-01
-4.672145955469108884e-08
1.811309296840987626e+00
4.347528723056303668e-01
-1.575357487085214885e-09
3.481199580782290970e-01
2.714174733121375402e-07
5.631900943109529015e-08
-2.016448536311974682e-01
8.291555620646756664e-01
1.205531928123677821e+00
3.723724223072297224e-01
5.272800992942815179e-02
1.261521762675762437e+00
2.062155899846965235e-01
6.773916391707410778e-01
1.045161241104627825e+00
2.055812763474526017e-01
1.941227504155850658e+00
8.691274023571139706e-02
-1.886331793138033841e-01
5.087987407718036481e-01
9.471706931433685472e-01
1.283939435534969808e+00
2.505132104123616310e-01
8.813806926802301156e-01
2.141694184915915802e-02
2.582090436389180010e-01
2.182178059582327023e-01
3.186995670847766471e-01
1.128477693285314221e+00
2.111419418781511348e-01
3.980779350803406169e-01
6.840276494631918336e-01
8.270101589189353675e-01
6.075940654937544982e-01
-8.438486811975085309e-08
1.010657467413428989e+00
5.098966268323326112e-01
1.081097690438691750e+00
2.099623014112443620e-01
2.440067689036615750e-01
7.219038177391292610e-01
6.006904224132580961e-01
8.744984669088342599e-01
1.373953039290760847e+00
5.769272522797951330e-01
4.032982818914888079e-01
2.361002846228441587e-01
4.524868103783280526e-01
9.688264971696494143e-01
7.037405156992566635e-01
2.398486698756799207e+00
1.734098398143523623e+00
9.455763324660267921e-01
1.609145161101810828e+00
1.262325154083178802e+00
1.316562835763090522e+00
1.204989823646051894e+00
6.205725211519970141e-01
4.198602196134566533e-01
1.381250333013143816e+00
2.068185152567720009e-01
1.659819200521506915e-07
1.210626201639105171e+00
1.379705030813574540e+00
7.351327586534807113e-01
8.357690221806989284e-01
7.838234077238482866e-01
7.523940664920524268e-01
1.502588479900021090e+00
9.194909534078307134e-01
5.669297987146370010e-01
3.723260734162150976e-01
2.583573771810428465e-01
4.627137988768547094e-01
6.761173570952326850e-01
1.233741986344890629e-01
4.711188861371337078e-01
2.103966792477156567e-01
2.116873497157305994e+00
1.557218316677228265e-01
8.818069106748968600e-02
2.043573386160077554e+00
1.657651843657744574e-07
2.141833562386903367e+00
3.087182240395313637e-01
5.104577760916833018e-01
8.420921082518004752e-01
7.525453759734995755e-08
-9.668085386562400019e-02
4.226953713095519816e-01
1.658484363965130104e+00
1.336136669158061618e+00
1.116833693639454617e-01
1.386696624195281335e-01
1.873991403034870422e-08
8.208002890616423800e-08
1.368168527980404559e+00
1.494926045264278303e+00
1.923648006190104565e-01
2.121588773977796105e-01
7.527808133658463538e-09
1.981695671331858144e-01
5.088988068620762730e-07
2.074287553709315123e-07
5.445588726135253133e-01
7.248451726008740473e-07
2.142235882262672753e-01
2.863342212896548567e-08
7.042719050889410612e-09
3.559545645341897026e-09
2.536140795372265828e-08
9.910153471124908409e-01
2.940427390385550455e-01
6.951700888751287666e-01
1.510908757329438856e+00
1.135562779513187737e+00
1.514118794774836685e+00
1.757718300229687225e+00
1.596172298894960040e+00
3.330953421475712495e-01
2.333190985682026264e-01
4.296867447504785220e-01
3.051494949956570779e-01
8.225125663359584074e-03
2.008293742193320686e+00
7.783692823089798374e-01
2.057576152729431472e-07
1.176272651121263779e+00
1.084092715157923131e-01
1.350758067554750363e+00
8.067688436826911946e-01
1.542593938742487403e+00
6.288755314520819706e-01
1.961403764259092049e-07
8.572220389028384346e-02
3.894567101196168527e-07
3.523046696111799547e-01
3.902180014408670114e-09
4.102790500042713950e-01
1.416242410631989024e-01
9.442676780861105623e-01
3.692028919599483205e-01
2.621064164170529636e-09
-5.630438356871544919e-08
3.861643953241045242e-07
1.332254453991229770e+00
1.795975116381428149e+00
9.154501900208945608e-01
2.639087121637750943e-01
5.550082126890080181e-01
1.041870718125043949e+00
7.028806338095843209e-01
2.017331415574252329e+00
1.810491922408400400e+00
4.676138614590207299e-01
1.572925063049974925e+00
1.227025045945727033e+00
1.272421641951393179e+00
8.120943799328436130e-01
8.495338611773639581e-01
1.838235436798787648e+00
1.086591322357560951e+00
1.457921935014412584e+00
5.767601001930988680e-01
8.955461197452797562e-01
1.841033878898764090e-02
2.244243418817109870e+00
2.252351796195315448e+00
1.748934646418482508e+00
8.764394876597455530e-01
1.444265837330374946e+00
7.079179845079874855e-01
2.222283397164512841e+00
6.774714012904359262e-01
3.220220132567400029e+00
9.511211362821173632e-01
1.345680154817001650e+00
1.934349385613704397e+00
1.081580937950573196e+00
1.954398724114122077e+00
3.078302085471073202e+00
3.116723707215671713e+00
2.962894969366358655e+00
1.052247827677860403e+00
2.395858819874328471e+00
1.422465073078758913e+00
1.406601011147960101e+00
1.313479560161602944e+00
3.067599140102798660e+00
9.704342155585353735e-01
1.784591886504689251e+00
1.272343855388353928e+00
7.224738257969475219e-01
6.274745534015012671e-01
1.296068616926563832e+00
1.656622378318132416e+00
8.423710794771881449e-01
2.100186353834504693e+00
2.500762733613439259e+00
1.115833176616461975e+00
4.957968242134897507e-01
1.883859591522961452e+00
2.815450100599352634e+00
1.043182873189165250e+00
1.162858460270895788e+00
9.178270757610383912e-01
1.529026456335477180e+00
1.083762093703480867e+00
1.707318417068852678e+00
2.882670334086384845e+00
4.606258544161250801e-01
8.191603890036159852e-01
8.330727827771030201e-09
-1.389256219895590406e-03
7.282092550740501373e-03
6.778479648769590860e-01
3.793565084734638493e+00
-5.805273783021690226e-02
1.013757075593585188e+00
1.501722677848707001e-07
9.454294938866373288e-01
1.747263903230729665e-01
4.855484908105343611e-01
5.390360329234823666e+00
2.006692073777588181e+00
1.255610889755690129e+00
1.080582428329243561e+00
8.818344151056471958e-01
2.207029314875879056e+00
1.594977919859641657e+00
3.605353915233380668e+00
2.590914995268713827e+00
3.381351880448456804e+00
1.171205058493434370e+00
2.726233799259621948e-01
2.037854583300825251e+00
3.092951356817733588e-01
1.296504062778917499e+00
7.368172203289519162e-01
1.685645222190130355e+00
1.458577725573815931e+00
1.417812812730429695e+00
4.080404105285460048e+00
7.780607917123810724e-01
1.419963826717697275e+00
2.473290204899901479e+00
1.470744137582955524e+00
1.313407152504321163e+00
2.293017948001405237e+00
9.829472723246168719e-01
2.398992347812587592e-08
1.230995242116493804e+00
2.288000209124075646e+00
1.994030217042414677e+00
2.076835204219908970e+00
1.946308388338077400e+00
1.399535626108843633e+00
9.496776940943043588e-01
1.941895518187236824e+00
3.647682173983196385e+00
2.930545673677756202e+00
1.939251574962175040e+00
3.448178585380232253e+00
2.013966551466025212e+00
1.594465767716374716e+00
1.170054352821886745e+00
1.443762314147369663e+00
2.237422302529852303e+00
9.022359603000278394e-01
5.184068722886279179e-01
6.001048269756352749e-01
1.140453665326590788e-01
1.385968751411619015e+00
1.204868238716156670e+00
7.506049211930886367e-01
7.662261214246288699e-01
7.009682630769596967e-01
5.542342154085371231e-01
8.768634112849393869e-02
1.655533834875461954e-08
5.057960244163615116e-01
9.066280767341314828e-01
1.507329414331743389e-01
3.300838523695238669e-01
6.648937289964937380e-02
1.598939291466039293e-08
8.049485178768911352e-08
7.022226591183561295e-02
2.279800996040342032e-01
1.047297751886833161e+00
6.614124866619550680e-01
9.994193542005080921e-01
2.980375700390781829e-08
1.966967927981149459e-08
1.373253543375763774e+00
2.629871226471893197e-01
8.585319064320129367e-01
4.219081536545712385e-01
9.999449567951411710e-01
4.200299450308349059e-01
2.097538125662404661e-08
7.955402301982148483e-01
3.637833031845998932e-01
4.384158264942954464e-01
1.439949889720672838e+00
2.446927078521796417e-01
5.952381535480801844e-01
2.843373218747491937e-01
1.331957274967210392e+00
1.416777900197172979e+00
7.770654757146908675e-01
1.443457644026030939e+00
1.214233693944128722e+00
3.458311539220428332e-01
3.275557442817638720e-01
2.236961255343690613e+00
1.715806831648123643e+00
1.366928893058636296e+00
1.147074406904021737e+00
4.244370734322518435e-01
1.653485230170974961e-05
1.391296509826139838e-01
1.931385062282919174e+00
1.088907054488868820e+00
1.276474904001626554e+00
1.226569177804382349e+00
9.236285283637836185e-01
6.371744833028843980e-01
4.667752834035570064e-01
1.988007713169932078e+00
2.356113082590777452e+00
2.060631162412047690e+00
1.402125729783202823e+00
1.601639345124549418e+00
1.790028055810225505e-01
9.934056574167336728e-02
1.298783556062738764e+00
1.059919775897814720e+00
2.163027999960622227e-01
4.622125778161700338e-01
4.117500414400576680e-01
5.832812446366327785e-01
9.263216425164258472e-02
1.646569602997818571e-01
1.317619405271028388e+00
6.504282090248414416e-01
3.511013101389078850e-01
2.078541114286561742e-01
3.145820104840353431e-04
