4.968871930516102764e-01
6.326365312757419312e-01
2.064941981572393503e-01
4.774759795222724978e-01
1.690438854818438141e+00
4.544381974427363358e-01
-2.243721407582108252e-02
9.721156945537650085e-01
9.942295825163690592e-01
3.957847631488946583e-01
1.176201903110065672e+00
9.337581011125405395e-01
8.362119556104876672e-01
-1.849244528236800370e-02
2.784789519374559763e-01
8.754072543809636731e-01
5.832711481156259703e-01
2.665029151735639479e-01
5.269419542900762865e-01
3.601125776262368294e-01
1.204484070718875473e-09
4.238178508112172560e-01
6.323898246025480008e-01
5.605577697870861575e-01
3.391325967465554370e-01
2.861679923941812809e-01
3.724963708523472694e-01
1.007177113356594877e-01
2.511343545417647760e-02
8.551959035891146810e-01
4.722465644102137872e-01
1.079285781220368917e-01
7.600713001464382002e-01
-8.557473124746763082e-02
3.523231713099561624e-01
2.455535080669261627e-01
2.585360636930310596e-01
7.601026960509857933e-01
3.334754925137396464e-01
2.191678188994424792e-01
3.006791976669747068e-01
3.280304197412070022e-01
2.048490926958729252e-01
6.466763483661371881e-01
5.841156695347591299e-01
2.869695365697134126e-01
3.104794939300304368e-01
1.302614587302211857e-01
8.482602601644345652e-01
2.976505440116079537e-01
8.960410039604741472e-01
1.058120315070842254e+00
1.647940187447557159e-01
1.410204813966089155e-01
8.070716348703477205e-02
3.476805627206082105e-01
5.989788882851233565e-01
3.971417362977700538e-01
5.204590546750126334e-01
4.811310048431091668e-01
3.991612589757458363e-01
3.517144191092556049e-01
2.331774574882568563e-01
3.053334769629701406e-01
3.985188093103256834e-01
3.615634670206974155e-01
2.817976059572817604e-01
1.317680737653039447e-01
1.384148162624077583e-01
6.490155809978488399e-01
1.906692106508598161e-01
1.087014332830841923e+00
1.260867023980294155e+00
7.502095566018289752e-01
3.336965823677155440e-01
6.939152728233729528e-01
4.607313640574365321e-01
2.468677433440702174e-01
3.228576494854860091e-01
6.191134426237188820e-02
9.203150415809487894e-01
1.021982175120464076e+00
1.089213946431779156e+00
6.399762752507954788e-01
7.190946496200583127e-01
7.798748639971448959e-01
7.535858293747567105e-01
3.601714998353127140e-01
9.510916732246846861e-01
4.821125618858380091e-01
4.744184930258031896e-01
8.700902400119931990e-01
7.481468187032520589e-01
5.784036786210129399e-01
7.140675699836678270e-01
1.964235504500792262e-01
2.272789898121793939e-01
1.632922902031356260e-01
4.938995316820581905e-01
4.243870819630531366e-01
2.299188392305546280e+00
3.990952444005350652e-01
6.313572003491311202e-01
3.705220976642192854e-01
2.456429694497361260e-01
1.225967462472979247e-01
5.613148216102292754e-01
4.009432068130354132e-01
1.150528536298213611e+00
4.740456957643921498e-01
1.311356833182114823e+00
9.822363113884456931e-01
9.856283480089923499e-01
5.192464244185275302e-01
5.730045841277472407e-01
4.408574003816613240e-01
4.713408158107667001e-01
9.069222059312197215e-02
2.630435094934462370e-01
1.128364949146277052e+00
2.422310015680405881e-01
4.505039367457010502e-01
4.985042474458062922e-01
4.228192948282895047e-01
3.508764165231842980e-01
3.203774566008110170e-01
9.114312130431231340e-01
3.673636256491038532e-01
4.131612154092416667e-01
2.830010161287525583e-01
2.433831145656637496e-01
3.918603604723827072e-01
9.571696877252836577e-01
1.086682387830692154e+00
3.496213432611744998e-01
8.736793021043118834e-01
1.135888388513644154e+00
5.759612388181819531e-01
4.167901637850195962e-01
7.418059145621814787e-01
1.062339633304488773e+00
6.771037687028360619e-01
8.997874011856673571e-01
7.291144933592742516e-01
8.572340623452380237e-01
1.054106064719407154e+00
1.036073289053594193e+00
1.940812826403326197e+00
1.776116428499196154e+00
7.114086355333435474e-01
1.084624519147914690e+00
9.703687631395364610e-01
5.866107922460036539e-01
8.581563349989616007e-01
1.106737540244041140e+00
6.579219188200952084e-01
7.553438965276529915e-01
5.239432720462877668e-01
2.387655244608202498e-01
2.509316698458667894e-01
8.711508087856191240e-01
1.229903188414301018e+00
5.851579223034769628e-01
5.721756045135345525e-01
6.485660380685092097e-01
7.459508826466889619e-01
4.374277871987827249e-01
7.935538735212261940e-01
8.456271474385513853e-01
7.024147897831998222e-01
4.568617781155363544e-01
6.057295994452347454e-01
2.172220481211708243e-01
4.137562730035953540e-01
1.190281974383488706e+00
1.333184130378770593e+00
6.040901076531509650e-01
4.948210014505509680e-01
4.872687758695733451e-01
4.246388925081057142e-01
2.487310372096820654e-01
7.205620076422732945e-01
-1.420758200621707212e+00
1.129975015034591301e+00
1.556694789777887777e+00
1.090208268330144614e+00
7.456893996077356146e-01
5.905240682961282461e-01
8.635820598115637736e-01
4.127068194449873828e-01
8.337945841842379080e-01
8.563923300264234539e-01
1.148456742639805350e+00
5.207015048230886345e-01
3.085333511297938536e-01
7.707750789936613778e-01
1.543953962043176809e+00
-3.077313253963810322e-02
6.186518922113880548e-01
3.807419365433688530e-01
4.764901586878509954e-01
2.561428458730263258e-01
7.052572552366778158e-01
8.434901514369780307e-01
4.382526899034653312e-01
2.942864715530869590e-01
3.237372627896116239e-01
5.677094009002526392e-02
3.654666158803300258e-01
5.740594846751365665e-01
1.237248608155053997e+00
5.200428432401620338e-01
5.068842246095242032e-01
5.653570030839627503e-01
1.076422276255829980e+00
4.631321571772080148e-01
3.755202492510230083e-01
5.559420399681533898e-01
7.465838272431838396e-01
1.101237393246096818e+00
6.945039294916427464e-01
1.293958024191014466e+00
9.077128356366483963e-01
8.405916237655123302e-01
9.992764065706494225e-01
8.153107313441571025e-01
8.850314940162118393e-01
4.796484756473954891e-01
3.324859019690206696e-01
3.933309263754783403e-01
9.413329979578700657e-01
1.023361781497469369e+00
8.425210658586410606e-01
7.574369559583387090e-01
1.463407336295916350e+00
1.085409111299350693e+00
4.006309768339832433e-01
3.538983790972214383e-01
5.130156712130757440e-02
5.097867014797041740e-01
4.516280010924524912e-01
4.825088531064433695e-01
3.893118266507041847e-01
2.349959485044994800e-01
3.740545158878814114e-01
1.008680642533972716e+00
8.416930779551354824e-01
6.137051058673852477e-01
7.930489048404798513e-01
6.626048143956242420e-01
1.130051142893747196e+00
1.028873563986328232e+00
1.201467095594677570e+00
2.875792271268454936e+00
1.275563124872360232e+00
3.058324426034449983e-01
1.077062357602160958e+00
7.484861600044677710e-01
8.595579296503901290e-01
1.069289412908933201e+00
7.971523948535323978e-01
1.857346867655909506e+00
2.265144370773228388e+00
1.374673764451886493e+00
5.899960307849827501e-01
5.409504881121894870e-01
1.280864000076717746e+00
2.681552226710803399e+00
1.324593495769766927e+00
1.227457151109495603e+00
1.029490801405789080e+00
3.388646917534682279e-01
9.717670277678275292e-01
1.132210243577880915e+00
9.957976433169918318e-01
5.745671577848813216e-01
1.385224161525093534e+00
1.006493966426254660e+00
9.577923230474251204e-01
1.401135465405850544e+00
6.836421679213279257e-01
8.855134661228684090e-01
6.021171643405630602e-01
2.058729336738275073e+00
7.115527982826405085e-01
4.748731576128555343e-01
1.136882215524105622e+00
1.280948467459438911e+00
9.509753310929840442e-01
5.732440035191056493e-01
6.196195831534451193e-01
1.001773030655256358e+00
6.256216491104157340e-01
1.015265902689516997e+00
1.091412180448456670e+00
6.455508770358602266e-01
3.050229435298636993e-01
4.060658244468432487e-01
3.588247347372793272e-01
3.234012562849822303e-01
5.338054081579047816e-01
5.981003906590820485e-01
1.363333765187326962e+00
5.989448838047956025e-01
1.203877779352526822e-01
6.438228148114285565e-01
7.721362200251625785e-01
1.101329903449634745e-01
5.681653451093339191e-01
1.384314574268957987e+00
6.170756860334175586e-01
4.344324954878598932e-01
3.260251164300733695e-01
6.265002614526502533e-01
2.156476048764325304e-01
2.444616809332202656e-01
3.042303713067979754e-01
9.107560479834596601e-01
3.047294146659130787e-01
4.930333489664351920e-01
2.491129568491942392e-01
2.010965938951063518e-08
9.157393017734516416e-01
5.710913332585219049e-01
2.174323097332277188e-01
2.293465351940665031e-01
5.774557969536183721e-01
8.650180386636652230e-01
3.352354647846233493e-01
1.965187143934354064e-01
2.788529707093748700e-01
7.747936564527129200e-01
1.082067766222565508e+00
1.049369511673834632e+00
8.516044179918568213e-01
1.667172520390955981e-01
1.032593864963420177e-01
1.578612059438937176e-01
3.569539021843511351e-01
4.646332810204826247e-01
1.624361896011404516e-01
1.574437568943291010e-01
-2.133806354748448986e-01
5.655606061371042381e-01
9.066633518573175010e-01
2.460221076449980726e-01
1.721419540405674797e-01
2.673074531536133724e-01
1.739679235725791195e-01
-2.005428395567011857e-02
3.447134063151675587e-01
3.955231036105450459e-01
2.371009402636818086e-01
1.844166785956845578e-01
3.718816807660120793e-01
3.308733536201244330e-01
5.407760538064497746e-01
1.146808005541969169e-02
1.841614060294084754e-01
3.116606448590781286e-01
1.618123737762021119e-01
5.563069378773959350e-01
2.154645537500222974e-01
5.641300292668830485e-01
5.180416321943216718e-02
