6.831587966412849822e-02
1.113918937832577977e-01
5.292317069470350854e-02
2.673976086863128487e-01
1.352414105080230466e-01
5.993600258647498874e-02
2.777642935820536230e-01
4.118974948589840257e-01
7.671219507278202732e-02
1.259216413729940046e-02
8.745875899388322328e-02
3.218257382186898719e-01
1.102287392207011302e-01
4.200750621518307137e-01
3.345876366264999291e-01
1.912651851027599020e-02
7.697320301049588587e-02
1.407310376975201560e-01
7.544106134224531912e-02
1.352219518529826914e-01
3.454681663188841623e-01
4.372507530580499457e-01
8.476213530890236436e-02
1.138503461899460500e-01
1.702968846914066359e-01
1.245090219615513777e-01
1.243388734062241124e-01
8.846466723267207288e-02
9.061007718441163594e-02
1.130473335079717478e-01
1.081234915700657190e-01
2.338934662480554594e-01
1.416155612205007019e-01
1.466445285359958828e-01
2.346551912416248720e-01
4.642789976856594170e-02
1.158508626638541954e-09
3.711536658572605063e-01
4.680312736100573634e-01
1.786683607657453821e-01
3.043922532197241848e-01
6.304860171650280565e-01
1.835853122838969065e-01
3.349109950371547545e-02
4.314409562829938510e-02
1.754277169217147714e-01
1.216081585840428775e-01
1.606580910036597420e-01
9.904818583087220130e-02
1.058543786478340354e-01
3.203031943663309927e-02
2.550593902942681623e-01
1.698451699577660789e-01
9.602453232614444056e-02
3.150032950874365190e-01
1.787155103915399335e-01
2.349574615091774843e-02
3.135071892540620964e-02
1.790633604301073711e-01
2.042339887348452454e-01
2.624690426722186554e-01
1.056582152382477685e-01
3.638047636092434783e-02
8.961867395998876495e-02
9.048730544657203334e-02
8.516361306532137243e-02
3.359344483335787723e-01
2.978935804187545222e-01
4.154096318731039655e-02
3.855958658453415011e-01
6.547866576051050158e-01
3.112022788503623349e-01
4.686919026311943681e-01
2.546376624882708550e-01
1.359614575884040000e-01
1.947012450102656722e-01
1.138878740964153480e-01
1.469869516105967167e-01
6.588836898099499628e-02
2.743754915693170648e-01
1.950720616155842135e-01
1.223648405876329170e-01
1.868699387610072149e-01
1.486557957026618526e-01
1.693009040282568989e-01
8.271253232132386168e-01
8.222021252799260882e-01
6.927375954435697203e-01
3.044181338168772677e-01
2.161961170785373365e-01
2.225477467903604345e-01
5.507283295339453488e-01
2.899292660437228775e-01
3.595078368830323945e-01
6.887254406720157984e-01
7.639702518413006294e-01
-5.617356805847560121e-03
1.931228428820175591e-01
2.660446955853270623e-01
6.724473572081356845e-10
1.044357111515400865e-01
2.339955613380315658e-01
3.444629973119991972e-01
2.257500882235373985e-01
3.434509953668745674e-01
1.832660225943358312e-01
8.930578084140175510e-02
9.449896403919298693e-02
3.124001485500524367e-01
2.726039763107552805e-01
2.122053867300938423e-01
7.712427019493491853e-01
3.194090128933672612e-01
3.549062707293315633e-01
6.274104376451674625e-01
2.475201463304834149e-01
1.682796463653346564e-01
1.463435015734406708e-01
2.364551402318451068e-01
9.777433077280750506e-02
5.202725099967871886e-02
5.381415517986298802e-01
3.246646218348367419e-01
6.472471376892422468e-01
1.085340952547232174e+00
2.270819609133585548e-01
2.325659574810814978e-01
1.233274920861052448e-01
1.100430238991358944e+00
4.648803697648183908e-01
6.308038713199494441e-02
1.390638958485665710e-01
1.565838590045739165e-01
2.483558370542291588e-02
1.183931449471894715e-01
6.784995411581969949e-01
1.810147456909121100e-01
1.303615808950308042e-01
9.137701022234229198e-02
1.954180378313354616e-01
8.949985316323100237e-01
1.135451620099589443e+00
8.948914711019346768e-01
5.893922313801286395e-01
4.530140837129797426e-01
1.550512358461580698e-01
2.096375274375425479e-01
1.200536273488281985e-01
4.081145775061827408e-01
7.734925939337906620e-01
1.475769913758174512e-01
1.265828101619747847e-01
1.314488996742187998e-01
1.296444627323957433e-01
5.793646377992491686e-02
3.223237745755580530e-02
1.498027176000147065e-01
7.684210231586275974e-06
1.102831369061721252e-07
8.813759147290092799e-02
8.037089201298462660e-02
6.293471088278808356e-02
6.745386950120682013e-01
1.018951158866394868e+00
4.007805417352814370e-01
6.331322923464750840e-02
1.410732028723437059e-01
2.359817177307946545e-01
8.677044489666366212e-02
2.383728821390967423e-01
4.450812219326699126e-01
1.377853572007926852e-01
1.534426132996125902e-01
3.891402348631863850e-01
2.752368124922449644e-01
1.128789687457641966e-01
1.123020703639527745e-01
5.144890058581271797e-01
1.936181883101747714e-01
6.719411039786793438e-02
8.874118153113819130e-02
1.070758156334790934e-01
1.078355692858198739e-01
2.128753966216132831e-01
1.152131799194672651e-01
2.237624575389158543e-01
2.388748698788728253e-01
2.890473717590428815e-01
3.659382206324203746e-01
7.322331517688353275e-02
1.337045679014504940e-01
1.861579437804239956e-01
1.914786543480825332e-01
4.376209829509196403e-02
1.305249759242885221e-01
1.359458565356089568e-02
3.781292585500162229e-02
3.884859686786988342e-01
7.927728762322038270e-01
2.038783772098824165e-01
1.945734481454653164e-01
1.752629772829034649e-01
1.202430414514805423e-01
7.827283931368703151e-02
7.970078477291035746e-02
2.941265852711128503e-01
1.740618514745677359e-01
1.656477454331650168e-01
3.010606491278095542e-01
9.730999478267604585e-01
5.438313879342989710e-01
8.080176026535478284e-01
1.252690063267787868e-01
5.065219804037568441e-01
2.141280115011827134e-01
2.587559086152015353e-01
1.559183303166309653e-01
1.920425819252188082e-01
7.966015462276333781e-02
1.136021811988956021e+00
6.460385503868601997e-01
4.676671454715536358e-01
4.139437816487755994e-01
2.972532643724647428e-01
3.714439966128006976e-01
6.743121619193486183e-01
5.590486208131268953e-01
2.964652483934514526e-01
5.772058892671979580e-01
2.605156512737335506e-01
4.297634350619424781e-01
1.828231562944571120e-01
1.345906573506630843e-01
1.038699593860324122e-01
1.838740065907805699e-01
2.136457282755772069e-01
1.446724020953542578e-01
2.970824487907752776e-01
1.542450151480824760e-01
8.692871168315573216e-02
1.338146398885693422e-01
3.446723399619496808e-01
2.836619274952447700e-01
2.394423946802372583e-01
3.920497332023444859e-01
3.892887284711742391e-01
2.551612634130574486e-01
4.559386216997088348e-01
6.214637522987137563e-01
4.115592006918823986e-01
3.368540995271092076e-01
3.442275559522342543e-01
1.736849628664449141e-01
1.302616830027419903e-01
4.634431282495544702e-01
5.615459991627950176e-01
4.141690470113713052e-01
3.275321675256447351e-01
4.254403874595933943e-01
3.258199427649657309e-01
3.015603908317621151e-01
5.443314046161626951e-01
6.391697225665866622e-01
3.824594149310668878e-01
8.819891571352813653e-01
1.052621301006541721e+00
1.226181496082138223e+00
5.788744050897686177e-01
5.420282348554108509e-01
6.214896172716735112e-01
9.437798173669501578e-01
9.852528081746176891e-01
1.538520471092841735e+00
1.542800123625340136e+00
3.830068773681949423e-01
1.090397090885621534e+00
1.229330058646789015e+00
9.683162275478932601e-01
1.656032434343344795e+00
7.832759664048846160e-01
9.227475606923730700e-01
1.111726389887703004e+00
1.082681173392483487e+00
1.667768155182424161e+00
1.541089833895818106e+00
9.108776099926936265e-01
9.516703705498222865e-01
1.731333227826616472e+00
1.249194349020799288e+00
9.703072322352324086e-01
9.711823772808858557e-01
7.014296503701558105e-01
1.395361476430935443e+00
1.194722211892871977e+00
9.928899711305138043e-01
1.328591057155425581e+00
2.853098239505456046e-01
1.194572916156463771e+00
8.217829599867850776e-01
1.732088634811581374e+00
1.028305744388794407e+00
1.161492096535230223e+00
2.661925203245443794e-01
-1.009910053973615482e-02
1.218610751295084560e+00
9.514610721349153755e-01
8.094634445759314456e-01
2.301324367238655189e-01
2.018229386792739777e-01
7.556671741020979001e-03
7.426536925847814219e-01
1.888254005108574329e+00
2.400376777396905359e-01
1.287217869544129201e+00
3.406179278585690362e-01
1.115786179078443463e-01
8.047126862100175693e-01
2.252661924807497854e-09
9.024368106999678396e-01
8.494351918548164182e-01
-1.043565419589298493e-01
3.071773241513859332e-01
9.195634375731693844e-01
4.963758000967588568e-01
1.217173568370435444e+00
1.099310144986366256e+00
1.356158958663039149e+00
1.215322981420781767e+00
7.449723852167274840e-01
7.924291947117723112e-01
5.944849217336055647e-01
1.410157494262790356e-01
1.893874797320669767e+00
8.345012901948845041e-01
-1.220086431172377750e-01
1.857965719761482060e+00
1.676220642743419809e-01
3.750930273516993596e-01
1.277178911417351737e+00
5.684913227583539008e-01
1.158079705607006016e+00
1.281236470554285134e+00
1.072109143562017364e+00
9.360232437086573043e-01
2.930626455055775903e-01
1.308971997980403534e+00
1.437892053013633431e+00
1.678562461704284470e+00
9.979171169304469347e-01
1.180687529630767063e+00
8.486856840294824122e-01
-1.256792380151023573e-03
1.095818489366171988e+00
2.112032024483741388e+00
1.950219499905689657e+00
1.028648383804729560e+00
3.326894221816490971e-01
1.197177426242565179e+00
4.583651299817172453e-01
4.235961604408889358e-01
9.366608233996499555e-01
6.104736964174620750e-01
7.967975480129713128e-01
4.582358730929818602e-01
5.264990114908531845e-10
