-3.163094837394494346e-02
5.423012896836710839e-01
1.249651197576507222e+00
2.593333085986820885e-01
5.045320554349365105e-01
9.687076568952222022e-01
8.141052471366003740e-01
1.161302967249821932e-01
5.215991254025625912e-01
1.021411007271745275e+00
9.384935872374947086e-03
1.522745916019089818e-01
1.601493619911803501e-01
5.535501696216962308e-01
1.027775502768794313e-01
6.945888680202361165e-01
1.577671614454955851e+00
1.402736914195156448e+00
1.638084315752937226e+00
1.708679010041431523e+00
1.517813468390388998e+00
1.549768457352423745e+00
1.692222166083728663e+00
1.713033100099649708e+00
1.645441161225720483e+00
1.522274411363758073e+00
1.463137936359170999e+00
1.390196438434735615e+00
1.365655195807277122e+00
1.199212573395688430e+00
1.455601976081758231e+00
1.269476293040722403e+00
1.379506968354231145e+00
1.204689561477924276e+00
1.447761164521562449e+00
1.247559457144158612e+00
1.578138806205629852e+00
1.579824226666193931e+00
1.575226166675092632e+00
1.629796684172102550e+00
1.505986294963892913e+00
1.458962044229584087e+00
1.354587312837788993e+00
1.438290469655654880e+00
1.427360882184020241e+00
1.417333629060185451e+00
1.419884569386770767e+00
1.026621717943879020e+00
1.011141814719093590e+00
1.065859078992928977e+00
1.186568494565420462e+00
1.480521992808392806e+00
1.406583296630308455e+00
1.401793087541527205e+00
1.443999370375825597e+00
1.389249264868392508e+00
1.095741145922038973e+00
1.371726663833884086e+00
1.522977045715195210e+00
1.463503708115676094e+00
1.562215415022723208e+00
1.535540086584151309e+00
1.373355170608151710e+00
1.372386841508281830e+00
1.488175739536228503e+00
1.383962792653626650e+00
1.260679302796692713e+00
1.194586890164629267e+00
1.100236422525731506e+00
1.142878164373214656e+00
8.763692367819853057e-01
2.040887295276359592e-01
4.692498928883270803e-02
1.326760529760879992e+00
1.042921733307480947e+00
7.705040285542738010e-01
1.020185200250438795e+00
1.029549174099531950e+00
1.180711213459880504e+00
1.131227323845029442e+00
7.686763873544875114e-01
6.012369108732413814e-01
4.307435294479673438e-01
3.957344079641201412e-02
5.539952203159010935e-01
9.851897875252931813e-01
1.134399783761334657e+00
1.067278025080712123e+00
7.561461644483534750e-01
3.818530272746092358e-01
4.836628307218196476e-01
5.088259891874583607e-01
1.046648070563216848e+00
1.243323916669570428e+00
1.273046987140742159e+00
1.237679024859979826e+00
1.166310208139017535e+00
1.119397294918071717e+00
9.265828456461292495e-01
4.166466942144211316e-01
4.706912777485515453e-02
7.850833575325054658e-01
8.902474901926945572e-01
1.214466431672944768e+00
1.018432161042559958e+00
1.041081445849284082e+00
1.174927917124111820e+00
1.055139528355112377e+00
1.026037084097857655e+00
1.030750257367470279e+00
1.150084590739255619e+00
8.039762814550173164e-01
5.677600702124810939e-01
9.417959784479918994e-01
1.029363389561231967e+00
1.064116948602601420e+00
1.013785207939547073e+00
9.856845643048680605e-01
9.295299672748126296e-01
4.829651623140951422e-01
6.350610643401572997e-01
9.499411080661209761e-01
8.420326847084922406e-01
7.920767375822201917e-01
8.846639704536911619e-01
8.173602148604065532e-01
6.033303149839959190e-01
8.974260462170775554e-01
9.550333144285082509e-01
9.191304510955432550e-01
1.005117789544518914e+00
9.583533626386502302e-01
5.301660792709576020e-01
3.839886314769577758e-01
8.550354817712180200e-01
6.808836697861171405e-01
6.482305215914390129e-01
6.047418918738838300e-01
7.135788033174972345e-01
2.905310777328840022e-01
1.845276587532451024e-02
8.441698142505098534e-01
6.690635794539719905e-01
7.991915588797255943e-01
5.866475414180795100e-01
4.465271734617783927e-01
3.552479466990852708e-01
1.279173446929764979e-01
1.162951009725921026e-01
5.360387474529233476e-01
3.549079327683012375e-01
4.771924031866884297e-01
5.658294165132156106e-01
3.277326663313293031e-01
1.498845442949215123e-01
7.524977340092390277e-01
7.308772745010501115e-01
7.940913561944586974e-01
7.450746531087705238e-01
7.837692282106185626e-01
4.486621168049833575e-01
1.999479615145908218e-01
9.104238949207104081e-01
8.625584803689374525e-01
9.012940425594320182e-01
1.046474769764675905e+00
1.192976532649510091e+00
7.979414795592276732e-01
6.217520376430615281e-01
9.886072073888068079e-01
1.092641876181989158e+00
1.142623572007634758e+00
1.148256088560316579e+00
9.823581444036224575e-01
4.900844548191860550e-01
3.355451740593474730e-01
7.439842389701133429e-01
9.573773830225251746e-01
9.765773825026337063e-01
1.050263047219338164e+00
9.441466389325301467e-01
2.188351192435062098e-01
-9.290003433408523525e-01
2.526472898107521292e-01
7.719634461375209922e-01
5.978101876071746368e-01
9.145990129888468267e-01
8.208006978166080270e-01
6.064738952408268435e-01
6.915267549167627426e-01
1.022261135689093603e+00
9.284369746612182173e-01
8.802961318089522758e-01
9.277202098531585062e-01
7.378892712859344005e-01
1.058689080947530503e-01
-3.568858976787130377e-01
6.679307987692297832e-01
8.408858575796180901e-01
8.214732254593297700e-01
8.244294224715476016e-01
8.229764953735370092e-01
5.804224558002695211e-01
9.140980163614255416e-02
7.705823006597105618e-01
7.993909806770047588e-01
9.212477460660040141e-01
7.866286427208538656e-01
8.720424424822648124e-01
5.924109884567385631e-01
2.164659203056513714e-01
3.907418262000457165e-01
6.405644056424872890e-01
5.721920921821195272e-01
9.841763270689667109e-02
8.534778911741269791e-01
7.442921624362939248e-01
5.449908724198355287e-02
2.924553056913950511e-01
5.431259391079742427e-01
7.903914021777842525e-01
8.744520953207240987e-01
8.122736066690235957e-01
5.746193553654108666e-01
3.774787211562810607e-01
7.699337522013200985e-01
6.492469108772758180e-01
9.619825496639418105e-01
9.410289133432637732e-01
8.856345667353088258e-01
3.674628311105342382e-01
6.156336144358993678e-01
1.049649563627374382e+00
1.024778520056768061e+00
1.124076806152017438e+00
1.194177554281639964e+00
1.051164134959391872e+00
8.984340550907941036e-01
7.913521427962539878e-01
8.865264540816941707e-01
9.670921154576381795e-01
9.689896267832990295e-01
9.670611781935358753e-01
9.131242830891052042e-01
7.892280206384680863e-01
4.656988197642626393e-01
6.400648669065371887e-01
7.232475817242607352e-01
8.297512419018140406e-01
9.277237423707461739e-01
8.738358868680523583e-01
7.082847826318261486e-01
4.354693713128418020e-01
9.309163709966090661e-01
8.530463488936095295e-01
9.345428490381704201e-01
7.718125214735866990e-01
8.069377540768143398e-01
5.509294254733860807e-01
4.337536276454315720e-01
6.067094379430328921e-01
-6.096658184087643808e-04
6.101202802735872363e-04
2.657430232979451912e-01
3.493971938061383176e-01
8.230231701768002672e-01
2.455543018279151835e-01
3.307422956070352194e-02
1.049392723292285057e+00
1.019667901451747349e+00
4.005383180536585819e-01
6.836352951814502754e-01
6.082750177099631728e-01
3.401558065660303942e-01
1.013942834871133014e+00
2.078364780163304559e-01
3.142654579786507973e-01
7.509866006058680821e-01
7.289714905702771031e-01
1.512935337309486428e-01
7.208368009421002309e-01
9.191688028661300081e-01
1.026412749412724201e+00
1.681254799137846812e-01
1.049672453152890261e+00
6.028931516192304052e-01
8.220748889812080906e-02
9.856944922956684119e-02
1.092991142256902748e+00
1.025358398440905372e+00
9.549829722850160241e-02
3.395642704341406831e-02
3.354771818806635553e-01
2.434523662899023000e-01
3.012431061582255820e-01
1.070847735602535211e+00
1.046395075895109716e+00
7.721429781788367031e-01
1.020787401833005426e+00
6.831476544430237219e-01
3.786177797203351680e-01
5.693276466665038796e-03
1.003386136235805970e-01
7.660675377521537488e-01
1.720588252024909948e-01
1.352216480885109692e-02
1.032691362202802776e-01
2.683116148615319885e-01
7.583592971128802485e-02
7.403696714338280083e-02
7.842234019498862674e-01
8.308730169324911596e-01
8.471335331158069692e-01
5.820225950926880554e-01
8.923839617906295096e-01
7.006568261701946465e-01
7.530095773665628212e-01
3.005023833032477443e-02
8.091503208573370687e-01
9.381137990031558349e-01
1.097640323113655558e+00
8.406574871345458000e-01
2.478146749206529970e-02
6.217911251439393050e-01
1.077508900684867710e+00
1.022952213566706847e+00
3.580776648377395066e-01
9.854448466278356578e-02
8.177498277238027802e-01
1.115712955565494768e+00
9.780916798335450579e-01
7.504921904631586260e-01
1.001077488333683263e+00
1.145259088741195086e+00
1.071344966599381054e+00
1.101353222737415649e+00
1.048683412479408883e+00
9.573031511116829595e-01
9.589607077371975485e-01
1.001767587791320135e+00
1.002066430197971814e+00
8.972346339244530178e-01
7.655858862398097209e-01
1.485337147104448530e-01
1.673459542429712177e-01
8.629389410283998529e-01
7.990217102266073956e-01
8.085984889805357678e-01
8.539208991879063682e-01
6.528617841995718596e-01
4.486347121420128925e-01
6.680007550367710323e-01
7.736094272752251921e-01
4.483785854640941482e-01
8.634099843859768808e-02
1.979053502226665352e-03
2.259675419120115835e-03
-2.346334949939917272e-02
-8.700242637558625036e-02
-2.125332376860996145e-02
5.482030412681108134e-01
1.847780516191440889e-02
-1.398165643351145619e-03
1.103170452869264295e-01
4.383676571636202501e-02
