8.654750643943661670e-01
3.712197315137023002e-01
1.328021330408560408e+00
5.631038370258324433e-01
4.078538864250490503e-01
1.216178821482261529e+00
1.044461085768294106e+00
2.948576856617495801e-01
1.533066361019226553e+00
7.740162964740608942e-01
6.525654277865907682e-01
6.271427651436147777e-01
5.369089691883840443e-01
1.160898213884149044e+00
2.858159795955679816e-01
-3.759429019940104401e-08
2.059285860832940074e+00
5.220499153339022147e-01
4.215793111868278431e-01
9.530169555638671186e-01
6.694877499977820445e-01
6.691249825139335972e-01
2.148897414326403632e-01
9.319753971670416970e-01
1.358028334018267946e+00
4.501595635504548887e-01
1.145017571568223841e-01
1.364460655642330211e+00
5.354431353401272187e-01
1.436792419721236724e+00
1.167671658002904289e+00
3.542782867896814847e-01
2.172791600205296714e+00
3.217973637721881497e-01
3.748432926604529647e-01
8.237029334956941229e-01
1.087248422772435053e+00
1.934381282185624995e+00
6.388550721185189962e-01
1.162939132428971067e+00
2.453132129524002447e-01
7.454837787490996570e-01
6.059980960632557201e-01
4.904436641110075934e-01
1.453802225887716570e+00
9.053556641286348849e-01
5.682744815207368960e-01
1.225172022135640137e+00
9.202911394994904848e-01
1.037747287218612424e+00
2.934246559221677098e-01
1.173244483812431405e+00
8.860901439754236275e-01
1.327182474080803365e+00
4.277716398115238849e-01
6.566420277271058925e-01
1.171758023059740417e+00
1.015107572377865530e+00
1.808148868126186137e+00
1.679304311373841063e+00
8.687503630836775903e-01
7.448935784107734159e-01
4.266856874518013543e-01
6.523918949481957164e-01
1.330035017050754220e+00
1.369960114050172040e+00
3.513962180617780984e+00
1.871981616697850459e+00
1.796036219406247580e+00
1.645202636862576062e+00
1.744670354718575345e+00
1.762509322723275096e+00
1.658259072507753507e+00
7.004047061539987462e-01
6.012741445253310113e-01
1.481312185275877047e+00
4.600231358080457689e-01
1.312664574378088256e+00
1.223272801802154808e+00
2.134166420077411530e+00
9.657685377603405508e-01
1.254286397835700395e+00
1.042348121928277305e+00
1.070611885413975450e+00
1.535914995886292100e+00
1.380859267123932144e+00
1.371953113331967122e+00
5.814369161917797291e-01
4.255360055694915045e-01
6.016287646392858290e-01
9.096525858592829916e-01
1.028722157338026300e+00
5.764783600726421930e-01
4.342023431255749855e-01
2.244979282405680454e+00
9.470024955435778491e-01
1.608965172259664567e-01
2.501225046031291033e+00
8.866471288772328485e-01
2.267373046585543950e+00
1.060173381072340826e+00
1.009814308567584362e+00
1.036803139047024702e+00
4.867299657559123194e-01
2.952086525683975116e-01
1.273498289412641871e+00
1.658522892860378350e+00
1.541738623955561716e+00
5.756232823862331704e-01
4.973475689474329275e-01
3.423129076631661327e-01
9.335374296700341690e-01
1.439553076731024506e+00
1.494938295336156298e+00
6.002237373954059096e-01
4.427693412316066612e-01
4.178395655586781832e-01
5.365518701080623787e-01
3.930230683856900109e-01
4.080175455043240085e-01
6.354866415665122448e-01
4.523229564053846685e-01
4.618801338488646158e-01
5.009278296811284781e-01
1.914059925941492823e-01
3.186012478794278957e-01
2.139033118739059880e-01
1.139303920241681700e+00
4.962845055136088646e-01
1.307641171409042347e+00
1.726190895576703355e+00
1.524609029060585597e+00
1.762711864821195018e+00
1.860053156345845782e+00
1.598167687227721068e+00
6.981361608879931291e-01
6.753949380207587838e-01
6.670364759676019606e-01
5.804637775840701952e-01
1.594163932046722687e-01
2.037914864359382960e+00
8.116663325325593759e-01
2.984107184007701585e-01
1.289423235181812455e+00
5.171150453023442006e-01
1.486820940522562973e+00
1.150398750298161632e+00
1.568996734963903572e+00
6.289011793460481670e-01
5.303654529607897405e-01
4.298115972158373377e-01
4.229317875791280268e-01
5.074976961575369261e-01
4.669299928429366253e-01
5.721184861886270401e-01
3.399135323836182110e-01
1.939340377253490288e+00
5.000900491801570924e-01
1.426438056702332147e-01
2.426434381853740940e-01
3.286457427871051218e-01
1.502525298035605639e+00
1.797689615441066202e+00
1.156173874768840371e+00
9.093961796774469031e-01
9.499564117702079535e-01
1.217724071673957464e+00
1.435008601377972148e+00
2.017379432071125134e+00
1.838576645009903254e+00
1.898544590558664868e+00
1.961235807598536551e+00
1.853817186378873494e+00
1.381257292098367895e+00
1.055313489751384060e+00
1.017884972471334804e+00
2.094754054271231514e+00
1.172062334078092682e+00
1.805449633745968452e+00
8.356426165050360177e-01
1.220114685441157532e+00
1.030686143798276833e+00
2.285271956571150564e+00
2.304604442674785147e+00
2.076812688215430303e+00
1.156077316020692525e+00
1.871211279158756513e+00
8.303494319798188084e-01
2.775995639418646466e+00
6.999285389326579399e-01
3.348210076282335024e+00
1.265078087573410670e+00
1.647148402885028950e+00
2.050095886740279205e+00
1.123937937082701621e+00
2.008588021381774169e+00
3.110405613678730141e+00
3.116775446650382531e+00
3.049406033425329898e+00
1.622681056667084398e+00
2.872551232257689158e+00
1.725578012657023041e+00
1.430896515276558034e+00
1.338768130219674113e+00
3.145306757398421027e+00
1.670885688166133587e+00
2.435760733103466080e+00
1.442855622278170324e+00
1.047402510084859628e+00
7.199615102197787220e-01
1.360921019963077017e+00
1.685570228183733699e+00
1.057795059126762416e+00
2.380993136352616002e+00
2.953128552387038752e+00
1.307912874654294066e+00
1.304527304406469579e+00
1.900086040932266851e+00
2.878713034232805335e+00
1.725097180513076589e+00
1.571545020227536282e+00
1.303463292070883073e+00
1.785827250172611569e+00
1.163263894013026656e+00
1.930836616477800138e+00
2.945600810580676576e+00
8.990185111545316854e-01
1.353341189618430418e+00
1.144864885297073753e+00
5.513000591801340278e-01
3.008775334204924490e-01
9.835132349291429987e-01
4.351302062372555568e+00
9.059191041995314775e-01
1.450720160409397330e+00
1.347073958606574751e+00
1.370285106472412862e+00
7.681931527986892716e-01
8.788094344816043124e-01
5.406548713280724172e+00
2.602897414539004917e+00
1.441887692686933731e+00
1.492637884915816837e+00
1.347919087536646687e+00
2.934044073529626928e+00
4.392170895053043367e+00
3.678042632254001632e+00
4.635523421690214363e+00
4.118408454311273559e+00
1.538762462494947858e+00
5.776559167489661029e-01
2.240008104276248968e+00
4.715971088959136082e-01
1.300675108206851505e+00
1.468172264213630562e+00
1.768912638215874855e+00
1.555842378920936797e+00
1.992425071216167076e+00
4.473353031835125115e+00
9.755270270083756801e-01
1.828763589520693067e+00
4.374076937998015779e+00
2.106319193225852260e+00
2.312979222709869553e+00
2.384716742571411530e+00
1.069948947327244992e+00
3.806058038758027284e-01
1.405675043630083776e+00
3.195530175010850460e+00
2.312748537433954699e+00
2.479637426231733777e+00
2.291311666767088084e+00
1.595822153048845005e+00
1.598460749699587291e+00
2.071921665731441653e+00
4.050171887924411074e+00
3.451889259049560899e+00
2.170289149897166592e+00
3.741678192149978877e+00
2.117927215585798439e+00
1.953776679234137115e+00
1.351896155443449876e+00
2.097827273473494181e+00
2.486913609991136198e+00
2.598004378777508006e+00
8.385059478929277610e-01
9.379983604496551219e-01
4.095604752867765819e-01
1.440049848938545596e+00
1.400602098792101735e+00
1.225777721966442524e+00
1.056419187448008445e+00
8.508911591861000323e-01
5.616401156609240886e-01
2.547052336997427391e-01
1.666833135903633412e-01
9.360796235048424174e-01
1.158755653423258147e+00
4.741587943930263838e-01
6.299876972858298174e-01
2.919115900430111488e-01
2.994199929332225230e-01
3.812391934290308981e-01
4.033220267085961264e-01
7.101496115363487016e-01
1.358779562332993684e+00
6.814346029301632246e-01
1.088695446181399129e+00
1.345816788970182476e-01
6.632650152181553960e-01
1.496379408280974710e+00
6.695490673539200577e-01
9.869903761620487659e-01
1.055803871231073998e+00
1.080808533433921692e+00
6.707056042390706629e-01
2.603091521026858479e-01
1.169170687207273573e+00
6.979183159616778598e-01
1.263603176097323644e+00
1.471652233473847549e+00
7.871334688229613130e-01
9.111289070511915389e-01
4.638698442538868316e-01
1.437054994082043846e+00
1.533342696278837680e+00
9.727953865084351115e-01
1.480536889091641495e+00
1.266128470404265460e+00
5.029122316864422793e-01
4.695344610920519912e-01
2.274328116087366958e+00
1.776660623182086951e+00
1.497174202460047843e+00
1.182088986091808902e+00
7.627060603179353082e-01
5.475293700645852413e-01
6.110142299997997073e-01
1.950590968891206645e+00
1.124099039686187407e+00
1.597810938478037457e+00
1.240185777100259346e+00
1.075360885391176025e+00
7.619867990816514558e-01
7.561759706477819698e-01
2.108644303407904985e+00
2.416866463011623001e+00
2.175054453735907778e+00
1.418848382218497850e+00
1.862029234221572294e+00
2.436104975499754910e-01
2.482876757403187640e-01
1.302598483827881681e+00
1.146219139199035508e+00
4.849432746895314117e-01
5.292923935645769129e-01
4.625309634031553596e-01
1.016357575051855644e+00
1.761484889261418774e-01
4.727640762427771093e-01
1.355284372859139275e+00
7.946679674644627767e-01
4.381066121067226371e-01
2.612915882116010891e-01
4.706713390609072734e-02
