8.174083811121920506e-01
-3.969043374786603018e-02
1.214295901854842041e+00
5.032119342284494534e-01
3.498438471373319647e-01
9.696476741791779652e-01
8.968403148671496572e-01
4.892406505351162144e-02
1.400214922820491648e+00
6.576389436375766895e-01
4.043874379422844334e-01
5.469625546331975396e-01
2.823717713170255106e-01
1.020754692263017960e+00
1.806101830992618007e-01
-2.506129092713282880e-01
1.931988385763241167e+00
3.879264793871061157e-01
4.038165619614607071e-01
6.919700187288323479e-01
5.269630035353194408e-01
5.904619262440130578e-01
-5.494404697289395623e-02
8.483180775524761241e-01
1.115448317958105395e+00
3.907217662210176745e-01
-1.285285092569808107e-01
1.310229458314614792e+00
1.512503692367911272e-07
1.394333560603370881e+00
1.029523474055024757e+00
3.216091471176266148e-01
2.143238714900662423e+00
2.717735538842666054e-01
2.765881539092271413e-01
5.754768670410523868e-01
8.297138005145379136e-01
1.292112559870811417e+00
4.314234476168724575e-01
1.006109494367844803e+00
1.040361469653822285e-01
5.684584606488843894e-01
-1.174667470411460898e-02
2.449654115251644892e-01
1.132369780495469325e+00
8.806441364529383753e-01
4.588490522703695396e-01
1.217235526179891725e+00
7.275255714252328865e-01
9.508632208325746848e-01
-4.934582580289528231e-01
9.620346830495531965e-01
7.695470734379505906e-01
1.152728814770654475e+00
3.666938788283183315e-01
5.737243444512510893e-01
8.363699045992182279e-01
8.569755573628881073e-01
1.000556373571595215e+00
1.422059664571385440e+00
7.404653492187709407e-01
5.822001163808406821e-01
2.064835113029478419e-01
4.151996704417978412e-01
6.096438951385325655e-01
1.161540706300431491e+00
3.106753129072570285e+00
1.523127914315341558e+00
1.022149969596360064e+00
9.284105216196893995e-01
1.196671424816451834e+00
5.457244189996088846e-01
1.206049626839712952e+00
5.181272381584413056e-01
7.982446987714530984e-02
8.092473969871226691e-01
2.677941112089873288e-01
1.312664567675642990e+00
1.096281918595020555e+00
1.828336346156326453e+00
6.298077873832369500e-01
8.465613901977634415e-01
8.647127090273959427e-01
8.742653484939646447e-01
1.342555342237415239e+00
1.111029817056917279e+00
1.128982723457979231e+00
2.057135884735104003e-01
-3.812614957942699334e-01
3.033259340415650485e-01
3.203437002090031016e-01
7.725242303817155820e-01
5.681494835569845803e-01
3.347658613527171867e-01
2.061191036311609270e+00
8.224742088455964106e-01
7.433226934061293312e-02
2.233661797662825244e+00
8.072690784370781802e-01
1.829635016047715945e+00
9.215047310261916813e-01
9.360893691236833458e-01
8.470323772720261823e-01
2.125470883642192610e-01
1.378147010096247502e-02
1.124248898037593314e+00
1.652162613158685289e+00
1.452628849757875651e+00
4.729429858138487486e-01
4.348464529061278339e-01
2.187173495588043137e-01
7.738839434903110881e-01
1.406964549324024150e+00
1.478123266874683317e+00
4.969630610908654100e-01
2.620688072059164653e-01
2.165433413682914809e-01
1.903122456977645316e-01
2.391727103051404513e-01
2.531052359334761137e-01
5.049363809542584125e-01
2.102213941919157669e-01
2.549997820101389534e-01
2.589371826923387854e-01
-8.626973781382938841e-03
5.396665870142750010e-02
-2.921707266986662277e-01
1.087982726589837190e+00
4.682395702183365094e-01
1.164729687510559053e+00
1.707976567029654724e+00
1.236497232175271188e+00
1.584987948498874921e+00
1.738493413338550564e+00
1.587156685643787313e+00
6.273932149240860623e-01
5.561657662970506122e-01
4.242348593187804662e-01
4.861315479503162118e-01
2.564411167582436590e-02
1.943225542762493152e+00
7.771575802896661944e-01
1.548343723186153265e-01
1.127176557917115796e+00
3.347525876622245433e-01
1.378738499249835936e+00
8.944221643449831172e-01
1.556050997112773615e+00
5.901981457635687711e-01
2.866439887323654623e-01
3.208399753426692258e-01
3.286254946509006847e-01
3.755305096288813482e-01
3.663409733994941186e-01
5.070973116754741161e-01
3.254723723175442784e-01
1.857919054017901139e+00
4.170527174074828425e-01
9.029047171652168635e-02
4.062513114053938751e-02
2.679491084790200373e-01
1.479987016353525364e+00
1.747410792436520754e+00
9.762525916221352906e-01
8.443802082302827028e-01
9.399633658967008198e-01
1.141701454456736320e+00
9.864335446040838340e-01
1.948478644681583161e+00
1.810529472200638423e+00
1.306354363448596345e+00
1.773201219306302479e+00
1.445801821467364690e+00
1.012920474869338561e+00
6.131440430610338721e-01
6.012743331402633506e-01
1.318033610793575283e+00
9.681800781450949911e-01
1.378668982895252970e+00
5.586785897950816704e-01
9.749970114285786416e-01
-1.160041014869850479e-01
2.254753190595421675e+00
2.227759419816920605e+00
1.785580840247378065e+00
6.060746415745349447e-01
1.379730680986823277e+00
3.153568357699795821e-02
2.234336923198220859e+00
4.696583869285350099e-01
3.220264248257032058e+00
5.501599789705047261e-01
1.268887560485348454e+00
1.789098872305350252e+00
1.048685014091467416e+00
1.682950222436057963e+00
2.886506822690672713e+00
3.065670165515393730e+00
2.926780457165699900e+00
1.311206295264052413e+00
2.182907050637862056e+00
1.437063240145511678e+00
1.320547811961181983e+00
9.742714484934117403e-01
3.000066872339486324e+00
1.591576697554606623e+00
2.253397503445298433e+00
9.939909496836344394e-01
8.067096127584876264e-01
5.558293089091381756e-01
1.120194336460221374e+00
1.602424496215405059e+00
7.867891280309110558e-01
2.029828175338515006e+00
2.486743854479486426e+00
1.023254696075041048e+00
2.364869863358771973e-01
1.746946084135128752e+00
2.757526107092776346e+00
1.451416582646614550e+00
1.415374531933326852e+00
1.262672518101491281e+00
1.644093376210192803e+00
9.906737586572393894e-01
1.483386009509942260e+00
2.884173919937090602e+00
4.486145910564733885e-01
1.065130854320661236e+00
7.672970201910731536e-01
-4.069481103443473025e-02
-1.366495037243117550e-01
3.873595957310067561e-01
4.070950917238547184e+00
2.731016792713372721e-01
1.017068070773018862e+00
1.068667927600622569e+00
9.500770503803055433e-01
5.727766739274678942e-01
4.092420795290644953e-01
5.141368654698321272e+00
1.561789059197833396e+00
7.498064453407231600e-01
7.938297306196477887e-01
6.137238674056586518e-01
1.670371048900664901e+00
3.590574283481588136e+00
3.177012674355421229e+00
4.284661951497452215e+00
3.484661229003324312e+00
1.030787209700982476e+00
2.550729630611874299e-01
1.788311908800324757e+00
3.356374370574944366e-01
8.637953783446353784e-01
1.235782509754879799e+00
1.578782152843698050e+00
1.349618016766770401e+00
1.334826509139153794e+00
4.388103752764912713e+00
8.688764252819037859e-01
1.140902697384643227e+00
4.143717936559122350e+00
1.866928697096065459e+00
1.829945127225200086e+00
2.026085638925413601e+00
7.063834749452851947e-01
2.363823962888139396e-01
1.030035660138663767e+00
2.661752638544830241e+00
1.960944924912426002e+00
1.815371374250651648e+00
1.907729294650758245e+00
1.266722768749199979e+00
9.273589368679070466e-01
1.405291120498992630e+00
3.005938028450485522e+00
3.094536052006918059e+00
2.045302213392309998e+00
3.696324925461966782e+00
1.894213539119279588e+00
1.656050705360770925e+00
1.066848836397009004e+00
1.755489875765952057e+00
1.933419875990542547e+00
2.314721628004047904e+00
6.751244627160823963e-01
5.112566809946871293e-01
2.865839658802801782e-01
1.102659139567984559e+00
1.256924106346262837e+00
9.244839037629526413e-01
8.405073736067143475e-01
6.086952230355769933e-01
4.489011412422648228e-01
2.056452202993300782e-01
5.455638463400561133e-02
8.302649240822638221e-01
1.011062168231515068e+00
2.720139140441342751e-01
1.763545050537902170e-01
2.178121443776034616e-01
2.087863208421427141e-01
3.323868024716686298e-01
1.562046218955795429e-01
4.668475306215336684e-01
1.092722390538205302e+00
5.894698580891584161e-01
1.005724679089637252e+00
3.284126189985176113e-08
6.040332768178797301e-02
1.371181396018062326e+00
2.519378496714049231e-01
9.138133114211084429e-01
6.448086003686178680e-01
9.818806013424484780e-01
5.243506422824631974e-01
1.991923567528600947e-01
9.202515198195488910e-01
5.859975758655494582e-01
9.305079622685370477e-01
1.442273576066748220e+00
2.957149592689006790e-01
8.362908474839291229e-01
3.515427382038693871e-01
1.297446676105969532e+00
1.369497371533727081e+00
6.144613701516644655e-01
1.369324601865830493e+00
1.189258674597590160e+00
3.446022227215508327e-01
7.515323910989206435e-02
1.714644624739840362e+00
1.563088142698250360e+00
1.420888107622716667e+00
1.104998863113619167e+00
6.097331517826893865e-01
2.440040570394967356e-01
2.456027283839299080e-01
1.820465921219318606e+00
1.002006195429312907e+00
9.537884224442033654e-01
5.991339224613054792e-01
9.795473407171572111e-01
2.305105741725987367e-01
5.260200419995282317e-01
1.800917411352614961e+00
1.911155221861123410e+00
2.009253505359668512e+00
1.261116001887912397e+00
1.573345853384978899e+00
-2.208341436424243187e-01
-1.365099153278590272e-01
1.094908765788620286e+00
1.009194182923384142e+00
9.295512767369434881e-02
5.235923560428352719e-01
2.936173751390932507e-01
9.253266834624156445e-01
1.456760856146066888e-02
3.011698756147283551e-01
1.352988704945793152e+00
6.571132964727571801e-01
4.129088452811959797e-01
2.195226765653529866e-01
1.336351278674265466e-02
