3.389051906300102335e-01
9.020251056716658278e-01
8.354171343382886528e-02
3.863741451021153184e-01
1.354428582835619510e+00
2.897097066118554110e-01
-1.383995704726750098e-01
7.765486730015286332e-01
1.027749685131523538e+00
6.156209935996541371e-02
1.092573033781150338e+00
9.285108544454252488e-01
8.169779331864098770e-01
-1.936554490648626503e-01
1.476542265656035358e-01
8.657448847386253199e-01
4.897667425955664622e-01
9.232498937629372848e-02
4.832128252512442046e-01
3.333941016431866688e-01
-8.445607275886043985e-02
2.767710113190463006e-01
5.383683936255773128e-01
4.848190578185496147e-01
2.340915012344952362e-01
1.586591978250009027e-01
3.391798839786455133e-01
-4.182559098935382386e-02
-1.153660016712193537e-01
8.276487357326156591e-01
-4.133932309544358780e-02
2.943313563629612051e-01
4.388827483183656009e-01
-2.773337001506817959e-03
2.714349071387429091e-01
-3.314281206977166827e-02
3.160389176450756898e-01
5.354310662680620281e-01
4.287470736204090915e-02
1.343836634119396078e-01
-7.331619650752620176e-02
2.189282129431780466e-01
4.668668112177349477e-02
5.340678104290252914e-01
4.486126804318557593e-01
2.267179538130141836e-01
2.530327007813267248e-01
-2.792930523771171639e-02
7.580475868690177421e-01
2.225729988134677317e-01
5.134482015237947783e-01
9.162428947602828666e-01
1.732311292823048021e-01
8.864685543070091600e-02
-1.022889154152463037e-01
3.626554630099292353e-01
2.096610094555298731e-01
4.037744750708128216e-01
3.987293809598954075e-01
3.537761854173006038e-01
3.518654533642118776e-01
2.260518810357023678e-01
1.458793585292580963e-01
1.646723066851593642e-01
2.942647576092826123e-01
3.700011684559126324e-01
2.326032829670457991e-01
1.258462771347542974e-01
5.849935802651121119e-02
5.452085996519462352e-01
1.214299696970717046e-01
9.649454970817574750e-01
1.334163190287209533e+00
7.145841478435867034e-01
2.221784018487628076e-01
5.956417040278352282e-01
3.220528535558692673e-01
1.259298363114191299e-01
2.972363978502236548e-01
1.043453725941054094e-01
7.571095410639484546e-01
8.925112723125943059e-01
8.954574874940797180e-01
6.327688268761640922e-01
6.060842664608396824e-01
5.253016364494423884e-01
6.416011532565369935e-01
3.161301451740209378e-01
7.155890231341102137e-01
4.654712804767007772e-01
3.633439310609991590e-01
6.602222749454570438e-01
5.913819899085476228e-01
5.361503665590842127e-01
6.066765498327912898e-01
1.659434098749384134e-01
9.020182589845110455e-02
1.254909676799066676e-02
1.133300517008594827e-01
2.249014370637620608e-01
2.124463443629123205e+00
3.909908878982775726e-01
6.003130909789268221e-01
3.081827033771227242e-01
-6.779873273623400476e-02
-3.687254364966634224e-02
3.788821654502431135e-01
2.420576839429165183e-01
9.445156886705280419e-01
3.918476562204541991e-01
1.155807725643290151e+00
5.656760053400672339e-01
7.329082022608637281e-01
4.735117871834887415e-01
4.480269491382011249e-01
3.113357944425106383e-01
3.814566812865339274e-01
1.636374341189383297e-01
3.916596910905280338e-02
6.313659127839074126e-01
3.755248145642396951e-01
4.301571882807523894e-01
4.161430441329876939e-01
3.691280815619563671e-01
3.006523866410123480e-01
1.430833913615978392e-01
5.044685928329892821e-01
3.217504259405787326e-01
3.572666787538712474e-01
3.101597487727160152e-01
3.293809557046461500e-01
3.481087542966915804e-01
5.782243329058257553e-01
5.771338789434833361e-01
2.448864674384338969e-01
7.680999362227479699e-01
9.899518212235717263e-01
3.337207729444525151e-01
3.496140879264404977e-01
3.511326879028079384e-01
6.760901636045221208e-01
5.776060173090917793e-01
6.837369026090742707e-01
6.569272796438383466e-01
6.559685395567340649e-01
9.009720345808205355e-01
6.004782451566357260e-01
1.152442692698030902e+00
1.076622145635746319e+00
5.934642808734743591e-01
8.732138572770663520e-01
8.483736050034978993e-01
4.253918740015915079e-01
5.110533023095649163e-01
6.784281008910794109e-01
4.967187689964472908e-01
5.138173280096265394e-01
3.697042620993160611e-01
8.680107991653976396e-02
1.968772852052900757e-01
5.892737618824208656e-01
7.987991796425114588e-01
5.157058062539334742e-01
4.541350706215662725e-01
4.763525946084012919e-01
5.287684473596917512e-01
2.939538146850891875e-01
2.722693593816977176e-01
2.670845988201821508e-01
6.450773311114907926e-01
4.351463932785986644e-01
4.993800231759339958e-01
2.238068513961954387e-01
3.209199124960991356e-01
6.609195682444325426e-01
4.449008299492774876e-01
3.644702250453707992e-01
3.697082492176841928e-01
4.440308925862918588e-01
3.278386155483583586e-01
1.862638178687779644e-01
2.070975134327527334e-01
4.030151442795157912e+00
1.521313591225599060e+00
1.167250534460807287e+00
8.191690495268305616e-01
6.456980173921088584e-01
4.436331146474768450e-01
5.235904473311296936e-01
2.452965723995547964e-01
6.512756635919204617e-01
7.013180072163335277e-01
9.325792890398270085e-01
3.623983204426416971e-01
2.220747518812071497e-01
6.381031835744209735e-01
1.064253746722145122e+00
7.922866261745056260e-01
4.543931142320726257e-01
2.180860822637886720e-01
3.494655083529331074e-01
2.100414804507929611e-01
2.791665527601481234e-01
1.718446530382438664e-01
3.429770022176852895e-01
3.481606501562972689e-01
2.705167033810548793e-01
2.305053277191378425e-01
3.215161292473504573e-01
2.516349877030842896e-01
4.840110939853478067e-01
5.608953771153709633e-01
3.757911101525293063e-01
4.588560010670779676e-01
1.094792546444539605e+00
3.997010752394329902e-01
2.026804912737047992e-01
1.678411798511779129e-01
4.728454170469780227e-01
7.685996640772623234e-01
5.778012467408283337e-01
1.082639056951173018e+00
7.203441267138296356e-01
4.953492154979327600e-01
6.847537170462552059e-01
6.748719003481793433e-01
7.553253755366470257e-01
4.350869298246549666e-01
3.533223373939285983e-01
3.400627502301400429e-01
6.086331091335566157e-01
5.859374811795818871e-01
7.163515799166362275e-01
6.363672785185443548e-01
1.407930793546041226e+00
9.837394862281912955e-01
4.297252029447807820e-01
1.501322235211797751e-01
-7.114483260242990270e-02
6.285215799944767756e-01
6.412264298542502683e-01
5.169536424505476457e-01
3.917628522251654366e-01
3.398167715518993215e-01
1.612807989328870206e-01
6.373071284317360918e-01
7.790750563033002063e-01
5.338203413827856680e-01
6.972902326187802036e-01
6.212404556547077572e-01
1.076144924719270923e+00
7.523382274504656353e-01
8.564525600078218837e-01
2.870352086125329105e+00
1.180065437944429751e+00
3.607103391981481555e-01
1.021288667577804565e+00
6.739874446332360103e-01
6.933763195000908208e-01
7.166179532247174411e-01
8.618934319894712148e-01
1.859029110881413649e+00
2.209525235428200229e+00
1.303069197361839571e+00
5.940230083966860919e-01
4.633812630183519743e-01
1.034824562902071365e+00
2.652776418639140488e+00
1.254080613092112273e+00
1.157121523721078349e+00
1.067263744704769479e+00
3.828993474991748691e-01
9.383425747799369887e-01
7.628876174284719980e-01
9.812492738839098116e-01
1.234868024939334286e-01
1.441284768148850981e+00
1.023924746193584756e+00
8.419981525765045660e-01
1.364744774804433236e+00
6.966976235039085141e-01
8.029767177695636970e-01
5.634531813902443620e-01
2.074748334145548156e+00
6.864270428071111985e-01
3.761680795001898225e-01
1.110128611602200888e+00
1.301506433338064816e+00
9.328980745692880827e-01
4.912930170303166366e-01
4.159327504256699060e-01
8.210391643934716877e-01
5.816628934664458406e-01
9.058023764279508061e-01
1.079069605828479217e+00
5.627055427903404627e-01
1.956653481596591915e-01
3.730292937976140144e-01
2.735073121908201399e-01
2.325286626892707487e-01
3.988267847235426045e-01
5.673865874053074521e-01
1.016194867964277826e+00
5.209437196138334558e-01
2.783857727727761036e-02
6.626048697281170519e-01
7.263751555813542371e-01
-5.104192727757529691e-02
4.177257155322501303e-01
1.208001261546254756e+00
4.882928362633307540e-01
3.886877285419103600e-01
2.251294625474500599e-01
5.194067688297432372e-01
6.859689055850502759e-02
6.716607802379953585e-02
-1.276232095567195746e-01
9.248243443017512000e-01
2.727636982518243380e-01
7.803356773456707196e-02
1.659348375378857099e-01
-2.314008339471122222e-01
8.279910747213075073e-01
4.011956257471598342e-01
4.798071399283731359e-02
1.022126291095677431e-01
3.918742965996067085e-01
8.472267767190049259e-01
2.368877046828937183e-01
2.601749198114254938e-02
1.632328888767010933e-02
4.065221106288091635e-01
6.657367729926015887e-01
6.829839662612202655e-01
2.631785223291451259e-01
-8.486628224807292453e-02
-1.072885293872830048e-01
-7.010813805096474671e-02
1.326126816160390354e-01
3.463501828112013903e-01
-2.156987526132218835e-01
-4.457237765301472893e-02
-3.270923675592514179e-01
4.225856372178315445e-01
8.655027721617527536e-01
-1.077102643395193987e-01
-1.046223712809532108e-01
1.028946843286807078e-01
3.953384890741176716e-02
-2.476434589916459011e-03
2.234343588205449094e-01
3.976238130673918625e-01
2.365342846031125712e-01
2.199086483051128638e-01
4.531449440270328144e-01
3.662251227243360496e-01
3.361856264728532717e-01
-4.134244347369472883e-02
2.373235889374320229e-01
4.834478298195914459e-01
-8.815562064611219550e-02
4.574372814175992064e-01
1.680233250689944502e-01
4.657199369876424688e-01
4.361241625771995062e-02
