6.593625142785788061e-03
7.558716395734414728e-02
-7.029430337030496967e-02
2.529343307058832813e-01
1.327054543383782495e-02
4.100661826889290262e-02
1.881440786634587248e-01
2.597223050798375121e-01
2.375214805698199622e-02
-3.010275496556319083e-02
1.451099567467532825e-02
2.913776419274600737e-01
1.236611821481120449e-01
3.826274772451667694e-01
2.955197372317645566e-01
-2.449248619741830821e-02
2.132723352808223866e-02
8.586397104234490263e-02
8.675942265245059626e-02
1.125480476649571848e-01
2.739138766004554082e-01
2.923064609386628598e-01
6.628867897472950910e-02
1.112113442651170743e-02
1.764063306396694286e-01
8.171701971057110381e-02
1.164556513883596711e-01
6.593684805798642745e-02
8.084453456344625755e-02
8.663872362217772682e-02
1.075005891927323098e-01
1.987007890506297392e-01
1.081872100991583957e-01
1.127721797054085373e-01
2.482978932677345207e-01
7.457512769197369162e-02
-6.799286318860524314e-02
3.818725168381206792e-01
4.077863509566959088e-01
1.472803710454855808e-01
3.063555281958030285e-01
4.108957602307501955e-01
1.685289143077810803e-01
1.092861614146608401e-01
-1.659485796663939111e-02
1.453378621781998004e-01
9.079078066256648927e-02
1.284964732006287635e-01
1.004733364938863033e-01
1.115933054636652211e-01
7.130867175583838202e-02
2.925015494904833480e-01
1.725078800838847348e-01
5.555252677567998343e-02
3.342840526818131597e-01
1.442246382149839912e-01
9.670460538485009527e-02
2.260864839181652569e-02
1.354867233345306010e-01
1.160163663111277582e-01
2.207434344386580427e-01
1.568515555769184056e-01
3.667635141546900929e-02
1.156692289938842377e-01
5.930202131772457225e-02
5.794070496544935500e-02
2.445416193278160122e-01
2.264984405016374214e-01
-1.872087659867062437e-02
2.414266923082561134e-01
5.389590360735689867e-01
2.226954023875617472e-01
5.013693507987523335e-01
2.192260721007811552e-01
1.170323860650919340e-01
1.598737266659258638e-01
2.117577298829028121e-01
1.580242130950519353e-01
3.463211227359159344e-02
2.226300099885198114e-01
2.292386441150900955e-01
3.654759498306928145e-02
1.213162786437347596e-01
2.496977638246752895e-01
1.394726831442086312e-01
5.489221876459607907e-01
8.200408317960328208e-01
6.214650387003300969e-01
3.253831747562028753e-01
2.970015807243975847e-01
1.905502855120903838e-01
5.272577408923160291e-01
2.496779824755640254e-01
2.309287239044116036e-01
7.107412064245307581e-01
7.752825606897663091e-01
1.577797976227149068e-01
8.893845745568976224e-02
2.593232738853269992e-01
1.763799478372267068e-03
8.457449778281826702e-02
1.323125630291725474e-01
1.528223507826557692e-01
3.237105449799608792e-01
3.496369478439537160e-01
1.287686844108519857e-01
5.704291316031488701e-02
3.163864480578808258e-02
4.825378980850924537e-01
2.634795933152799252e-01
1.814723714075117955e-01
7.816298616254268028e-01
7.524731921767267850e-02
2.974385003907416558e-01
5.357848070886277458e-01
2.720054329829414974e-01
2.859109741616870370e-01
1.861222725315411219e-01
2.627946517497198875e-01
9.622080485367051628e-02
-3.946103548360144209e-02
4.218207627469256482e-01
2.914860029910720796e-01
6.955057907026632735e-01
1.032098136770299490e+00
3.241010205544946066e-02
8.336956135348284891e-02
2.616408601464049188e-01
1.094477097553718581e+00
4.310879677629310680e-01
1.253139442732844992e-02
9.827000040442877837e-02
6.419191649727858107e-02
2.508543669515039126e-02
1.067204744169248515e-01
2.977535648352696573e-01
2.033786473298173636e-01
1.023758999182356882e-01
1.241162790329905369e-01
1.519753918508965629e-01
8.618806480010918758e-01
9.890958212553123685e-01
8.612709755580657545e-01
5.776766852785769624e-01
4.029681697911889349e-01
1.979160041222834399e-01
1.821258445167741880e-01
1.518501052685182484e-01
4.007472943323669989e-01
7.690052248674558166e-01
2.516400680168156545e-01
2.152037445799023507e-01
1.265354945527377706e-01
6.200247214853419481e-02
8.726021355479375574e-02
7.396893589134009850e-02
6.402466522081119715e-02
5.308664743229242478e-02
3.783198714335218871e-02
9.961131278760804175e-02
8.067547560959956177e-02
6.563943833143702500e-02
6.789474224668378133e-01
1.011645867637379848e+00
3.453387365316398228e-01
1.238077053056687166e-01
1.422799178323355118e-01
3.529196546241928356e-01
2.041102672560375642e-01
1.119758877502882444e-01
4.564081621403748290e-01
1.732086223245218881e-01
1.210586598703232292e-01
3.917073810803086698e-01
2.429247487959219909e-01
1.037841457161002706e-01
1.218885151861020810e-01
4.703562273902973656e-01
1.451130348109973267e-01
2.813123841778517042e-02
-4.952776627344223498e-02
3.872873395479510539e-02
8.268920845136371045e-02
1.753779207736773649e-01
4.764973872533700278e-02
1.253221134146329796e-01
1.568959960338034421e-01
2.170850211267187635e-01
3.022912352271039382e-01
3.718243088055903783e-02
1.039513006910950874e-02
1.013196837627860780e-01
1.401123873636998807e-01
3.709365598559951488e-02
3.592873040598225376e-02
5.418548374543261104e-02
1.367784716008089430e-01
3.742365228484610951e-01
6.879424901204908016e-01
2.031084304421319209e-01
1.690482364378042002e-01
1.746412444558703980e-01
8.355551756996461299e-02
8.197747345422139176e-02
-1.051957258028349447e-02
2.770378510089994140e-01
1.142867204935670983e-01
7.754764139552906832e-02
2.161736775640209496e-01
9.372411496295013356e-01
5.045199456504064761e-01
7.716266371657385381e-01
9.759681478227931473e-02
4.491871005489941893e-01
2.043292306504590483e-01
1.771799844122967926e-01
1.658692302037096944e-01
1.563964691492103487e-01
8.654611211606570362e-03
1.125750689086533862e+00
5.899124105152324660e-01
3.409313318065992915e-01
4.076619541943691805e-01
1.448742580682493564e-01
3.098998993375091104e-01
5.461675564904915348e-01
5.394799308277503647e-01
2.894082612052718551e-01
6.233400031190060586e-01
2.081464058743792145e-01
3.861966975959192916e-01
1.957667652914226175e-01
7.054826812417008819e-02
-1.109255086208378871e-01
1.369379082916414858e-01
1.868990474234616395e-01
8.656098778653506520e-02
2.382341535974927260e-01
1.208107833284401689e-01
-3.360100487968919157e-03
4.658075051291484664e-02
2.559681824652300652e-01
1.927889054861713358e-01
2.394442312200030232e-01
2.897274435999768194e-01
3.361040816936110009e-01
9.851495428026477152e-02
3.430681553157490793e-01
3.663540405515062770e-01
3.741953667705002484e-01
2.244987095560832258e-01
2.764452613021852190e-01
8.347973059937363605e-02
4.942731734502060076e-02
3.663001157325136981e-01
5.018432986548376773e-01
1.587490787689082861e-01
1.303304566948727261e-01
4.954951762060796350e-01
3.078513242117099646e-01
1.703475150315954811e-01
5.813551440330463338e-01
5.427959255420526929e-01
3.960368122360279353e-01
6.859604213272626483e-01
6.522583859117679905e-01
1.307263938954204896e+00
4.989218515739971549e-01
4.619863490453950394e-01
5.928934290351554059e-01
6.970728692849315067e-01
7.697905894296878104e-01
1.251770142533693120e+00
1.482529731835898312e+00
3.514701098696138559e-01
1.078386365860991125e+00
1.261939373002495257e+00
8.871115086732870303e-01
1.645455083121029727e+00
7.310872749610526355e-01
9.102087215864743674e-01
1.003138679860955840e+00
1.101819129343644565e+00
1.639028594263490568e+00
1.356969782363638410e+00
8.048224442679752233e-01
1.001162145751048449e+00
1.966787647686220053e+00
1.093149211247792962e+00
9.086910834628028066e-01
1.255395146146853769e+00
4.018361533510115269e-01
1.303260868914068560e+00
1.199998554840285392e+00
1.017924973453836701e+00
1.128613902971612903e+00
2.824837984591948570e-01
1.275190763855923004e+00
9.037806051254698714e-01
1.505885380276595686e+00
9.519430802751690512e-01
9.170853873200930373e-01
2.817530363087272782e-01
-1.560447157309093058e-01
1.038283188054380801e+00
5.810196644562051205e-01
4.335450711383561639e-01
1.131845905611908870e-01
5.629988068588651084e-02
-1.059645927393764175e-01
4.779783490297878079e-01
1.211305078873378793e+00
-1.408903921661734948e-01
9.007159793384744706e-01
3.422584852521451948e-01
-2.623570437450778794e-02
4.265219756367298887e-01
-4.087966076507489888e-01
8.108323189659446539e-01
5.807165854965263829e-01
-1.364755413460948807e-01
3.930585783853595694e-01
3.919571725081899549e-01
2.404019842091124626e-01
1.123036201061960337e+00
6.899354581677219489e-01
1.286583607012567576e+00
1.159389870661821531e+00
1.600342227017637065e-01
7.044991026916567201e-01
4.377383048358225448e-01
-5.166436586649766211e-02
1.693065686453794738e+00
6.417420188041218498e-01
-2.768736509370308130e-01
2.022992901792853182e+00
5.146409504642891486e-01
2.043083674549365791e-01
1.109884184436187304e+00
8.324219694050705165e-01
1.250410103410927842e+00
1.566023709520615093e+00
1.066951868318290808e+00
6.081734003659278187e-01
2.154868920014008926e-01
7.052858536321068295e-01
1.456786872631895768e+00
1.716332543540445066e+00
9.170687574386444663e-01
1.149180661701430184e+00
6.905970413342795711e-01
-2.514946486840496931e-01
1.202604537742963497e+00
2.416378069590936040e+00
1.521534616528430695e+00
9.293445957232424615e-01
2.371349261461288827e-01
8.694913302385497422e-01
1.180665812488145144e-01
3.932293575095130445e-01
7.043233734976017679e-01
5.846752387924396555e-01
6.593278511690745525e-01
3.748272963325317009e-01
2.824212598205987912e-01
