3.468426533952935764e-01
9.020250386887652683e-01
2.036571558381933544e-01
3.863741365101208691e-01
1.405336994142686535e+00
3.077418350437019501e-01
-8.761235391477588397e-02
7.765485935560726416e-01
1.027749591671489604e+00
2.334535092009038804e-01
1.129300306900480555e+00
9.312357868453543519e-01
7.717741783273834866e-01
-3.463984001387360179e-01
1.424051548539556622e-01
8.657449955138112330e-01
4.897667425439239386e-01
9.232509872236611959e-02
4.832127758531822304e-01
3.333939811695422750e-01
-8.445611011531808932e-02
2.767709776533320842e-01
5.383683526235671923e-01
4.848190429530320755e-01
2.340911900333764450e-01
1.586590694319591210e-01
3.391798650208046051e-01
4.876958544386888680e-03
-1.153660034748140717e-01
8.729066647667673706e-01
4.411621436349955766e-02
2.943313688967378328e-01
7.080289008678644080e-01
-2.773341316555783670e-03
2.714348775162870320e-01
-3.314282024763048201e-02
3.160388971675744396e-01
4.976272357138769031e-01
4.287466198035180809e-02
1.078328817448940963e-01
-1.933408344215031133e-02
2.189281981681243938e-01
4.668666924968003368e-02
4.155155733016800967e-01
3.398115027422758394e-01
1.402119324854606552e-01
1.543680999255415132e-01
-7.867994563206789915e-02
7.134623724336903727e-01
2.263394028157959537e-01
4.488378872361572514e-01
9.105407384845269902e-01
1.587232268568403437e-01
6.226071582007553645e-02
-8.744898611195511817e-02
1.787604221440532160e-01
9.376180431338458632e-02
3.125469167917669377e-01
3.358514890655863727e-01
2.504589027286537317e-01
1.926961204717459741e-01
9.568560280390546458e-02
1.164368600445423452e-01
1.517922462520109594e-01
3.435070642285815157e-01
3.088294556590616691e-01
2.939249042267096379e-01
6.734408958339067885e-02
1.245827505754103781e-01
3.072889325474115751e-01
4.970566760161223945e-03
5.478061457221228281e-01
1.123232605070182188e+00
4.805863455534873374e-01
6.565740344144380125e-02
4.975884830845836437e-01
2.002948206886631388e-01
9.704028834105273005e-02
1.596555399963252853e-01
2.996787114664848858e-02
3.696327783218739116e-01
6.644176548165979801e-01
4.975342605054319800e-01
4.328902556506011301e-01
4.693597533130727251e-01
1.678454259507211332e-01
3.962607874002365138e-01
2.092485047641877982e-01
1.397138373615717244e-01
3.803188464453955975e-01
2.064529198925385278e-01
2.769033431673771917e-01
2.134428905627306083e-01
3.515785878497808548e-01
4.056746978919320568e-01
3.417526774099081954e-02
1.699390238102383224e-02
-6.492531683964963829e-02
-1.762485520368613778e-01
-3.041331757985953899e-01
1.589357308048622519e+00
3.501293517681566825e-01
4.413102495035622352e-01
1.893143210603425164e-01
-9.620127032810699141e-02
1.330725637525396327e-02
4.132137427063555662e-02
1.791315611157196647e-02
-5.470422096959481201e-02
1.947552982127611076e-01
5.233507411108219154e-01
3.092936138285293235e-01
3.828235989586725174e-01
3.648530622815106539e-01
2.431518287267357692e-01
2.947261212281552245e-01
2.969911023083359747e-01
1.069150374623742683e-01
-5.562442658387486277e-02
2.761876128308364264e-01
1.730586841857283953e-01
3.374130694540831144e-01
2.543992051929045428e-01
1.435666907807315873e-01
2.386415056212874974e-01
8.757895837125191998e-03
1.483464695787654608e-01
2.310970866517345346e-01
2.377996204168544847e-01
3.000681126380718156e-01
1.542067410681523809e-01
1.925318381376888155e-01
1.245758133698032927e-01
2.211349507783144375e-01
4.708555171138944367e-02
4.111099559079081645e-01
5.146560594940975397e-01
1.263907687888002618e-01
1.115845379154472294e-01
4.985061332410701401e-02
4.413548950766712498e-01
4.256744443816328216e-01
2.623617358050294723e-01
5.889328977707894985e-01
2.946547537915552017e-01
4.618804003240764011e-01
2.783228755743388794e-01
5.229428968227149976e-01
-1.477761479216609282e-02
4.255847299136228390e-01
3.315156818769650071e-01
1.606580494304353235e-01
1.950132335582912269e-01
2.052575916164635639e-01
4.313547563645798166e-01
4.536509215240667192e-01
3.406801230855978635e-01
3.008718607824714120e-01
8.314178627448923220e-02
1.167332811988361640e-01
9.707328356718682161e-02
4.519950129891553425e-01
3.476412849159976060e-01
2.378214616427211936e-01
4.589336314083728996e-01
5.093406669961598743e-01
3.322819395484490346e-01
2.656682430451211552e-01
1.940649509213031032e-01
6.145128621380341327e-01
4.179997683536075259e-01
4.742761462433005559e-01
2.189852972877535664e-01
2.540671111978394237e-01
6.154097059437172446e-01
2.951928649282236639e-01
3.448783179170098467e-01
3.534200094010003790e-01
4.321735957880154522e-01
3.249036808956403122e-01
9.680189649751821945e-02
-1.782718646210224855e-01
2.128393175505281398e+00
1.046792153723364871e+00
1.091871675306148814e+00
6.890892857065993304e-01
5.773280485441468768e-01
3.408289301616339584e-01
4.357088763897625228e-01
2.521421297988996613e-01
5.896594662066044767e-01
6.795101687012018443e-01
7.633354933669976861e-01
3.821355197931582959e-01
1.686807562079372658e-01
5.611331023916987792e-01
9.365007402072191844e-01
5.463368147560382360e-01
4.772519265624869944e-01
2.566551379138306554e-01
3.631116859607122493e-01
8.986803861683693995e-02
1.887493751938505993e-01
7.366851376817748487e-02
2.846111236764665153e-01
3.377419196483494312e-01
2.165095053536537639e-01
2.336662055581429642e-01
2.754999777387204807e-01
-6.783403345853297739e-03
3.990015129100364655e-02
4.946038486868127304e-01
2.837787433948835147e-01
9.968924533607431693e-02
9.593943696066946636e-01
3.746062439037342595e-01
1.065724212794071507e-01
-1.178486619252465256e-01
1.180791310621708556e-01
6.149614455026084503e-01
4.360774754427337307e-01
1.069172597881985487e+00
6.691594449391725652e-01
2.898777548344311228e-01
5.407991343307174681e-01
6.457757077817427582e-01
7.014747737671137573e-01
4.439004528207188272e-01
3.522456780115097996e-01
3.562740877017931407e-01
5.358869793601837017e-01
6.228670382425652852e-01
7.054487184669765432e-01
6.416487717139387481e-01
1.342227807550322449e+00
9.992829125972414461e-01
3.909435105832194668e-01
1.398462333820934822e-01
-1.933508354179857766e-02
6.730987350144843617e-01
5.723108204236646568e-01
5.039905725780420287e-01
3.651960524157046861e-01
3.439471031343567797e-01
1.805754303064186217e-01
5.516540177633810771e-01
7.334443349960431124e-01
5.529705524259057592e-01
6.862679970622670433e-01
6.136803650284156086e-01
1.051146619014768913e+00
7.035960521341582119e-01
8.667132249565395741e-01
2.827953893042240985e+00
1.176706561082121461e+00
3.414572160954621460e-01
1.016560610114952690e+00
6.825256207153255206e-01
6.937567875931764938e-01
5.635248956747537230e-01
5.424190774356236755e-01
1.266652774369489087e+00
1.914920919046229519e+00
1.328785423731263071e+00
5.284291086993414543e-01
4.063553824792281999e-01
8.577875460395414375e-01
2.628537285475589957e+00
1.237969275951617432e+00
1.118817850577791262e+00
9.904686742512054387e-01
3.838575631710661740e-01
7.975550376023085031e-01
5.887823949724346750e-01
8.489237509900713352e-01
-2.990575681264591099e-02
1.317393871317713572e+00
9.711096198823095937e-01
3.913426627662447976e-01
1.077146827443811183e+00
5.778668193082594495e-01
8.683723271800981580e-01
2.592924092338877440e-01
1.722731128457700045e+00
6.594539918784629862e-01
-6.159195002088586612e-01
1.032702513130981714e+00
1.213116446469671095e+00
8.294273483574675643e-01
1.949308920842190429e-01
-2.397882287973831031e-02
1.044912195647218267e+00
5.899459010583385510e-01
7.151783656171443182e-01
9.885996021519546373e-01
4.324911241275571361e-01
2.603233502161901303e-01
3.615394086808387253e-01
3.218507453459215073e-01
1.347058041248603288e-01
3.848077940900648253e-01
5.594038745350207176e-01
1.122689470171925663e+00
5.813885442223118982e-01
1.642098079626639826e-02
6.742274898076722200e-01
6.456392268323821737e-01
-1.826471700832930922e-02
4.060024266982779073e-01
1.139700976555868106e+00
4.222789534041177517e-01
3.577327182039827802e-01
2.811471014508771238e-01
5.364826115274912155e-01
1.246198404063693782e-01
1.959124753571184485e-01
-2.750961309406334265e-02
9.987742910701722376e-01
3.227445734954380585e-01
3.294249907037257175e-01
2.058262068339946904e-01
-1.241198961841788184e-01
6.545710672275917297e-01
5.037031205702732217e-01
2.058186061224378527e-01
3.694777940908910291e-02
2.506597859085104019e-01
8.563104091518829453e-01
2.573307108335595728e-01
1.048156966903415199e-01
1.710184930709088558e-01
6.434848656889886609e-01
7.882081455545707493e-01
8.422876503742656729e-01
6.114931693743089758e-01
8.237036920783885607e-02
-2.626123950087208905e-02
1.424298734468646133e-01
2.896368643919977615e-01
4.436605591988978525e-01
-8.626974371776875705e-02
9.840406539166814126e-02
-1.500381938628796152e-01
5.573682073082921740e-01
9.010409088195224792e-01
8.587386307740865754e-02
1.178494503070450367e-01
2.584522258057201927e-01
5.940891507120420537e-03
8.991392125641303745e-02
2.308908911339624670e-01
3.685128012863642666e-01
2.309900904899899188e-01
2.684045519796975920e-01
2.728307390619512107e-01
3.513443598719190875e-01
5.685844535641273456e-01
-4.553232502830821538e-02
2.540100885716951584e-01
4.903194698557454823e-01
6.075919726710860697e-03
3.187993543972602595e-01
1.625595917719834804e-01
5.520799214161151713e-01
9.055662083197832390e-02
