3.494284335886348181e-02
6.844284748518066064e-02
-7.286636453058602247e-02
2.529300462796218452e-01
1.236311051427586988e-01
3.990970332199071657e-02
2.361956382289382428e-01
2.468690694034297861e-01
2.374851635876754075e-02
-2.964930381069842691e-02
1.450676960930406302e-02
2.913734232707184124e-01
1.236569065995402894e-01
3.826232949962082852e-01
2.980256540188613856e-01
-1.485225191931352278e-03
2.200690809908838891e-02
8.586081457896735381e-02
8.675558908166623728e-02
1.212192504804363580e-01
2.739095582614143320e-01
3.073644687279680210e-01
9.652269220213909040e-02
2.497275561955531603e-02
1.764022601417130354e-01
8.171268832601981391e-02
1.186317260368825177e-01
6.593217512339857866e-02
8.441835521833472578e-02
8.986700053787381737e-02
1.025342863468726023e-01
1.986964619999347093e-01
1.081822959459605299e-01
1.127682456760198543e-01
2.482938173829995765e-01
7.457090610096606120e-02
-2.714151789061685846e-02
3.710452925898299337e-01
4.481526128213983440e-01
1.673784303776818805e-01
3.344978321147684119e-01
4.115919483356554887e-01
1.633609077192655634e-01
9.334911386182698223e-02
2.191690445338520185e-02
1.574977550686399719e-01
9.284004773136954325e-02
1.236798344755320189e-01
1.009084804693926446e-01
1.331304022769017881e-01
8.163990222819021703e-02
2.924969571863805795e-01
1.683080787598784100e-01
3.261414616149629908e-02
3.135572789269233662e-01
1.498480278125013943e-01
7.040259412768344605e-02
9.627202521166255619e-03
1.348098771254439832e-01
1.114375350451725227e-01
2.168043419285469176e-01
1.211198358547050657e-01
2.892162662857931249e-02
7.394571435373689661e-02
7.198396164497716798e-02
5.796746285602016185e-02
2.445382926960119052e-01
1.728210673910073047e-01
1.002097629327204122e-02
2.657120963331554009e-01
4.974653735708866598e-01
2.837981521804326945e-01
4.911396859401307990e-01
2.097993453708135447e-01
1.170285230958409833e-01
1.616697362807766325e-01
2.224754528264122067e-01
1.167396752334650956e-01
7.682145167761716964e-02
2.226357726774574886e-01
2.270835549182795288e-01
6.018899266168459272e-02
9.317916312496084263e-02
2.067630060947086568e-01
6.405684916778474347e-02
7.243638838453415607e-01
8.387422549878242872e-01
5.784801681988250843e-01
3.096474099634438093e-01
2.940864580937605499e-01
1.859282962406015038e-01
5.397558279782628254e-01
1.575068211048219757e-01
2.455335315935645579e-01
7.027961257260015859e-01
7.753211170848711697e-01
1.577963751444335927e-01
8.893465294810516675e-02
2.721058269749144776e-01
1.589938625610293199e-02
1.071590096762787686e-01
1.201070304606641909e-01
8.227251082507168467e-02
3.442325951701689091e-01
3.491773842738111200e-01
3.427225076208241517e-02
3.388067980604560214e-02
8.808390815513159056e-02
4.533432497994930310e-01
2.644172681789226376e-01
1.861308461958218197e-01
7.886510469295630044e-01
9.279753941978255427e-02
3.344950595876619026e-01
5.956900069148165500e-01
2.700607408052148606e-01
2.869062597846523399e-01
1.861540546431964538e-01
2.533200173900351237e-01
9.485589590974702334e-02
1.792647506238495905e-02
4.524549083214015610e-01
2.373449838811883539e-01
6.273185707973634173e-01
1.011925916726750918e+00
6.947691932045940710e-02
1.190765926820266940e-01
2.894118083000372099e-01
1.094570701764766341e+00
4.174717073711691206e-01
4.415290160332900615e-02
1.264886312606524066e-01
1.056964767601073080e-01
-6.454552942655029241e-03
1.427534527017448873e-01
3.145388033081596979e-01
1.670598888276275118e-01
1.172534319714063772e-01
1.241509173001672517e-01
1.340251059990249238e-01
6.911705043361408007e-01
7.904246869992508362e-01
8.475823051250879203e-01
5.345119135108025166e-01
4.030015566349710587e-01
1.884064170474015754e-01
1.953309349351774193e-01
1.474503598653494063e-01
4.007758419527528426e-01
7.690464987614519243e-01
2.130021972930284113e-01
2.034889480181602261e-01
9.254375117524404892e-02
9.001669558643336788e-02
8.595991153804864726e-02
7.010709694379857471e-02
6.576722019905451022e-02
8.689756582838738252e-02
5.123327731154306286e-02
8.991314752509538266e-02
7.101205715238989580e-02
8.773190749530407340e-02
6.924890057387688147e-01
1.000720700746236425e+00
3.457249682663797730e-01
1.156358958022701139e-01
1.707698195751086445e-01
3.655858895303842893e-01
1.770619133912239851e-01
1.676936947640518816e-01
4.672105302078474742e-01
1.740281278137584819e-01
1.405049395162101533e-01
3.888410993419877948e-01
2.429361827846186206e-01
1.056049139507463513e-01
1.130140371315878633e-01
5.116625923558714151e-01
1.389039300841195812e-01
8.017413095220791985e-02
2.665772667592481923e-02
2.557225860411963675e-02
8.363869327524997566e-02
1.997805362982082444e-01
8.572773112292582376e-02
1.272649785030289526e-01
5.231887756398323486e-02
2.490889461911632019e-01
3.770388508747711254e-01
3.661558086442019688e-02
-2.317203179967466942e-02
1.544943547736793155e-01
1.495919564748499353e-01
3.603668928133700600e-02
3.043283931658637143e-02
5.329095381875748744e-02
1.201475449155649383e-01
3.684539211760470834e-01
6.917621143520473748e-01
2.368657535630074862e-01
1.406206839399444519e-01
1.283718301444560783e-01
9.934082262459183188e-02
1.015815054177460208e-01
2.694338203113885721e-02
2.770565028651559847e-01
1.429086893363455124e-01
1.393435106898596454e-01
1.844116964888503907e-01
9.383082671602607228e-01
4.915437283681399760e-01
7.807384571361855041e-01
1.205958759941842817e-01
3.962851708424929842e-01
1.441372603366005145e-01
2.316591272276558033e-01
1.595150113403496217e-01
1.184781371144853351e-01
3.916455631674398835e-02
1.125761958277278207e+00
5.844167450143380460e-01
2.595454042552367002e-01
4.128689431295032852e-01
1.497996136345595697e-01
2.341540245367750017e-01
5.621678887307565153e-01
5.395071227313660289e-01
2.679027445717213074e-01
5.849638544495938675e-01
2.045735477358693599e-01
3.881431065507960354e-01
1.389317047206201916e-01
7.204379647957669108e-02
-9.966979818413445463e-03
1.334689045675100938e-01
2.032902365700655911e-01
8.200268389004466973e-02
2.315823140573532446e-01
1.208273696624416610e-01
2.763753697578957141e-02
8.464477036253045816e-02
2.575803525813238348e-01
2.200016411705514874e-01
2.407777077623435014e-01
2.780448359637811007e-01
3.266387210604490554e-01
4.541634626658178076e-02
3.339858219523138549e-01
3.275233545128545254e-01
3.742211966289527569e-01
2.205152565460647696e-01
2.773931136278943166e-01
1.135397591527636391e-01
5.299780869287784579e-02
4.293666806746344600e-01
4.718835020216479714e-01
1.587674133380464758e-01
1.303354651806118703e-01
4.952106917261088759e-01
3.245885105915954361e-01
2.368084962425128781e-01
5.813554862975239823e-01
6.189027443910499748e-01
3.960402950110065157e-01
6.882569076405415931e-01
5.444323526648847666e-01
1.307905281834564892e+00
4.989353287964795047e-01
4.999819214781558996e-01
5.898142981844758381e-01
7.058516853377833078e-01
7.609174653116231868e-01
1.086298680427807195e+00
1.465452030211796153e+00
1.596363945464356615e-01
1.099341299747904843e+00
1.261936800490927935e+00
9.157381550244249047e-01
1.638881480550507641e+00
7.310926087377110916e-01
9.102134965199023542e-01
9.782858154328665234e-01
1.022787035048953186e+00
1.639056796926807280e+00
1.335991583779395642e+00
7.457769414928278051e-01
1.040763730662510822e+00
1.998960520582368394e+00
1.085661186506581943e+00
9.086997822574586214e-01
1.176708904699667047e+00
4.018301856924867410e-01
1.303268822456451703e+00
1.200008142861608729e+00
1.017951336311603949e+00
1.163387647077730458e+00
2.326705223489727581e-01
1.261578014449015850e+00
9.037790422936429202e-01
1.415315186396228331e+00
9.519639968845037270e-01
9.171036317329961385e-01
2.871099833024688963e-01
-1.467733768592902610e-01
1.042353737480117726e+00
5.810203197160118682e-01
5.868568663158327814e-01
1.131831417871424217e-01
1.403736208956152531e-01
-1.059658761068268396e-01
4.753368338249803760e-01
1.487963031672158598e+00
7.408586860173523025e-02
1.079277343203034034e+00
3.415465403521734666e-01
-2.624125630012887067e-02
4.265201082086475526e-01
-3.954377078858756223e-01
8.108279658627621789e-01
5.807149894193187611e-01
-2.500747708673341577e-02
4.400037917559016520e-01
6.169691545071988026e-01
2.918835387942966264e-01
1.123035307840041686e+00
6.996940784303304905e-01
1.286579411609169776e+00
1.166943013923763317e+00
2.693843432271706417e-01
8.210734916332856903e-01
5.562353014928962391e-01
-5.166880760523132748e-02
1.671751270411761192e+00
7.566976156742011295e-01
-2.757930180112087570e-01
2.022988535069266458e+00
6.022819460234657418e-01
3.733967201967100524e-01
1.109887198978080303e+00
1.011442109549111290e+00
1.250405769011966095e+00
1.564896092452318088e+00
1.066947673508630956e+00
6.213303576071355083e-01
2.154827033329332620e-01
1.033101317699393062e+00
1.456783068948165116e+00
1.716327694990814834e+00
9.170652220790100895e-01
1.149176880061501427e+00
6.905926336237599994e-01
-2.514988319678430617e-01
1.202600048705551483e+00
2.416373916993574511e+00
1.521530024063329378e+00
9.293403858545655760e-01
2.371300047767968822e-01
8.694868957412186239e-01
1.180625990338113052e-01
3.932246692841375180e-01
8.231486462615250632e-01
6.725253541797975299e-01
6.593239347752073432e-01
3.748218116488625795e-01
3.625789610291065834e-01
