3.494646978133540693e-02
6.844796440902230217e-02
-7.286232545418613871e-02
2.529342095811962232e-01
1.236348128764251653e-01
3.991409734228383577e-02
2.361998203613230873e-01
2.468714434370775646e-01
2.375214147419462546e-02
-2.964763326512143138e-02
1.451098753764610248e-02
2.913776914913047134e-01
1.236611799007481666e-01
3.826275959010350114e-01
2.980247915852088925e-01
-1.482972663140168365e-03
2.201039464651873001e-02
8.586396648983891933e-02
8.675940218832114970e-02
1.212232824571018996e-01
2.739139020046952866e-01
3.073681014074601814e-01
9.652641151045088241e-02
2.497261832580174520e-02
1.764063012099762739e-01
8.171693029492675675e-02
1.186358726617676024e-01
6.593679903295159017e-02
8.442227509051804246e-02
8.987100323934651969e-02
1.025377202792822906e-01
1.987008010217047593e-01
1.081872122063874675e-01
1.127722382914576882e-01
2.482978836747908868e-01
7.457511809989536555e-02
-2.713950129179516085e-02
3.710491651566804050e-01
4.481572097979815705e-01
1.673821542369053617e-01
3.345020448608449493e-01
4.115958045885632632e-01
1.633644765800791598e-01
9.335284819928660327e-02
2.188868845766059335e-02
1.575018928287300335e-01
9.284343750155353570e-02
1.236696919599785394e-01
1.009123285705050971e-01
1.331342194557806058e-01
8.161358104027324756e-02
2.925015358855418968e-01
1.683032168920646221e-01
3.261817664281874141e-02
3.135283254593636548e-01
1.498515301245112730e-01
7.039238934539610026e-02
9.630072463172753561e-03
1.347666823973662498e-01
1.114421319325223508e-01
2.167608730785992033e-01
1.211232790298709117e-01
2.892418321138280624e-02
7.394990552145394580e-02
7.192474670877423149e-02
5.794080068047777893e-02
2.445415834433841973e-01
1.728251954018499015e-01
1.002511411240492034e-02
2.657137754993943446e-01
4.974446414087433932e-01
2.837827235699596495e-01
4.911173697356150947e-01
2.097962718353312828e-01
1.170323839364023205e-01
1.616736968224045390e-01
2.224735742815343587e-01
1.167192340060239086e-01
7.680175025716898252e-02
2.226300126270568946e-01
2.270831905381651139e-01
6.019301333787644565e-02
9.315541454529498167e-02
2.067430737263059037e-01
6.403066021549913556e-02
7.243361775122042490e-01
8.386908389710061584e-01
5.784359060635343441e-01
3.096044137791658657e-01
2.940292222539199751e-01
1.858828590570001105e-01
5.397180500569066508e-01
1.574995378080120134e-01
2.455108467898715618e-01
7.027763267853012197e-01
7.752827306772168692e-01
1.577797962834050494e-01
8.893844813749161859e-02
2.720909891702663619e-01
1.589486925795385516e-02
1.071322134216448202e-01
1.201115604350157101e-01
8.227313611570588603e-02
3.442322142667382789e-01
3.491289980347750399e-01
3.426796750746631537e-02
3.387267407052477197e-02
8.807024258676489359e-02
4.533332157001480622e-01
2.644056343123989961e-01
1.861037440715103131e-01
7.886187465129739227e-01
9.278677868274311236e-02
3.344611577268955527e-01
5.956477519674630017e-01
2.700221996908448996e-01
2.868551195124945941e-01
1.861222714777587273e-01
2.533014148173712288e-01
9.485629824616308159e-02
1.792315355447017186e-02
4.524366710425389293e-01
2.373177116397550135e-01
6.272980069345254206e-01
1.011883645883126626e+00
6.948012432487914170e-02
1.190417689056761791e-01
2.893761796709016232e-01
1.094529660288676487e+00
4.174606549598018912e-01
4.415704227767854734e-02
1.264904545722146390e-01
1.056853482464916311e-01
-6.463359096511282591e-03
1.427233656991361566e-01
3.145304427852074203e-01
1.670194823358072955e-01
1.172455842392398084e-01
1.241163857595883324e-01
1.339843674187609912e-01
6.911644057283996556e-01
7.903839168761241929e-01
8.475562503414130200e-01
5.345012387228548212e-01
4.029680800303735988e-01
1.884076695561024140e-01
1.953200344285734857e-01
1.474318793656196058e-01
4.007472907973181897e-01
7.690051181160872940e-01
2.129662185031537258e-01
2.034338466136237089e-01
9.253211561997354284e-02
8.998735036171609525e-02
8.594777951326479370e-02
7.008466289518740233e-02
6.576648950793435866e-02
8.690096134517424908e-02
5.123483306355755551e-02
8.989437296883197315e-02
7.098762086235388402e-02
8.769971959405047091e-02
6.924637815708989397e-01
1.000669315497136669e+00
3.456857787766915990e-01
1.156135335393898567e-01
1.707470502186675954e-01
3.655536997513252340e-01
1.770624715107528557e-01
1.676603535740661122e-01
4.671813070620494668e-01
1.740004456209506833e-01
1.405053158518199119e-01
3.888355228102977068e-01
2.429245581802536302e-01
1.055939582407066646e-01
1.129924009897028681e-01
5.116289758938981080e-01
1.388850830861568519e-01
8.017768762923090098e-02
2.664116786677085680e-02
2.556793788742607945e-02
8.362553916142229093e-02
1.997519485973458242e-01
8.571525696868632915e-02
1.272615429013880806e-01
5.232194737580053018e-02
2.490915200960979459e-01
3.770345703309945784e-01
3.661665433757333582e-02
-2.320424018536546007e-02
1.544788411385400462e-01
1.495781247705977313e-01
3.603805542613194857e-02
3.041629347500001551e-02
5.329272173138036028e-02
1.201383219348984982e-01
3.684440064333798781e-01
6.917288301213626589e-01
2.368479328161767761e-01
1.405919312211933447e-01
1.283583315722613416e-01
9.932539737995259299e-02
1.015588378178427925e-01
2.691555595546776466e-02
2.770378464626048198e-01
1.429068549479849126e-01
1.393356194425047490e-01
1.844079262529597640e-01
9.382674679462233991e-01
4.915123186198440686e-01
7.807070733520347083e-01
1.205810601163968127e-01
3.962734809841654271e-01
1.441367250605535832e-01
2.316613364361388427e-01
1.595005296185378896e-01
1.184617927957418437e-01
3.916422085535044978e-02
1.125750686313350624e+00
5.843828006674468556e-01
2.595491683726282028e-01
4.128377435000322726e-01
1.497865922412743578e-01
2.341332137953561765e-01
5.621371948593779644e-01
5.394799281939748337e-01
2.678932458105329761e-01
5.849544551567881223e-01
2.045755988530665315e-01
3.881409582629019583e-01
1.389297196318987071e-01
7.202115975422375416e-02
-9.964612742828655653e-03
1.334709012397370664e-01
2.032859905086698005e-01
8.196542300335109277e-02
2.315857979612363504e-01
1.208107860433393632e-01
2.763536041132776469e-02
8.464581478045489493e-02
2.575782652290213859e-01
2.199999159684754846e-01
2.407502195272903656e-01
2.780077692378817855e-01
3.266104609582021201e-01
4.540109663947305280e-02
3.339512909820744335e-01
3.275141964166075614e-01
3.741954490314804427e-01
2.204939882878828306e-01
2.773938434876229708e-01
1.135330525812283803e-01
5.298554838076225543e-02
4.293480177900198536e-01
4.718836253101494349e-01
1.587483430981102839e-01
1.303308818633827082e-01
4.952033793600209011e-01
3.245870342682324328e-01
2.367959072027908674e-01
5.813551409513358914e-01
6.189040210221707916e-01
3.960367303721451515e-01
6.882424368372140888e-01
5.443902549662680279e-01
1.307878635313748150e+00
4.989217338869014196e-01
4.999779108683534701e-01
5.898060132118715382e-01
7.058468729467991531e-01
7.609037339914370701e-01
1.086283548048314396e+00
1.465412646457996182e+00
1.596182198134467600e-01
1.099342372969289716e+00
1.261939386977563249e+00
9.157418157770028655e-01
1.638881095318874159e+00
7.310872766071958573e-01
9.102087081698654325e-01
9.782590642696135097e-01
1.022748994960686497e+00
1.639028660913675717e+00
1.335993581197761015e+00
7.457810650580620759e-01
1.040769535724648698e+00
1.998938930069133368e+00
1.085655619456515897e+00
9.086904132171890192e-01
1.176698586571094829e+00
4.018361196533808410e-01
1.303260916408944592e+00
1.199998555658871480e+00
1.017924975342102689e+00
1.163382963950177595e+00
2.326534915776389545e-01
1.261575964104310499e+00
9.037806778817615294e-01
1.415305440059109410e+00
9.519430961246873046e-01
9.170853959294137381e-01
2.871170493733712359e-01
-1.467888226589377232e-01
1.042358891260273479e+00
5.810198559958886788e-01
5.868590001528427580e-01
1.131846131259089255e-01
1.403782755197997001e-01
-1.059645887012952981e-01
4.753290876284713140e-01
1.487966802799410848e+00
7.408944235543626911e-02
1.079281688981227560e+00
3.415383791600993257e-01
-2.623598571675087032e-02
4.265219032274015776e-01
-3.954363864761811231e-01
8.108321987857748381e-01
5.807166160579726455e-01
-2.500408759999369832e-02
4.400076688012127257e-01
6.169707218383980729e-01
2.918839118748571826e-01
1.123036193574658226e+00
6.996971874660994350e-01
1.286583586197486806e+00
1.166937586285012207e+00
2.693885891136382771e-01
8.210794027051324662e-01
5.562390507229736381e-01
-5.166436919031845015e-02
1.671755355359990425e+00
7.567033425035223360e-01
-2.757898211733177396e-01
2.022993175654959952e+00
6.022823453750238976e-01
3.734014636403266141e-01
1.109883925144649286e+00
1.011446595358820755e+00
1.250410063186732756e+00
1.564899386864308628e+00
1.066951830094819753e+00
6.213351680812370104e-01
2.154869274657158218e-01
1.033106404260840439e+00
1.456786951312514011e+00
1.716332550788132849e+00
9.170686509512764317e-01
1.149180892351084005e+00
6.905969820779914725e-01
-2.514946685537172155e-01
1.202604535279634845e+00
2.416378055060384167e+00
1.521534598349377321e+00
9.293445452112194527e-01
2.371349267382050485e-01
8.694913684687151090e-01
1.180665865528938430e-01
3.932293480820495679e-01
8.231528401726098121e-01
6.725299209897362962e-01
6.593278436792771036e-01
3.748274337541154244e-01
3.625738354407743724e-01
