8.174127604940475411e-01
-3.968758523190368814e-02
1.214300376129157089e+00
5.032156217939235399e-01
3.498482251354094741e-01
9.696497719656855807e-01
8.968443415135183283e-01
4.892752317257654388e-02
1.400218955992022396e+00
6.576429224276858498e-01
4.043914204336798157e-01
5.469663748464514974e-01
2.823752972577525111e-01
1.020758636773483108e+00
1.806147359515372641e-01
-2.506116810752111457e-01
1.931992263359945339e+00
3.879304489555695512e-01
4.038203983968514654e-01
6.919740543222272500e-01
5.269671690742470105e-01
5.904657314128346490e-01
-5.494026872856978133e-02
8.483221094213462266e-01
1.115452297196708908e+00
3.907259314237414571e-01
-1.285421993905785099e-01
1.310233168677875426e+00
1.512996970028205114e-07
1.394338246931929870e+00
1.029525500555230400e+00
3.216135297715019825e-01
2.143242264220662552e+00
2.717780065739516249e-01
2.765870403658737819e-01
5.754717244721926361e-01
8.297195186483887763e-01
1.292117321577630484e+00
4.314229589157190237e-01
1.006081706534160736e+00
1.040295868718609656e-01
5.684322661803226096e-01
-1.176416530481428670e-02
2.449203624491098352e-01
1.132349288007512111e+00
8.806478398711056199e-01
4.588539195413944838e-01
1.217209252141827402e+00
7.275054453597202819e-01
9.508320123175455496e-01
-4.934685344241029337e-01
9.620112819451087649e-01
7.695416034406036276e-01
1.152721668684645540e+00
3.666783790505442897e-01
5.736823675795401645e-01
8.363499079654095336e-01
8.569257894297785949e-01
1.000536963370160626e+00
1.422063337024387586e+00
7.404486461800213748e-01
5.821518890442608507e-01
2.064477174322901509e-01
4.151496933744970308e-01
6.096181454842021230e-01
1.161500032684410266e+00
3.106693554471977592e+00
1.523066323610440920e+00
1.022095836404178115e+00
9.283545546195333120e-01
1.196626042767697573e+00
5.457289084068602802e-01
1.206032576604142204e+00
5.181227985322245377e-01
7.982044314939332197e-02
8.092358344750203436e-01
2.677466239703399364e-01
1.312617446432008839e+00
1.096227111912427166e+00
1.828302993267919785e+00
6.297959780310998790e-01
8.465267583071748314e-01
8.646608389849871346e-01
8.741974978088953296e-01
1.342498562688971608e+00
1.110972742155336146e+00
1.128922509805152963e+00
2.057032932862100094e-01
-3.812672650234975036e-01
3.033141859759551640e-01
3.203410693897741912e-01
7.725251347099424404e-01
5.681328023307005148e-01
3.347160044093940856e-01
2.061194740350717591e+00
8.224632740757361615e-01
7.433178348416080716e-02
2.233665885363020465e+00
8.072216718932695434e-01
1.829578609831704616e+00
9.214562767944248778e-01
9.360410001285551784e-01
8.469802799618467715e-01
2.125017572909354280e-01
1.375506365771657358e-02
1.124210661788111798e+00
1.652124283675870053e+00
1.452570440256665263e+00
4.729203026709924984e-01
4.348091462395426987e-01
2.186914853168480388e-01
7.738576907330466659e-01
1.406924330551651670e+00
1.478111467428747883e+00
4.969493209759228702e-01
2.620502136880245581e-01
2.165202788832912839e-01
1.902468066248682588e-01
2.391299142813799183e-01
2.530763729524563299e-01
5.049112647658019482e-01
2.102000557985882756e-01
2.549797517511049882e-01
2.589061862163880567e-01
-8.665113074397337578e-03
5.395676258865655245e-02
-2.922077156998537650e-01
1.087944410040618148e+00
4.681968977752499761e-01
1.164694863920932022e+00
1.707928735454502300e+00
1.236460138755118177e+00
1.584955356192392140e+00
1.738442115339776661e+00
1.587114250036502305e+00
6.273576474506595835e-01
5.561398721495875996e-01
4.241859940244769311e-01
4.860999241329218012e-01
2.561934339963879009e-02
1.943178573602612591e+00
7.771285183790725970e-01
1.548185148698300873e-01
1.127159914812114305e+00
3.347342189313503025e-01
1.378704473340004677e+00
8.943951933371082630e-01
1.556018264775112403e+00
5.901725220132811867e-01
2.866026249880699317e-01
3.208070083479291901e-01
3.286118807833092736e-01
3.755004549516133827e-01
3.663286104976010149e-01
5.070695688589610395e-01
3.254584734827792314e-01
1.857892619771350784e+00
4.170220547175622627e-01
9.027460201492450154e-02
4.060056170720165863e-02
2.679260923336621025e-01
1.479944845538921028e+00
1.747368296009986111e+00
9.762114789064033626e-01
8.443297378374191586e-01
9.399120193281458313e-01
1.141674339224707291e+00
9.864005005184207642e-01
1.948438305845166862e+00
1.810491861241377176e+00
1.306337055666230818e+00
1.773153616082293826e+00
1.445774102815050588e+00
1.012864668451585848e+00
6.131205622271338473e-01
6.012284693802968372e-01
1.317978174000814295e+00
9.681696524702898543e-01
1.378655440397742016e+00
5.586582283282991446e-01
9.749482353689987724e-01
-1.160143032243878131e-01
2.254699674004658316e+00
2.227708822853101456e+00
1.785552459544127224e+00
6.060375097776610209e-01
1.379695211791091669e+00
3.151609989422606700e-02
2.234289947443212299e+00
4.696391623605036814e-01
3.220220127561638890e+00
5.501265443909586494e-01
1.268845753590166492e+00
1.789068176773632057e+00
1.048642770836998972e+00
1.682912763974259152e+00
2.886461039423083630e+00
3.065618390731976728e+00
2.926731068100975719e+00
1.311157950214319801e+00
2.182870567209575174e+00
1.437015100623808994e+00
1.320499030172738175e+00
9.742455582002368386e-01
3.000030430251413360e+00
1.591541921728011344e+00
2.253361793184257333e+00
9.939594692501808604e-01
8.066783736505102054e-01
5.558108048281926727e-01
1.120156255088897934e+00
1.602389640781415769e+00
7.867660220644062674e-01
2.029784636084411620e+00
2.486692697647086447e+00
1.023214494427104437e+00
2.364493080272345171e-01
1.746915834689017455e+00
2.757486977920375892e+00
1.451373785802543059e+00
1.415325308774472823e+00
1.262616383669991071e+00
1.644039414436352153e+00
9.906254466853076091e-01
1.483356735445312991e+00
2.884124024691670840e+00
4.485763308893863099e-01
1.065079518966573602e+00
7.672595731141708120e-01
-4.069703960643577395e-02
-1.366463447061919134e-01
3.873418154592923046e-01
4.070912862631767659e+00
2.730888672059709754e-01
1.017014690968133461e+00
1.068651672269463671e+00
9.500608015101961179e-01
5.727695097452418782e-01
4.092238796312886451e-01
5.141334550702991280e+00
1.561780194165079294e+00
7.497875921178772662e-01
7.938083478170891993e-01
6.137161241008756152e-01
1.670340015582647331e+00
3.590533287905183446e+00
3.176973150632255383e+00
4.284626114353509152e+00
3.484638512169055069e+00
1.030748095916050877e+00
2.550431028417696755e-01
1.788297809385899217e+00
3.356187409235586450e-01
8.637719750613336300e-01
1.235746775543770326e+00
1.578760362762322789e+00
1.349622195632110389e+00
1.334829358567372726e+00
4.388103448028364717e+00
8.688579114472241294e-01
1.140886145440031418e+00
4.143706338801428579e+00
1.866909680070251376e+00
1.829933215226198673e+00
2.026058363566460852e+00
7.063590914376386420e-01
2.363769112973279074e-01
1.030029782921396464e+00
2.661718971078941287e+00
1.960938147786316366e+00
1.815373882809613537e+00
1.907731299137066294e+00
1.266725732315479025e+00
9.273589542167440802e-01
1.405293282523875087e+00
3.005936077989192157e+00
3.094524869155668600e+00
2.045270985432906752e+00
3.696314913704767946e+00
1.894203452857530223e+00
1.656030310681156248e+00
1.066833359837711548e+00
1.755480460539097898e+00
1.933424103222642465e+00
2.314720899286743183e+00
6.751266675732547906e-01
5.112567500734972459e-01
2.865742580637135051e-01
1.102615334218621346e+00
1.256900605188066011e+00
9.244610872263374635e-01
8.405096801885588720e-01
6.086930288244452036e-01
4.489053303456636002e-01
2.056308185461540039e-01
5.455233219201589823e-02
8.302680772424682054e-01
1.011049859402177731e+00
2.720061697858116023e-01
1.763593947327659339e-01
2.178161482318456132e-01
2.087864723943757828e-01
3.323783879786371687e-01
1.562092190346775766e-01
4.668456160001792088e-01
1.092713913978092588e+00
5.894743511353061072e-01
1.005728589434264242e+00
3.283489928815215167e-08
6.040408848279830989e-02
1.371185642228818669e+00
2.519425309864867235e-01
9.138176062539841160e-01
6.448123337511942887e-01
9.818843503532999062e-01
5.243549507587887959e-01
1.991658992640908399e-01
9.202558179376775227e-01
5.860010568686848664e-01
9.305118125468295753e-01
1.442277391165516676e+00
2.957192167975535857e-01
8.362949865914823810e-01
3.515466773457944782e-01
1.297449951731553641e+00
1.369501259107173130e+00
6.144652954727987115e-01
1.369328358291786119e+00
1.189262512099682700e+00
3.446063236243317451e-01
7.514854639963367000e-02
1.714648365875197422e+00
1.563092080949358920e+00
1.420892769137973355e+00
1.105002958042032413e+00
6.097370800871060315e-01
2.440082331301277052e-01
2.456072441430456055e-01
1.820470001133465576e+00
1.002010635115700321e+00
9.537925500709865112e-01
5.991354930953156632e-01
9.795513942751594705e-01
2.305149241701630325e-01
5.260247056118908526e-01
1.800921359520460285e+00
1.911159058244795705e+00
2.009257875847996200e+00
1.261119021988375888e+00
1.573350702382199540e+00
-2.208355245879578543e-01
-1.365055928681702946e-01
1.094912049932071918e+00
1.009195498417644554e+00
9.295782009013776881e-02
5.235965962438788868e-01
2.936215537002497822e-01
9.253309897699703024e-01
1.457206370147295753e-02
3.011756863173822851e-01
1.352992779824584879e+00
6.571177301391230019e-01
4.129125853959060843e-01
2.195231561848932367e-01
1.335980131973652646e-02
