-3.165505412319988970e-02
5.423015385868523719e-01
1.251197914551515300e+00
2.898603999091293737e-01
6.572088471723075420e-01
9.914202192620326093e-01
8.060898590895159144e-01
2.165314305926843153e-01
5.018194747825300839e-01
1.022093246251156717e+00
1.095408669567193849e-02
1.590272110520850046e-01
1.272715495299210631e-01
5.370101567822956889e-01
7.894248028900760494e-02
7.797792586155092298e-01
1.604855619656138321e+00
1.417676932611578344e+00
1.630721457025078536e+00
1.704610068222155217e+00
1.513440985244306702e+00
1.561949945549930163e+00
1.736014414464849720e+00
1.720578545050438724e+00
1.638991527389584757e+00
1.528270469616037186e+00
1.509972276897337817e+00
1.379977279676288138e+00
1.378794602118766255e+00
1.215101860011509327e+00
1.453810418842246044e+00
1.295309341507520751e+00
1.418892510089495129e+00
1.289694833391701767e+00
1.469025353036377712e+00
1.231447896328457636e+00
1.557272898983019127e+00
1.563090788705708611e+00
1.564276599967825199e+00
1.727977650439067592e+00
1.564942451432302040e+00
1.455876792677203602e+00
1.346785897619979577e+00
1.449949754129278290e+00
1.444347857981731487e+00
1.396049367394040619e+00
1.402625164611742914e+00
1.080617808203278241e+00
1.021798267115488379e+00
1.101675791168378105e+00
1.186953750656669193e+00
1.472851360518024899e+00
1.420032052623344310e+00
1.394291017830384227e+00
1.400508263676008669e+00
1.386169125757967135e+00
1.095742160063238879e+00
1.409170124167368421e+00
1.508980083893342039e+00
1.466146208855902078e+00
1.544567885666124685e+00
1.540034454025615451e+00
1.360307018898535780e+00
1.438898086593120684e+00
1.534239530360599790e+00
1.387441791877610742e+00
1.280748135303287016e+00
1.195770146031391423e+00
1.109164002779341018e+00
1.155456654461743060e+00
8.731647410179820268e-01
2.015768724329093931e-01
4.613499721971754675e-02
1.320087980397701921e+00
1.047946269642849870e+00
8.047136514880230962e-01
9.543672230016849722e-01
1.012735120535145805e+00
1.210150021907648199e+00
1.131081645877575426e+00
7.677489143952728190e-01
6.105127491455550892e-01
4.158375553164784799e-01
4.680441812024614678e-02
5.610197980672422258e-01
9.685677317119252283e-01
1.146521088370913155e+00
1.055027589433967350e+00
7.573496699114833364e-01
3.806229848067455568e-01
4.851828998458142528e-01
4.822942799646974810e-01
1.075092074826722310e+00
1.232860095035109849e+00
1.290122451927023572e+00
1.221470316223981500e+00
1.162873001195464440e+00
1.109599892711250924e+00
9.187621262389624732e-01
3.914560432542432133e-01
2.071029681261698230e-01
7.792848429802429200e-01
8.726728122644686891e-01
1.215739896440577006e+00
9.892536744711034613e-01
1.045712737707940931e+00
1.139793300723204839e+00
1.062260973006650788e+00
1.017385393498773549e+00
1.051710136494938386e+00
1.123263877858563076e+00
7.788246349876892793e-01
5.452124883374714903e-01
9.332892007840491999e-01
9.988119483892241579e-01
1.074636926565978090e+00
1.011843305317881692e+00
9.814472888827727726e-01
9.142944301545462560e-01
4.722653628012363769e-01
6.918641071114325358e-01
9.132265201606940552e-01
8.101256806173717795e-01
8.001467909658153133e-01
8.930580597396174936e-01
8.029564719359769676e-01
6.033302715080379741e-01
8.806784614748095485e-01
9.533561438761932738e-01
9.198726451951930727e-01
9.879779842782407950e-01
9.728080211775234076e-01
5.954024558651548338e-01
3.839885881503161125e-01
8.588823779297354299e-01
5.806150540541382687e-01
6.198131356549260174e-01
6.117387301441782332e-01
7.344400827217669736e-01
2.922773364797641160e-01
5.840995493548840900e-02
8.480856949746269358e-01
5.273644591969951501e-01
7.974153589822812194e-01
5.765058461564296355e-01
4.309357897252203973e-01
3.552479385193799133e-01
1.324243156296158463e-01
9.457761648950739619e-02
5.360396660466855145e-01
4.001734248107748915e-01
5.184977179583853957e-01
5.707801230602822518e-01
3.277318311000472217e-01
2.484294248213125000e-01
7.337855016729646351e-01
7.268003790779422602e-01
7.968408557966184524e-01
7.644499396365136423e-01
7.849652095241173022e-01
4.564780893631441572e-01
2.018436314318790836e-01
9.116572937375757579e-01
8.599679453353874514e-01
9.196704202073695544e-01
1.054812828222347010e+00
1.192984752539028248e+00
8.090658720729960729e-01
6.358404833745535667e-01
9.789471672755449827e-01
1.104867568891271912e+00
1.116147863707960930e+00
1.162394899507371182e+00
9.655180973220502949e-01
4.957305320932035020e-01
3.355893267512407019e-01
6.806547975303725018e-01
9.253883642853446556e-01
9.657691210502219459e-01
1.060314697714726639e+00
9.640144086530553214e-01
2.188355222745030915e-01
-7.524402101670982779e-01
2.592696712685196303e-01
7.711543245032375093e-01
6.137404567356514740e-01
9.249363982794795991e-01
8.491526273704583794e-01
5.879864135423616966e-01
7.006072785901175104e-01
1.021131911678252902e+00
9.271677469319145048e-01
8.906040586368616507e-01
9.196024153086441721e-01
7.396437466609089295e-01
1.073752531417540290e-01
-2.992039101331443463e-01
6.679308028193693403e-01
8.465912903342698304e-01
8.234181930481428990e-01
8.164146092946431565e-01
8.201831726923567434e-01
5.727592494829968350e-01
9.140979682755231983e-02
7.927165167585216166e-01
7.941554140914772741e-01
9.076958555272700568e-01
7.853155329330678835e-01
8.766679509277990334e-01
5.924108944988666359e-01
2.164359177644143428e-01
3.954167344846063470e-01
6.485764818952739486e-01
6.357905783625910079e-01
2.018595881224385380e-01
8.494154967172871107e-01
7.442920962605168445e-01
5.449904101686287722e-02
3.086940651541420499e-01
5.653497238549759496e-01
8.131297356858468994e-01
8.467878610393109184e-01
8.220629988388628018e-01
5.746194816324808885e-01
3.771994728356554694e-01
7.682598086916136992e-01
6.378881892316454749e-01
9.490432262691286258e-01
9.791563690464391012e-01
8.709630607772320676e-01
3.834633441776764129e-01
6.156336054488077414e-01
1.029880238518348090e+00
1.064475359665510545e+00
1.115441932428566485e+00
1.188145165860634123e+00
1.050539893868078778e+00
8.984343347914434119e-01
7.913520276141281506e-01
8.896795306397332626e-01
9.540457929420929073e-01
9.753675278849001096e-01
9.541389195094718279e-01
8.907883642519955902e-01
7.892278582657927810e-01
4.781096411080682507e-01
6.355388872289571278e-01
7.197654916977272999e-01
8.403702787644480310e-01
8.971339485819118664e-01
8.891940626586125607e-01
6.944203843933524078e-01
4.425277356594409794e-01
9.289209232761914681e-01
8.458618016869543510e-01
9.217845072815712415e-01
7.792718552758950423e-01
8.314598744239616313e-01
5.862169666639629462e-01
4.343164100482810319e-01
6.208293455125140081e-01
-6.096660605800085933e-04
3.753375490466428956e-03
2.300183182183241637e-01
3.435866575070723461e-01
8.175842832357426149e-01
2.455862655606721456e-01
3.307442328343650900e-02
1.084367102201146515e+00
1.000135000825165266e+00
5.915337811253895683e-01
6.381406907301350184e-01
6.373586918558362679e-01
3.401559657446983631e-01
1.031733386584055223e+00
2.668100417402535784e-01
3.341285955930475282e-01
7.565505026123648946e-01
6.382527086550455753e-01
1.785132358678812314e-01
7.350271968518155008e-01
8.744525765148900565e-01
1.022705219779567187e+00
1.553051435950400794e-01
1.050527998351396874e+00
7.997575176859021973e-01
9.887920654062185011e-02
1.003080278904242839e-01
1.097911502091086122e+00
1.047494585603309325e+00
1.094008757896438588e-01
5.060217063407650845e-02
3.467407632002245665e-01
2.516758209460807083e-01
3.310740818982453315e-01
1.095938618331240288e+00
1.028767100236867460e+00
7.669291102644212321e-01
1.045410277865236548e+00
6.823940975593714153e-01
4.376607179816239812e-01
8.625165340080554605e-03
1.004006279697942233e-01
7.899628890957504090e-01
1.888481527548243610e-01
1.361130269279761142e-02
1.032689645623240948e-01
2.350490838544430083e-01
6.927893568491400034e-02
4.506541886745751846e-02
7.906319358295958999e-01
8.069750054737985234e-01
8.479859217387591963e-01
6.258216461120142959e-01
8.957828775975849034e-01
7.886002012967974206e-01
7.636527405660387124e-01
2.436595454716768139e-02
8.056644243691144514e-01
9.283186747998740662e-01
1.074048691981879688e+00
8.315648610919990080e-01
2.646899790433420233e-02
6.270420933228213478e-01
1.038878866895757369e+00
1.030722204595362346e+00
3.754541790299112947e-01
8.215740741859374474e-02
8.248237697613516328e-01
1.119417978267863489e+00
9.874637372439536431e-01
7.700618549984206140e-01
9.816636281579329548e-01
1.139932849813567017e+00
1.075823521341020772e+00
1.094483779429893611e+00
1.029839250014053409e+00
9.528152406248199258e-01
9.468839820719592293e-01
1.012842194713652555e+00
9.975166103107012683e-01
9.092460496226357769e-01
7.747850411489698441e-01
1.548875828093910223e-01
2.052582861819264026e-01
9.099197884028684680e-01
8.001007500444616838e-01
7.987710910408244436e-01
8.627198135775282495e-01
6.507287431473848249e-01
4.112077708751466498e-01
6.643639246300542256e-01
7.036084983463632980e-01
4.437795261268466795e-01
1.062267570101362163e-01
4.207371898967627449e-03
2.259690771698844546e-03
-2.587226865437174117e-02
-1.040525713007475067e-01
-2.125332441994071120e-02
5.235301631503544995e-01
1.637779809969222913e-02
-1.778069202558898651e-03
1.127374931386033730e-01
4.294736173120432959e-02
