4.449516474539549904e-01
9.881151714733613645e-01
2.041178092381735198e-01
1.016800733129249901e+00
9.552347406785274275e-01
3.101818103311170804e-01
6.136425777457695657e-02
9.146139011175394851e-01
1.056378093754084091e+00
2.926799525452450923e-01
1.232710612235121905e+00
9.576455220714217287e-01
9.360511256541873548e-01
3.959904179331143886e-02
6.321853495944839141e-01
8.882405806032895867e-01
1.793109540445703420e-01
1.178157395318219919e-01
2.945919713694863384e-01
2.540598526889569775e-01
5.579056201583475596e-06
2.093625451155330663e-01
4.393171672340450695e-01
4.439810477328230975e-01
2.609702226904226374e-01
1.851215003896815037e-01
1.467627485811200672e-01
2.419134462897547591e-02
1.120196248115891274e-01
5.559234268521563438e-01
1.987215383932152413e-01
2.267003186708020923e-01
-1.043325246439654098e-08
7.150818073265077308e-09
2.309261676630160880e-09
1.909539895747660865e-01
1.814498588955654468e-01
-1.138273086495540677e-08
1.239483541140525141e-01
2.221354436442671389e-08
4.613672854495597078e-11
2.731011299868499027e-09
9.019761615760170381e-02
3.666171793859264172e-01
2.058306150297442016e-01
4.818504594816722802e-02
8.798351603159891565e-02
2.581275886855130541e-01
1.283298617285308363e-01
2.902632579420086345e-01
2.360266994779658123e-01
-9.186117131217100273e-03
8.811943189340080973e-02
4.716509611867098634e-02
7.525075545818160269e-08
1.727314859046822536e-08
2.422419720366133788e-01
2.454651199217508795e-01
-1.177348525634347718e-10
2.522955037084558677e-02
1.674754568093967111e-01
6.258291303545654438e-02
8.206138943343905532e-09
1.866552841914433380e-01
9.585957760609897793e-02
1.253368473163069909e-07
9.316001424687618548e-02
1.308346453031192513e-01
8.019978997371958462e-02
9.570847667115014108e-09
2.026604962792671050e-01
5.325001589546063396e-01
1.407732413943791450e+00
9.645841803681756699e-02
8.129998551984214672e-02
3.073051115054818427e-01
2.005533985606646474e-01
2.561230897812998286e-01
5.837824029899205125e-02
5.886213884569752725e-02
3.362759540772248812e-01
5.662983358500022213e-01
4.209781290016721411e-01
4.985712262948629458e-01
4.512119168689687210e-01
5.648494446204654906e-01
8.607123217317642905e-02
1.527920333059727687e-01
9.441628094129429771e-02
6.018469649723058312e-01
2.540081098603442777e-01
8.815177223619650171e-01
5.883014336308501901e-01
4.688949198951523067e-01
4.840320128949579526e-01
2.896405909764591946e-02
8.402808021650569337e-02
4.742832480220560837e-02
4.952184702094865054e-01
7.490973946756760427e-01
1.393833923527336704e+00
4.168949538305440905e-01
5.497167893250668458e-01
5.841476905710695638e-02
1.837442944615864104e-01
1.525894356402907048e-01
2.454775495447671096e-01
1.682502866076231174e-01
3.086229822280696539e-08
1.911199429930459937e-01
5.823220189005502700e-02
2.234045546193102749e-01
7.518276215336209267e-01
4.325835942737075723e-01
1.455550203199894588e-01
7.784704377901383032e-02
9.071671475957172881e-02
3.793927530778918450e-02
2.106190777551370241e-01
8.616444750615592785e-01
6.555082338959444810e-01
3.553105612863127205e-01
4.097200317522671498e-02
2.110400821707477115e-01
3.848563162270755150e-02
1.082241239111116360e-01
5.639150356754655258e-01
1.564309150595448450e-01
-4.440179366951491589e-03
9.299417491100376195e-08
2.988216560075799832e-01
2.953485827244691636e-03
3.242721130922651481e-07
8.825469093641475915e-01
1.249674043704678134e-01
4.246993541400739258e-01
6.679757168164262016e-01
5.187607285339314034e-01
1.369894025378741720e-01
7.142409915963303657e-01
9.686490408866711421e-01
-5.435071398251641039e-02
3.181458087105130672e-01
4.235001941977111634e-02
5.380927986585831713e-01
6.343297717919971213e-01
8.920798782318304365e-01
9.937753249510230535e-01
9.455694722582983491e-01
5.318661042932661953e-01
3.745374995900508930e-01
6.544972051879642816e-01
3.674960571112585450e-01
6.996600136674323567e-01
9.612281027455966687e-01
1.427444936086525451e-01
4.493498706430273243e-02
8.774044603033791245e-02
9.054781942563246144e-02
7.755476436451988476e-02
6.590409184726944147e-01
9.973000678211623171e-01
1.206250433945636746e-01
1.337102796308159702e-01
1.719643705611095252e-01
4.796800718733489760e-02
9.949602420948393255e-02
6.390888927543942888e-01
7.400935180485953557e-01
4.867600486887506683e-01
2.618173360964868301e-01
2.707134851132243503e-01
1.601669949197033205e-01
1.338020697932928993e-01
9.890924539700599594e-01
1.053452150349643901e+00
3.455032911473389090e-01
1.545394848805859145e-01
1.873463659144859739e-01
1.226455047670703055e-02
8.554897273532249499e-08
8.151491441087268530e-01
1.551345244619420027e+00
9.574758850000629762e-01
6.667898901101725340e-01
2.586928062045032450e-01
2.430739846538316484e-01
9.357330896475139770e-02
6.386071593278482839e-01
5.959872396803210792e-01
3.081916140037166407e-01
1.662676007705180259e-01
9.518372523504463334e-02
1.938224002711497196e-01
2.402455182266630407e-01
7.620725600082727258e-01
1.328611940695954230e+00
5.889484287066798496e-01
6.182070649700707188e-01
8.492381505631044214e-02
1.775693702501195959e-01
7.157611487999811228e-02
5.152974176153157781e-01
8.509430905445013460e-01
1.182153436677517017e-01
2.669334304148057724e-01
7.552854765503981549e-02
1.409346359879916910e-01
7.252477501030407672e-08
5.638649919118201570e-01
7.764828314396815534e-01
4.307924996519981176e-01
2.897950531499083326e-01
8.090882008518091376e-03
7.174181952550283681e-01
1.008177153011329263e-01
2.155525996431087721e-01
6.772309932625785178e-01
8.056072363948002524e-01
2.175438538582115111e-01
3.051997360044658714e-01
1.286977071559529950e-01
3.483297421867073695e-01
8.300823294214992876e-01
9.409716527864919744e-01
2.532920691794739998e-01
6.931374827395041516e-01
2.403058740880306132e-01
1.630978764222931199e-01
9.065475499978144225e-02
8.935951212336004090e-01
9.216416660930627502e-01
2.717395772801804443e-01
4.691543498068545537e-01
9.722679747410321038e-01
9.565152012782834889e-01
1.032244247505060587e-02
1.712899902120314788e-01
4.016765136107348644e-01
2.862667979328035184e-01
2.326513775670372153e-01
1.613028802420917451e-01
1.082654025171169432e-01
1.755027763282810127e-01
3.157609045831975547e-01
7.807157297181903655e-01
5.733231927147478535e-01
4.906197586261154542e-01
5.912604199778550562e-01
3.613945139223005421e-01
3.012309111078934620e-01
6.758925672494756620e-01
9.910096720599383957e-01
5.402173799840057633e-01
4.524389928092786284e-01
1.835732024528851647e-01
3.299448006354463447e-01
1.818255675092312340e-01
4.911289670724289236e-01
8.250045275471906692e-01
5.075314449243861770e-01
1.252335089576133154e+00
1.481849517830702734e+00
8.950281615486149756e-01
9.247194627445869397e-01
3.341653529226109587e-01
1.091569709915942044e+00
1.367468207018028181e+00
2.333330572173348827e-01
2.104091785523711650e-02
7.690873495244461289e-01
4.260064313953551007e-01
7.255401315604671497e-01
1.115049289890230444e+00
4.450798087601517405e-01
6.850367293061219165e-01
1.170683934627671174e+00
3.531519946976222069e-01
4.502975967508884847e-01
9.497876431674050490e-01
4.538476442304331115e-01
7.180571596258960021e-01
2.486664354799225096e-01
1.342606258627338178e+00
6.493837490358179698e-01
1.189217731712049614e-01
1.053905798231952851e+00
1.405260035873004520e+00
7.608797401744602507e-01
3.875075502486885481e-01
9.573908276574893961e-01
1.012073413633640895e+00
6.626816693216337484e-01
7.358602680797593498e-01
7.577824102455649191e-01
2.395858734664271517e-01
2.766389290160367054e-01
4.523333146159825846e-01
2.652257744205095413e-01
4.736355198716235559e-01
3.073926573013938124e-01
5.066775368448653838e-01
1.195708013327263952e+00
6.828304009078970394e-01
5.199708931822971669e-01
9.157188184785695073e-01
7.208127428627938427e-01
6.612944716782055699e-02
4.626643984269795951e-01
1.233837040263535911e+00
4.733527410917369171e-01
1.972257612028519291e-01
2.896759175357124239e-01
4.089091667355494453e-01
1.387652401332024055e-01
6.991415397731980119e-02
2.499840775793322513e-03
9.761518992465860745e-01
2.956367519535463284e-01
1.984999927987873558e-01
1.002363136629372958e-01
2.141709067117070556e-02
8.784736797735762659e-01
5.600525242137757154e-01
1.856435386927378361e-01
1.198053421464925633e-01
7.911375770021601417e-01
9.217948154794018967e-01
2.384261502631880025e-01
1.095145252113218920e-01
2.142576338245034961e-01
7.929412003268051512e-01
7.774222572972481204e-01
9.647359116721394567e-01
7.284565266145687223e-01
1.323343975708668463e-01
8.232706128174706317e-02
1.891766464016121918e-01
2.802902629450729211e-01
5.150660057587721496e-01
-3.687036133080480449e-02
1.221545300485793462e-01
-3.639576366962444381e-02
3.676378392245676641e-01
8.006494122273041247e-01
-2.294053862503712266e-02
1.220376732969337685e-01
1.863394833760448344e-01
6.508307942448134098e-02
6.983142254910722213e-02
4.363862962479982399e-01
2.728391053105346242e-01
8.908837041731215711e-02
3.039824486842902518e-01
4.248733791159963746e-01
4.322054829854434788e-01
2.678991575774262723e-01
5.741442269938844267e-02
2.246226518024137253e-01
6.594966992617141699e-01
3.414918508334446165e-08
4.279569106769303688e-01
3.028363730817876798e-01
3.462592127991322433e-01
1.235306937317789677e-01
