4.449476888270487152e-01
9.881109295273309279e-01
2.041138392736080165e-01
1.016796483303560317e+00
9.552304159346698409e-01
3.101789994207082568e-01
6.136289268988563694e-02
9.146098303126906082e-01
1.056374142533864635e+00
2.926757982944035996e-01
1.232706749029276239e+00
9.576413352127896017e-01
9.360468523552417652e-01
3.959765363796408782e-02
6.321811391990497242e-01
8.882365250913083488e-01
1.793067612185173243e-01
1.178119009311504733e-01
2.945883335841064654e-01
2.540562292486005513e-01
5.546926701423573619e-06
2.093584429628063959e-01
4.393135128183933147e-01
4.439773077649525335e-01
2.609670417047939006e-01
1.851176226333478836e-01
1.467606526186791549e-01
2.419018966675132859e-02
1.120167373178765635e-01
5.559191132420030490e-01
1.987179837232017909e-01
2.266979191080654987e-01
-1.045072786457494937e-08
7.149860660896035543e-09
2.309204509785485058e-09
1.909511289846807514e-01
1.814466517575605564e-01
-1.138768258560055458e-08
1.239455907125857764e-01
2.222093343458381545e-08
4.605409259476122849e-11
2.730372187847287672e-09
9.022520179662221751e-02
3.666136155984372480e-01
2.058453646401470494e-01
4.818380204538887795e-02
8.798584465662559473e-02
2.581253711557828789e-01
1.283336607129882956e-01
2.902685520592398483e-01
2.360226431911943701e-01
-9.187171099064335780e-03
8.811866585087289871e-02
4.716293381701657655e-02
7.522945807995685157e-08
1.727723852593387713e-08
2.422427227837298247e-01
2.454612807898889637e-01
-1.174649321293812110e-10
2.522712179760556658e-02
1.674854313909060755e-01
6.259693514420426597e-02
8.209164315028714026e-09
1.866602172393934667e-01
9.585598561158807651e-02
1.239594953272025285e-07
9.315887475765778636e-02
1.308312705898505290e-01
8.019730000967768835e-02
9.569572905846079297e-09
2.026689258926018533e-01
5.324957306099543652e-01
1.407728413111996923e+00
9.645705308868024463e-02
8.130038229851981046e-02
3.073029918385456472e-01
2.005638898935469261e-01
2.561406779314494009e-01
5.837610082259427069e-02
5.886333956361054082e-02
3.362718597490413353e-01
5.662977641962700925e-01
4.209906136435846435e-01
4.985991849877464133e-01
4.512203852162109396e-01
5.648452460297421762e-01
8.606987045063591024e-02
1.527895205391522626e-01
9.441495283854943465e-02
6.018477439908211934e-01
2.540342902080156562e-01
8.815248946904163940e-01
5.883380734690619729e-01
4.689120827528162061e-01
4.840467915997750392e-01
2.896873712452469052e-02
8.404205454867175185e-02
4.743832920508517237e-02
4.952671249529020936e-01
7.491068379806453681e-01
1.393835756947215287e+00
4.168904481374187121e-01
5.497131313251184537e-01
5.841232799008017063e-02
1.837634766335853875e-01
1.526346836401848150e-01
2.454858422611829460e-01
1.682458229411705197e-01
3.094208292274126797e-08
1.911158983658538812e-01
5.823113577995239765e-02
2.234135741058739522e-01
7.518580947631173794e-01
4.326005065391827498e-01
1.455627771446122154e-01
7.785189854581421598e-02
9.071434688631190013e-02
3.793798532686528530e-02
2.106458089012035462e-01
8.616650432735495357e-01
6.555568637243914809e-01
3.553257271456191635e-01
4.096952399593409289e-02
2.110459173924561782e-01
3.848458321287601819e-02
1.082395022436758586e-01
5.639470397821162440e-01
1.564430752635541100e-01
-4.441657384482449247e-03
9.301977984956773388e-08
2.988304099273101366e-01
2.950595642759661769e-03
3.448755784080677591e-07
8.826068500698911468e-01
1.249720013878485719e-01
4.247039710827826275e-01
6.680046421231266018e-01
5.188093875231986063e-01
1.370126822605853278e-01
7.142811107443579610e-01
9.686803645756183467e-01
-5.434648204144373190e-02
3.181592763391440370e-01
4.238768023169069143e-02
5.381505604209421145e-01
6.343736861664561744e-01
8.921362992753961718e-01
9.938378792813172824e-01
9.456281320266930468e-01
5.319181137677306825e-01
3.745572491005136895e-01
6.545544595206651550e-01
3.675611342567942641e-01
6.997278399379383007e-01
9.612959862623159379e-01
1.428027767321563557e-01
4.494916769194454848e-02
8.775627174992485513e-02
9.056529030429882887e-02
7.757424522231493036e-02
6.590925032967112074e-01
9.973481834755746345e-01
1.206227697650969627e-01
1.337253570398211910e-01
1.719617081172543083e-01
4.796664544637535554e-02
9.951111314842896183e-02
6.391303675076424051e-01
7.401366700489394601e-01
4.867644714610374068e-01
2.618137536159517720e-01
2.707100474835416049e-01
1.601635200474970377e-01
1.338109188390836646e-01
9.891460806518087567e-01
1.053511582705060290e+00
3.455038427058932382e-01
1.545511457405145395e-01
1.873480533710794871e-01
1.226312111554670077e-02
8.537421824541921103e-08
8.151744026681884137e-01
1.551371951377888969e+00
9.574881242942652193e-01
6.668130577290400929e-01
2.587017815730868753e-01
2.431127041855386528e-01
9.358596089169127219e-02
6.386608129118658272e-01
5.960153403225346702e-01
3.082299993827527507e-01
1.662747819170774244e-01
9.519709683408876522e-02
1.938289900623388906e-01
2.403051794493364368e-01
7.621005572888853719e-01
1.328640121718470235e+00
5.889610842475442309e-01
6.182378883063947006e-01
8.492144620913129327e-02
1.775707224771946313e-01
7.158809998293309829e-02
5.153234598677266520e-01
8.509565139133984379e-01
1.182197366648272824e-01
2.669326720174308165e-01
7.552701324346319800e-02
1.409325252189499167e-01
7.106910023471144475e-08
5.638728189280041159e-01
7.765108761101606749e-01
4.307885330234245691e-01
2.897996096319578885e-01
8.092719222039976637e-03
7.174204553581271515e-01
1.008531680840340644e-01
2.155601697181601106e-01
6.772622237274048551e-01
8.056196854949621011e-01
2.175457866216704006e-01
3.052091805436580874e-01
1.287228657741844584e-01
3.483570047905977796e-01
8.301307107670644614e-01
9.410128684680278965e-01
2.533363593544495918e-01
6.931696917418026516e-01
2.403273397704978331e-01
1.631158768010022020e-01
9.067484996485990212e-02
8.936435551590677928e-01
9.216986929017969565e-01
2.717812532923730706e-01
4.691501882788384203e-01
9.722631972480934026e-01
9.565103615194913145e-01
1.032082063896315287e-02
1.713368328078103131e-01
4.017100398905010250e-01
2.862633079288513516e-01
2.326496106668334007e-01
1.612988844432643731e-01
1.082612603813183638e-01
1.755143256581254696e-01
3.158151513018987999e-01
7.807701579998289620e-01
5.733349317571377890e-01
4.906156193115354669e-01
5.912689653669069845e-01
3.613907322498525199e-01
3.012272417306131600e-01
6.759441479314014511e-01
9.910682144965883289e-01
5.402260790603493623e-01
4.524345238855148610e-01
1.835726580904776251e-01
3.299411136752423146e-01
1.818297216025404894e-01
4.911580290142222305e-01
8.250362069698209400e-01
5.075357972709803045e-01
1.252342426500535844e+00
1.481854373382123669e+00
8.950216663416928897e-01
9.247336069157587879e-01
3.342068375493017496e-01
1.091623569100804714e+00
1.367496602177311393e+00
2.333385581991706537e-01
2.105169743601598489e-02
7.690992008987607154e-01
4.260070426785416142e-01
7.255727611190818660e-01
1.115103118862834419e+00
4.450909836261970343e-01
6.850325097506058114e-01
1.170706959392431301e+00
3.531514962296603000e-01
4.503264902045051588e-01
9.498386500219466733e-01
4.538992522899750748e-01
7.180825450416129518e-01
2.486772703500340076e-01
1.342616463562215090e+00
6.493887315904831592e-01
1.189311771756314806e-01
1.053921137733193847e+00
1.405285872627648036e+00
7.609042094052362870e-01
3.875211241857663969e-01
9.573844763825655191e-01
1.012079762697814855e+00
6.626865468184696129e-01
7.358631715497681025e-01
7.578128053512313000e-01
2.395813347485367395e-01
2.766436804938440797e-01
4.523291037862803288e-01
2.652211609190954222e-01
4.736327466092681293e-01
3.073944738987726133e-01
5.066827663709450036e-01
1.195704420890918662e+00
6.828262158023644668e-01
5.199666694848393833e-01
9.157142587814596224e-01
7.208086018193150535e-01
6.613307998500803087e-02
4.626597805416481357e-01
1.233833274038476979e+00
4.733489172777688436e-01
1.972216786390104948e-01
2.896723711687440583e-01
4.089055193252308928e-01
1.387628293303434512e-01
6.991039821789969688e-02
2.496066016480738992e-03
9.761477316305687824e-01
2.956320753558303593e-01
1.984961208100052277e-01
1.002343817445192908e-01
2.141572320720867145e-02
8.784698218370033951e-01
5.600484060850881018e-01
1.856396506635314969e-01
1.198015517506220706e-01
7.911331516584472201e-01
9.217900470692093062e-01
2.384234846126846996e-01
1.095221516097791697e-01
2.142538265995471702e-01
7.929367185223001879e-01
7.774180240492736260e-01
9.647314748347567415e-01
7.284521696633887711e-01
1.323304771961101578e-01
8.232233251198904644e-02
1.891717714670050343e-01
2.802860940270415213e-01
5.150611647493923417e-01
-3.687491063908354683e-02
1.221506681697333424e-01
-3.639701497066934882e-02
3.676334523324545356e-01
8.006453658413005270e-01
-2.294447011060136640e-02
1.220337909207225707e-01
1.863354470211997516e-01
6.508221761642024594e-02
6.983052325497203505e-02
4.363815478761683408e-01
2.728348444271546658e-01
8.908458439332966883e-02
3.039780411116049241e-01
4.248688048308543186e-01
4.322011498593328893e-01
2.678940234808082632e-01
5.741056702626969738e-02
2.246184861118673548e-01
6.594922341145915690e-01
3.413385217583300751e-08
4.279528273854285025e-01
3.028323242501808621e-01
3.462565095653512004e-01
1.235278606795121303e-01
