4.118597263088342175e-01
9.881152836309822218e-01
2.051723766758343781e-01
8.951057608047620073e-01
1.014866768752276771e+00
4.546013473048465814e-01
6.768139521010138604e-02
8.171751964316471550e-01
1.067539022801307302e+00
2.926799735210905973e-01
1.204258188684816044e+00
9.878100020368020262e-01
1.023311443566641721e+00
8.115287189681009983e-02
6.063492120463768176e-01
8.692106957641824172e-01
1.793110423420172239e-01
1.178156450538143801e-01
2.534294532426236701e-01
2.175955743338668091e-01
-2.302020813770224925e-02
2.074247021091464305e-01
4.785279405093561533e-01
4.619874433853745077e-01
2.851171846120024167e-01
1.920514507902371104e-01
1.999218651093212784e-01
-8.461154639596757399e-02
1.790214823557571278e-01
5.559233677522407158e-01
1.819372736943748736e-01
3.812504641274639394e-01
1.673298809135160270e-01
1.709765521802510402e-01
8.798044558705694906e-02
2.514446385525029304e-01
2.477026520524666930e-01
4.085492154288242750e-01
2.293799184643842970e-01
3.423707112126412322e-01
5.659528117071217779e-02
8.450497726762407069e-02
1.298328084701533547e-01
6.541052983999232628e-01
4.801028755211486643e-01
2.575173336282864378e-01
5.488568865179994233e-02
4.004812712462987312e-01
3.912928077894066714e-01
2.943605470899954279e-01
3.470647012758308891e-01
6.188341235695993953e-04
5.492792002439467886e-02
5.883774566510577286e-02
4.750039570399795102e-02
-2.079685699626213427e-02
2.422419838821719129e-01
3.237938082635682391e-01
2.122197602442333075e-01
1.305289725454827354e-01
3.107890143160367824e-01
2.204239695855862990e-01
1.600624899900431330e-01
-1.238042118767230214e-02
1.614743609156908677e-01
4.126487743224349081e-01
1.568127211082951666e-01
1.670721336630620057e-01
1.113800137559947945e-01
1.764465118187374670e-01
3.510184698370480416e-01
1.193799776340448870e+00
1.567503896705254807e+00
4.528194378667190767e-01
1.792551589841561155e-01
4.843421357062872024e-01
4.152250083163182004e-01
2.555173764191935870e-01
2.053529869352418713e-01
9.338610947378811478e-02
5.911450008266999623e-01
8.974441804791488675e-01
8.475180237321270349e-01
7.220039039327401653e-01
5.491617328791777997e-01
8.759693596200474053e-01
3.306501517306854043e-01
2.462948133950287610e-01
8.311829468766855911e-01
8.832423748430288102e-01
4.219849932331204978e-01
8.914403630492665487e-01
8.216693048672408795e-01
5.789034372479935353e-01
6.878845489173973649e-01
1.336581579197330949e-01
1.284297141304280854e-01
1.423635546844019273e-01
4.717047222858049560e-01
5.566187239030887524e-01
1.392434297796335096e+00
4.862663754864946508e-01
6.949871958571278707e-01
3.953623852156548102e-01
2.019377765557866244e-01
1.525893823093157631e-01
4.679835238033570044e-01
4.018121709663715624e-01
2.248824597448139950e-01
4.796882826222121921e-01
2.909766890820699170e-01
6.598361214548884579e-01
7.518277411614416872e-01
5.312975312474227385e-01
3.334471378397967922e-01
3.938413869239776322e-01
2.236176083535767745e-01
1.842279708369121694e-01
2.368991657247238314e-01
8.766450237089732367e-01
5.561195473317434024e-01
4.295394580559377951e-01
3.625993028249371863e-01
3.774424999143227710e-01
2.811061020963324109e-01
2.750774131315379400e-01
5.639150351621332602e-01
1.725504379400845112e-01
-4.906441193133675820e-03
3.008678474395704017e-01
3.684918478263258246e-01
-1.442794001151875317e-02
7.431394967287063835e-01
8.825469343562145630e-01
2.209065600168274857e-01
7.560507676413795730e-01
8.738362524485903116e-01
5.316114357315183669e-01
2.284601087071144454e-01
6.920564462427598595e-01
9.212550227372094946e-01
5.592039172853921492e-02
6.951257014338658724e-01
4.789404380155969781e-02
6.829232118050724276e-01
7.842687611726257835e-01
8.920798677693043688e-01
9.937753261803392579e-01
9.217202573199565485e-01
6.248634615903800871e-01
9.691313583989943359e-01
7.881111763569725870e-01
4.592413608538510328e-01
6.644549295665053146e-01
9.569292679151841785e-01
2.402747333751795444e-01
2.569123938732321699e-01
2.258707574835532306e-01
1.579721746125076487e-01
1.928289515214607341e-01
6.590409086153586893e-01
9.973000697232414780e-01
3.351566997185965180e-01
3.168338425631105348e-01
3.492529523884783105e-01
2.925102018160408157e-01
2.363765679144011200e-01
6.635988495017143274e-01
7.400935083681391413e-01
5.319339757149740278e-01
3.345966659977193669e-01
3.371894263132059755e-01
1.846365920449490883e-01
3.276911078415522538e-01
9.817018177929266454e-01
1.038413744344210743e+00
5.138885016488121682e-01
2.984476447980642932e-01
2.277889039036446184e-01
2.422170729462656824e-02
1.206319439590873843e-01
8.151491443828853267e-01
1.581580419397749626e+00
1.307605625443003960e+00
6.965996883295267894e-01
6.576725995304956163e-01
3.734803050203289732e-01
3.620967058931420235e-01
6.157301362095550790e-01
5.796541018906955500e-01
4.079747628541343651e-01
1.575074572983975185e-01
1.547761368971426188e-01
2.960058608650920076e-01
2.263847764151415698e-01
7.778466396180582221e-01
1.346533341789987626e+00
7.636525638442569486e-01
6.921312838354461983e-01
2.137417009026706671e-01
4.190291504614209184e-01
1.339856902239855152e-01
4.481826428248102956e-01
8.509092224923292536e-01
1.351145915258614993e-01
2.698443663726582398e-01
1.178706509034048444e-01
2.200390928093682308e-01
1.940506389432390677e-01
5.096960293083900861e-01
7.764828347761596472e-01
5.167031942283246693e-01
2.549085414698323837e-01
1.435377534614394879e-01
1.090811913261384714e+00
1.704235764923184571e-01
2.155525769942629732e-01
6.772312438901689768e-01
9.060430387838963595e-01
3.715652595291755733e-01
3.304708728251669614e-01
2.346356218013293526e-01
5.406935580496384786e-01
8.300823160567610826e-01
9.117353321916024100e-01
4.174827204120841184e-01
6.342170024530504602e-01
2.557027382571139262e-01
1.410854214521464201e-01
9.728545739861915731e-02
8.907214397576225240e-01
9.216415546665727154e-01
2.808501876240999118e-01
5.546914428113018936e-01
1.328144674819939475e+00
9.565165963484513201e-01
1.289704584570858792e-01
1.712899715341670293e-01
4.403422405724656818e-01
3.596204883402345787e-01
4.313880856741220682e-01
2.179773765463541846e-01
1.758900256310516885e-01
2.899955304697686143e-01
3.662249045625504129e-01
7.813570486597616327e-01
6.383117457858468180e-01
6.107781428623820785e-01
7.230653123076088429e-01
4.838377975758894611e-01
5.464088356636025434e-01
5.952091874429042972e-01
9.910094720168717286e-01
8.180202832474074981e-01
5.256599674188520144e-01
3.204191899405113286e-01
5.106819251003620330e-01
3.596981638853908869e-01
6.120589288527281679e-01
8.250045514959646331e-01
8.932733740569667180e-01
1.559574406281908576e+00
1.738152596506248981e+00
8.632382258062645253e-01
9.937963958542217480e-01
4.507590784009684048e-01
1.025559392470439590e+00
1.468855958552584218e+00
3.040017472267510512e-01
2.344863939757920179e-01
8.416520067255769399e-01
7.163168855850250427e-01
6.611975511324987842e-01
1.115049383864361587e+00
5.404255891457836469e-01
1.138955248507225626e+00
1.175814334236830350e+00
4.245871760436936704e-01
6.404567367905382724e-01
1.140526561547057005e+00
5.128460718004566044e-01
9.265491339949684102e-01
1.888851492713554125e-01
1.669707496731978047e+00
5.988998595843142425e-01
4.620097516975057994e-01
1.154820362755586638e+00
1.502410665906143361e+00
7.904729946807869112e-01
4.242153954475955668e-01
9.859434764672905249e-01
9.564804383958609435e-01
7.314208977043921145e-01
9.390064386747344338e-01
9.399971710193597563e-01
3.251044441037639898e-01
2.493956493964576138e-01
5.738008418965995228e-01
2.963598326388481863e-01
6.887566812100054392e-01
3.532656002070775902e-01
4.762660584512506956e-01
9.534964423423910596e-01
6.828303744953921894e-01
6.959555823327464585e-01
9.441035378807572931e-01
7.406012956686649495e-01
-1.709203937627251299e-02
4.934884586603260903e-01
1.233837177385701978e+00
5.490307595128164353e-01
2.930859934671302680e-01
2.919112271904609757e-01
5.458826309064316318e-01
1.093785168165519878e-01
1.764551798525377732e-02
3.616767038165672604e-02
9.158117065177174831e-01
3.564071502342502362e-01
5.993295655203335903e-02
7.296221234784640297e-02
5.370507834566802530e-02
8.988987424619633293e-01
5.599736865127011853e-01
1.302528119388039474e-01
7.601764679254728596e-02
8.320831614958514866e-01
9.971419371239730323e-01
2.337650313481799969e-01
7.240110780530434331e-02
1.886111507207027527e-01
5.206710071281681618e-01
7.089138137024703079e-01
9.074491650301699242e-01
6.800644999395035750e-01
1.323344092617269319e-01
1.443360107338696220e-02
9.658292622620733014e-02
3.426101404318132593e-01
5.071762904914011161e-01
4.070800740665438816e-02
-9.337353048863526739e-02
-1.066365083418374521e-01
3.676378328033074183e-01
8.012392611452598956e-01
-3.078169604707130247e-02
8.398153769078148256e-02
2.496564517513663595e-01
1.187599236979219319e-01
1.289755560900171516e-01
4.463592948961294105e-01
3.067148776973752100e-01
1.175491089043592258e-01
3.521549313874100529e-01
4.493923049641921907e-01
4.708944259508136554e-01
2.900499738731436294e-01
5.029001313271354995e-02
2.141982651813631455e-01
7.613937073767594876e-01
3.999745022319601412e-02
4.806050835239240038e-01
3.195226355433707366e-01
5.764812290274510254e-01
1.823246884427812131e-01
