4.921933559163785277e-01
9.987114120945658202e-01
2.593031111811500700e-01
1.202888988319501085e+00
1.173702636273929123e+00
4.880670261415188671e-01
2.326531887613461913e-01
9.853676496485825886e-01
1.174201031571284748e+00
5.083158041738679023e-01
1.266108303580641081e+00
1.062029063479852375e+00
1.071725303325342882e+00
1.947107563722904888e-01
6.901421865547906487e-01
9.556837027086105829e-01
5.401028725751695347e-01
2.836705944328457019e-01
3.776188425793754466e-01
3.064389498974663395e-01
1.089843922707649793e-01
2.508795513811973854e-01
6.501750875206370184e-01
5.495524679127491430e-01
3.390542645800049826e-01
2.782993318509068836e-01
3.168951883780173895e-01
1.572435353984851514e-01
2.618064462702346940e-01
7.131271441669086997e-01
2.624110356144809253e-01
4.775543507567102108e-01
2.609154814516435605e-01
3.991643510267598449e-01
1.608171841542266334e-01
3.185606999781008808e-01
3.798643496320305291e-01
6.378117185130762756e-01
3.198787237243297943e-01
6.080969263241429168e-01
3.370308141302907345e-01
1.391811463284953476e-01
2.020039368828609183e-01
7.205346367025768917e-01
5.714109059831780080e-01
3.756091349865816609e-01
1.728521153174154279e-01
4.831359007326225252e-01
4.850658220280152921e-01
3.553013598643087745e-01
4.246618864990878151e-01
1.502329425863020151e-01
1.988827501769331318e-01
1.621495456867478313e-01
1.817421065292906812e-01
9.987142397622537915e-02
6.393202242630542376e-01
5.252284040250601027e-01
2.762327777797711215e-01
3.394629627830033081e-01
4.779334342479585884e-01
3.149421133704441988e-01
3.082932379035978609e-01
2.336168566885615250e-01
3.749961695825279051e-01
4.896680277653194802e-01
2.640531793302745012e-01
1.758731330070757437e-01
1.500967422317121824e-01
2.633022575080647409e-01
3.627382047582313751e-01
1.214252276327029589e+00
1.789706565123886373e+00
5.375848489923380491e-01
3.451954222684909812e-01
5.950953971143733146e-01
4.623351576987406730e-01
2.628528828932358841e-01
3.365204309348466261e-01
1.918231768036643692e-01
6.076072226501929574e-01
9.907502957954681388e-01
9.788162410655286694e-01
8.617117204028973410e-01
6.378311118933657209e-01
9.227284299994096273e-01
5.262829315093435767e-01
3.183834417091078728e-01
9.961631262748747995e-01
1.079168769191054755e+00
5.090090839318122118e-01
9.152570681412461884e-01
8.872791855909560876e-01
7.102054557583350469e-01
7.691569392079281586e-01
2.263800721743801647e-01
2.328056784796434242e-01
2.189615352248860669e-01
5.068341982002987356e-01
7.716931409141771780e-01
1.669483303015537379e+00
5.122119526140855861e-01
7.916236265379278381e-01
4.318067900683909555e-01
2.777474539480794258e-01
1.654190110404553105e-01
5.720628842565985694e-01
4.349066329413231458e-01
2.867356238606769692e-01
5.147946366046568523e-01
3.905843728933808823e-01
7.597406397910722031e-01
8.415385091827920494e-01
5.561904838224925873e-01
4.060600768846729380e-01
4.360603644344160368e-01
2.799535971761601405e-01
2.431839359012866186e-01
2.426200156680033138e-01
9.796208646524650066e-01
7.504488681109695580e-01
5.047431261691540660e-01
5.726042403876701048e-01
4.494329297096587572e-01
3.385119495816071855e-01
3.339629963942196134e-01
5.679158454772580411e-01
2.114814814984926905e-01
1.774525400245674234e-01
3.953741572528463033e-01
4.651404415734906594e-01
9.709836346833920773e-02
7.838022178006155416e-01
9.157746276504371563e-01
4.129033469550670299e-01
9.128349754922592263e-01
9.340997346765144149e-01
5.896166242926098588e-01
3.117825564514868919e-01
7.455993340414275306e-01
1.002597026073348330e+00
1.106023966049100304e-01
7.932804316372629172e-01
1.701396525251817893e-01
6.966067858388443890e-01
8.548411685615661115e-01
8.995152726897570616e-01
1.056201909153144936e+00
1.092497297112903887e+00
7.314967756197846560e-01
1.047849494835142670e+00
8.311105498647263223e-01
4.711609582111879746e-01
7.351686065861667840e-01
9.699039526086493668e-01
2.951123399032483663e-01
2.942523411822057788e-01
2.538840966961807277e-01
2.171404775965017908e-01
2.556512222140786550e-01
7.018713661373009449e-01
1.040419334881607982e+00
3.421353857967163736e-01
3.536897317867302992e-01
4.588116186505863947e-01
3.726725711342697700e-01
3.954722000360347267e-01
7.519888029044307087e-01
7.896845879435914206e-01
5.688073901293260182e-01
3.919131387360852981e-01
5.384490429686238366e-01
2.588030138234342359e-01
3.935234702954826247e-01
1.010375269557567179e+00
1.101774204738209972e+00
6.278402186583826872e-01
3.718561312356718496e-01
2.588238993306680169e-01
8.663665314758653424e-02
2.677366507905987736e-01
1.059441265505853158e+00
1.761083438760953523e+00
1.470251091368793173e+00
8.054273608995536904e-01
7.464626710961821399e-01
4.213509239975431475e-01
4.412346950673620150e-01
7.665940172898728644e-01
6.849556488865680137e-01
5.899576215166885129e-01
3.361580390336517676e-01
3.635393622985723106e-01
4.012667131284676225e-01
3.275902360904471844e-01
8.413408093359636686e-01
1.420723488086306663e+00
9.900570962787543783e-01
8.036768535585164797e-01
3.959555546201770637e-01
5.006023747717380790e-01
2.762254321886997710e-01
5.713431973008695763e-01
8.724207708093499880e-01
3.048189823910229523e-01
3.302148317722520821e-01
1.726758971864397474e-01
2.548427967410351602e-01
2.635479721400635356e-01
6.010842271878065191e-01
8.294742706687017186e-01
5.471739080779624009e-01
4.515771750390705774e-01
3.277058994003058112e-01
1.113211512591222307e+00
2.597517095783776764e-01
3.389733997578051050e-01
8.180708428511709318e-01
9.404326613145408409e-01
5.345344554553931316e-01
4.258757458151669062e-01
2.816234693761499597e-01
6.071627303270459297e-01
8.476161875770227283e-01
9.795067239524920533e-01
4.920689559155820847e-01
7.345469118786752682e-01
4.345346331856858590e-01
2.513389388248896128e-01
2.690889856899303934e-01
1.382229048262788806e+00
9.805765263568554380e-01
3.603465913591860081e-01
5.974538513082336966e-01
1.328598644087601421e+00
1.064770134026957304e+00
3.514019628319614008e-01
2.285113372835362033e-01
5.003216117087047055e-01
4.629152643936848555e-01
5.194083466710354147e-01
3.375751987568196832e-01
2.419179442719963935e-01
3.308083779860153673e-01
4.184965870270461186e-01
8.190869676101655283e-01
7.589691421991358045e-01
7.376876316166881553e-01
8.006361567164637094e-01
6.092684858763817157e-01
6.700658947333694160e-01
7.536783825114956592e-01
1.110489661145147355e+00
9.793758791841914446e-01
5.735725991326736661e-01
3.437050038712777256e-01
5.507314730859609320e-01
5.048760381917130058e-01
7.602290902912124393e-01
9.572710126561142507e-01
1.008580610439541392e+00
1.882149742006816506e+00
1.768813348937241514e+00
9.372396059486843845e-01
1.055991576233135332e+00
4.632663383998508744e-01
1.162474179314155753e+00
1.562140520057195392e+00
4.225952235593701256e-01
2.552489241043759960e-01
9.243051483855262429e-01
8.487663177076952836e-01
7.953631959434274146e-01
1.321467627364993236e+00
6.252432163725046843e-01
1.450158747223708300e+00
1.250501111557372313e+00
5.281550618548970233e-01
7.361554435875808933e-01
1.369104490933956031e+00
5.555010295297051481e-01
9.609667639574704934e-01
4.827384291451090603e-01
1.801841017458142069e+00
6.625681532825730136e-01
7.611700857514249741e-01
1.384988169416404347e+00
1.590245639888882900e+00
8.898619671435002987e-01
4.933284907403130970e-01
1.064553013461411179e+00
1.206088250028166220e+00
8.768019702168463603e-01
9.692604176428549767e-01
1.110482735606794114e+00
3.486890107640812642e-01
3.153770156719165052e-01
7.244493944202532454e-01
4.226995646569695064e-01
9.651529731485291030e-01
5.793880081717259767e-01
5.637326290801101258e-01
1.365257514947709971e+00
7.038986700387097617e-01
8.095903974687616023e-01
9.540955377564313000e-01
8.189357314991327907e-01
2.085691697418738111e-01
5.427788874642386352e-01
1.389759119800318521e+00
6.540291154877463375e-01
3.801241019386210063e-01
3.369351078461291782e-01
6.054711322528011364e-01
2.296427295287832016e-01
2.907150607611460047e-01
5.052369587125992156e-01
9.824619964934571126e-01
3.743055331409159137e-01
3.557747807447273480e-01
2.635553100032511087e-01
1.579969463737334323e-01
9.310437422586608225e-01
5.971972714781310643e-01
2.164572322887065303e-01
2.082816626018362538e-01
9.826936846416740590e-01
1.022432185983303876e+00
3.628479079561865439e-01
2.220285504987847824e-01
2.757238358847949877e-01
8.447048295639024706e-01
1.103857265716190028e+00
1.109760864691509363e+00
9.160034015258240458e-01
1.540960837830166463e-01
1.242559239195516474e-01
2.162109804913074917e-01
3.597760232361733590e-01
5.313886216916853256e-01
2.696770757609665559e-01
1.773495451199341155e-01
7.169911248145846572e-02
4.766552522226054633e-01
9.511707856511149028e-01
1.227147031579536446e-01
1.437001745347496473e-01
3.009799114709861279e-01
1.848603350280063617e-01
2.262751976890746419e-01
5.292060710554395975e-01
3.721935442581866260e-01
1.848767400739406708e-01
3.894252416990324761e-01
5.661425393227936809e-01
4.929102475511979997e-01
4.089047115878891581e-01
8.683550523969744972e-02
2.455293369831587080e-01
7.971574660281973701e-01
1.250071365963653924e-01
6.281969673882228378e-01
3.933893511585997427e-01
6.753390044647449297e-01
1.977829460733035172e-01
