1.034935913900841969e-01
1.434470913467309761e-01
1.828945655062578224e-01
3.281857324673166931e-01
5.760363617555563920e-01
3.033749061415514370e-01
0.000000000000000000e+00
9.630487392037965222e-01
5.439579833380864260e-01
2.837375110504071207e-01
6.773199298347297725e-01
2.597856598685829299e-01
6.110637129671318002e-01
1.223307631784905092e-01
8.330800065925888509e-01
2.901631322447738581e-01
2.357054858202985992e-01
-2.347519054779035951e-08
2.214930084734212656e-01
-7.185464104290913145e-02
-2.769566112345222702e-09
2.417314367250078810e-01
3.871076520189727921e-01
4.263084017068142217e-01
-6.399705787571380831e-03
-4.147930351080633998e-09
3.053529503573309059e-08
-1.116601683067747872e-09
1.218546602836087213e-09
2.801560496254729138e-01
-2.987971938142128941e-03
-1.985439361842965357e-08
2.443365859627896763e-01
-8.788199501594940941e-03
-5.287602641077001973e-10
-9.706931244574853488e-08
-2.856310324078149945e-09
-6.711413480079955734e-08
0.000000000000000000e+00
-2.480430537202626347e-09
-1.219749446931192065e-08
-4.810689513144359335e-09
-1.803847213027806858e-08
-3.690719482493175913e-02
-3.676413253866609375e-09
1.569845187179285950e-01
-1.055015415945853619e-09
-2.068836695213438839e-02
-5.910815591578304517e-09
1.733706564889450975e-08
1.077484747589479714e-08
5.377605878209046342e-01
-3.884718303303419384e-02
-1.774362046995473855e-08
1.052608669215501470e-08
-4.535053455469454832e-10
7.961682325458256561e-08
6.910223604698863842e-10
-3.917206749799115216e-09
-2.232004166941010730e-09
-4.416915217364145955e-10
4.709287106047682776e-10
-2.931288229082490573e-08
4.723856380860261908e-09
-5.719987729187662323e-02
9.737714668098784720e-02
9.313981770035296981e-02
1.559690923730725973e-02
6.207159550030048184e-02
-5.210634334524764682e-09
2.043549596004756025e-02
8.877498319123698800e-08
4.688254597430919743e-09
7.105475434996286199e-02
6.907218921544426858e-10
6.689239491364884359e-09
2.190876316471232465e-08
-2.106416175339256581e-08
-3.814924482577777831e-02
-2.553204018449694117e-10
5.141862450391029431e-08
-4.902318077622854452e-03
7.513445370393616492e-03
1.988886133237819931e-01
4.887405007149663028e-02
-1.768532750061894886e-08
-7.196697060456169747e-10
-4.851089863485291351e-03
6.716996298466006154e-02
7.812157189291221715e-02
2.711921621879785704e-08
2.474819257030830971e-02
8.644673673714850515e-02
5.401158228613962137e-02
-4.430307520328255100e-08
-1.058120096714620476e-09
-7.294694017764409566e-02
2.900580648782742649e-08
-1.267652110267223129e-08
1.269242088984030847e-01
1.023052368542062274e+00
5.637531985816862656e-02
5.921412223083439771e-03
-6.748884564676796476e-09
3.676727067279729822e-08
5.492868573530600327e-09
-3.509556921790058299e-10
1.255350883239861326e-01
1.105504957733196292e-01
-1.659072721529028516e-02
1.503136688550001377e-09
1.984668636919049156e-01
1.887154263362522399e-01
2.117823744695712107e-01
1.459934004982561738e-10
4.033278570007310201e-09
3.534453233138493774e-08
5.317276631340744214e-02
5.456310238852515176e-02
1.702694716308281453e-01
1.964421570518776194e-01
8.918048986768811748e-02
-3.519979904255357995e-03
2.609077803035954046e-01
7.634960831563260976e-09
3.033571689648665809e-08
1.200680605612933771e-01
2.349373553548058495e-09
-1.626600035602569021e-09
5.900736228444211640e-02
-1.609709423601258718e-08
3.155751861064934074e-08
7.132341357093408986e-09
8.058755352865700772e-01
6.727470005089019166e-09
6.907786146141060787e-10
5.352419977250593153e-01
-1.829146398169427928e-10
4.934689160604528724e-02
6.373465478656690220e-01
7.349523520952091493e-01
-4.324279739094344377e-02
2.717368730769534335e-01
-2.013709477369839407e-01
2.500196791338585341e-07
6.416538413997681101e-01
6.898419773305951574e-01
7.365756732218607938e-01
5.462298569008209315e-01
3.038552056769566398e-02
8.358138368720326183e-10
3.774224831562968396e-01
1.879953911764745966e-01
6.824809842259401682e-01
5.657513856203100211e-01
-2.776081910901108396e-02
1.897371683860681536e-09
7.686019204756165737e-09
7.447456989211834189e-02
4.391514097293370252e-09
1.656147377148049493e-01
7.429855921972786659e-01
1.424460062108901665e-02
1.729745131681158232e-01
4.343131397250838874e-08
-5.055001286532685701e-08
-1.731396849332611849e-08
4.204949430360404583e-01
6.987381087215290831e-01
4.153283473099433909e-02
3.147698237488379616e-09
1.734693561672460838e-08
2.120196061882049393e-08
6.864220278086187454e-02
9.519712600836566230e-01
9.957856352230141095e-01
5.292340904161469545e-02
5.336319581598129164e-02
-8.145463626413212384e-08
4.694048857092781327e-09
1.861743038356396632e-08
6.717088732515975602e-01
7.106348970245717211e-01
5.683803482720075628e-01
4.848992428537519106e-01
2.353403269073158222e-01
7.209359709430034069e-02
7.536776013872235891e-02
3.683551605360632086e-01
3.542757132718009627e-01
2.843306487641218076e-03
7.275875042817135769e-09
5.090831389265856322e-01
2.188847438476610206e-08
8.819358756167902479e-09
6.510312715388422156e-01
1.046684568082401290e+00
2.101054707402681132e-01
2.600931913370777560e-01
9.817359482867716339e-09
3.513723112540226845e-01
-1.912540334056754820e-09
4.309578016908318099e-01
6.054401222423217988e-01
2.156633943317119995e-01
1.745401788886487282e-01
9.137984317300446024e-02
1.697266598038343787e-10
-7.879122607140988999e-09
3.418169625411460189e-01
6.148866210340141469e-01
9.365694785004101408e-02
3.871714976736069687e-03
2.969935186162223073e-01
2.779520004830576818e-01
1.452905274857484441e-01
1.474401893428604846e-09
4.157358867247075151e-01
1.180657513731876579e-01
3.907248988595386774e-02
4.713772335681947201e-01
1.251893225358798323e-01
-1.205101311886611865e-11
4.584528259374737180e-01
5.579755587220750490e-01
-1.313523603950544025e-09
2.596960572139457853e-08
5.416297950854588590e-09
-1.075517256093325042e-08
8.042590178166093652e-10
3.069884900745220114e-07
2.853087322451822727e-01
-6.298332535055560510e-02
-2.444503011169394335e-11
-3.518436393155760985e-09
-1.101259655050638874e-08
-6.636041790747323191e-08
-1.173071010654195758e-08
-1.153194769336878106e-08
-1.787862069264971676e-08
-9.797217488996906187e-09
-6.467719841879191176e-09
-4.418845559448737856e-09
-3.128650420577669683e-08
-1.830300972396950043e-08
3.528434820755061430e-01
4.143177806454348746e-09
-3.277491364374052373e-09
-4.711621468584094146e-08
1.502492934277112670e-08
-1.292404683700223873e-07
1.883865286683030216e-01
4.406965071705429282e-01
-1.486491071044499687e-09
-3.910261565773637895e-08
-1.979032239194879374e-08
-9.433425795054183791e-09
-4.268579413499817525e-09
7.182939467163462766e-02
1.600915150848332136e-01
3.760231580522312989e-01
1.497878048449403930e-10
3.883415335596970136e-02
1.057099051163795239e-01
-6.682595913203100834e-09
5.258914190951027170e-09
3.091598282851792728e-07
2.018943732278584979e-01
1.564897695274890536e-09
-1.146923750245011478e-09
5.091955517068217717e-09
3.017244137959641096e-10
4.427893605265128540e-01
1.346519989052328004e-01
-6.039956171275455838e-09
-1.177743692689532273e-09
3.318394562690269381e-13
4.624627097196075676e-01
-1.783033220569440269e-12
2.177649601238078048e-01
3.360283654918176655e-02
-1.467968610955382420e-08
0.000000000000000000e+00
7.788014004784259951e-09
1.525304621381226022e-01
2.308133392035533005e-10
3.201761334582221437e-09
1.748810962255013328e-10
3.726683434314111837e-02
9.726857685008448685e-12
1.595717788240124948e-11
3.058336782910112525e-08
7.848399120212674460e-09
6.300691748705117721e-08
3.859170008398601935e-08
-3.596122667109039006e-10
-1.162089250759013731e-02
-3.039860241360336363e-03
-2.946175445123007039e-02
5.286675309410937411e-08
5.142198025760051594e-08
1.065861064811054471e-01
7.050195666388326954e-01
1.221999073485607323e-01
1.121458887300709680e-09
2.090812772650082474e-01
3.126016861664426272e-01
4.053749910857864375e-02
2.029034961862365150e-01
6.240279856669154190e-01
2.028527659098983739e-08
3.694667513599030496e-04
1.025508663741711984e-01
1.395256515063123259e-01
4.544945077669829432e-09
2.959311377437215931e-09
4.143737536255360371e-02
2.160886370322448180e-01
-3.203675351835127001e-08
2.060555565819969515e-01
4.471757425742326625e-02
-2.808829424695702751e-02
4.282813737900493245e-01
3.646152266044615509e-01
2.014524354092264435e-01
-1.539337984438451211e-07
1.253561774446239063e-01
2.103974968461847228e-01
9.492284166381913246e-02
8.483151667577910893e-02
8.160388064864621291e-09
5.142598023640032601e-01
9.377836267465765596e-01
1.064746599493690216e+00
8.594884528056905282e-01
1.665921063637926802e-01
9.030563211467215745e-02
1.635121376231524204e-01
3.034482756239824663e-01
2.953873736691895457e-01
1.905586268463987099e-01
1.024454975999407047e-01
-1.671925123930705000e-09
4.035987731893113114e-09
5.139852709107707307e-01
2.044786665220624244e-02
-5.723278959581573612e-09
1.092821311209478585e-07
1.070781509159280526e-01
-5.134770652753359014e-09
4.390148262904590671e-08
4.230386488100888742e-02
9.557327153838256206e-02
3.831758611214246362e-08
1.043340384340736097e-08
4.698337774116271848e-01
2.642915660895728432e-07
-5.481751343239887158e-09
6.990166394740461586e-02
9.320560265268633404e-02
1.739089549201416779e-09
-8.803595616885335345e-03
1.030992714661670556e-01
1.564844272325142949e-02
4.131279448064667500e-09
