1.800777204633723094e-02
1.972786355709759964e-01
1.904418286158638396e-01
3.191988642813569643e-01
5.760364817363546885e-01
3.033749541697743912e-01
1.979267491291208874e-08
9.308083072901417454e-01
6.720323984620948377e-01
3.155137932045774529e-01
7.238021946992918565e-01
7.940226009791289119e-01
4.315094104073984860e-01
1.307574199629071565e-01
8.330801314955711412e-01
2.901632144373529343e-01
2.357054963616132537e-01
1.334983286826892102e-02
3.204554350219976921e-01
-1.118580128336189028e-01
8.044991069056662766e-03
2.491575900214656469e-01
4.377117666303516619e-01
4.212514058639560410e-01
6.997031201284253932e-02
-4.651695454970318500e-02
4.262399737771114805e-01
-1.905776818951253893e-01
-7.131273301870448555e-02
3.003199412615634722e-01
-4.601129710416310137e-02
1.575402924439437136e-01
4.317931805506838305e-01
-7.931927393321885900e-02
1.084813157019658275e-01
-2.439138108409784345e-02
3.126085436804170170e-01
-9.604687140684642355e-02
-8.446120071242482763e-02
2.058818368257199147e-02
2.916135228378484781e-02
-4.921113453596977216e-02
-6.281814692992808424e-02
-1.056468042219781273e-01
3.940605518619880732e-01
1.752694531266492661e-01
-2.249098694031496232e-02
-1.015751116178261193e-01
2.085094255757725112e-01
-1.446678803224085708e-02
3.211018161071522159e-01
4.943851003487679807e-01
-1.254293594850441618e-01
-9.960782871804142735e-02
1.102780491041242405e-08
-8.098798339364428334e-02
-7.846996058038015545e-03
-1.363214219947594674e-01
-1.822975350855018939e-01
1.226151859632394446e-08
-9.372533975949137730e-02
-7.408338837678994648e-02
-4.294773478008857143e-02
2.176239108137651146e-01
1.407131002471724290e-01
1.808030841943926090e-02
2.291754952092285580e-01
-9.165381932112422192e-03
8.190346430694556146e-02
1.998035907141653203e-02
-6.393227350927518926e-02
-1.200425146934150922e-01
5.163619795659554063e-02
5.165550689527343559e-02
7.483670354213317610e-02
-2.969554254026316939e-02
-9.789271126307699106e-03
-2.811338844833615656e-08
-1.378665190397888041e-01
-1.522031368923701944e-01
2.462321819982616049e-03
1.435523502304446586e-01
4.563680804144259334e-02
4.712901309705129771e-01
5.333904503231504113e-02
-2.755132446688203854e-02
2.576539602847599877e-02
2.219707121877392553e-01
1.510882362937201739e-01
1.217892964061530886e-01
-1.903125562719718833e-01
-4.403709801718206501e-02
2.807773103948307258e-01
1.779044991592269309e-01
1.456148896551412615e-02
-1.571928768103087182e-01
-8.959904679538033268e-02
-1.065943984466100058e-01
1.899755599689313401e-01
3.764751778164991958e-01
1.018932173297332655e+00
-1.599635537627945234e-02
3.818160714936926631e-02
-7.024247562672324163e-08
2.412532502213407537e-02
2.098314700845595363e-08
9.203379132260219517e-03
1.226444383692033707e-01
1.279734541161923755e-01
-1.039370645333517890e-01
1.606474595265321437e-01
3.923928882076799796e-01
4.872373343027222581e-01
2.390775958015024238e-01
-8.848875953348395856e-03
-1.022572404886690212e-01
1.563433290990760838e-01
1.331071815464661690e-01
1.056412055022745156e-01
1.141521392908626253e-01
8.058725314257118855e-02
2.560508383048555325e-01
1.403706360209103776e-01
3.223375061724633173e-01
-9.492403997188614273e-02
1.704430845694299979e-01
3.432698439649760624e-01
4.982443198721717148e-02
-3.378852668059839637e-02
9.668012148303621600e-02
-2.312898393876690328e-02
-5.936555591797979675e-02
6.526184203359871594e-01
8.046548420407366731e-01
-1.144760281291356402e-01
-3.371163901127296417e-03
6.657975564276585878e-01
2.022871108958744779e-01
1.780343977816582490e-01
5.887702353174690817e-01
7.349523502491858151e-01
-7.040085501919252087e-02
4.193302785384747100e-01
-2.033320099329736785e-01
3.555936015060249811e-01
6.319016040864539052e-01
6.898419430909330519e-01
7.365756906145107807e-01
5.462298694848489733e-01
6.571319148670655419e-02
4.770592242158652740e-01
3.868046557318887135e-01
2.138275536826824141e-01
6.633956121011436169e-01
5.657513876833718536e-01
-2.953427212790948539e-02
6.789031984809512643e-02
-2.196572414218729216e-02
5.246966640504069357e-02
-1.844228223875096773e-02
5.376104095715129594e-01
7.445720894624102693e-01
1.612561393056386946e-02
3.261424488776842323e-01
1.062389490223816790e-01
1.690225514532368856e-02
-7.245911226551558781e-02
4.402715499374010300e-01
6.989898675435145536e-01
1.123065198044755353e-01
2.377769515603980199e-01
2.662514964842586651e-01
-4.506289696849184121e-10
7.040922658467312079e-02
8.528885786257928148e-01
9.957856655352478326e-01
1.187412130014322831e-01
-4.061464083083374255e-03
-7.638698937901855501e-02
-3.446144308538092588e-02
-1.025511778099685162e-02
6.667458167961182181e-01
7.199447128736765622e-01
1.002769048845913780e+00
5.237481835678362563e-01
2.506106710720303887e-01
1.004142671738043058e-01
8.219095089942275723e-02
3.683314103968951536e-01
3.542759298979496485e-01
-2.400916399992354677e-02
1.875032144804092415e-01
4.853351420818417528e-01
1.188920730271873921e-01
-7.768003965045762460e-02
6.418090733949565196e-01
1.046684456158389009e+00
2.985093241231329131e-01
2.591919777415682691e-01
-3.927150052884375436e-02
4.092794345020631108e-01
-4.190097922478853293e-02
4.309578102129930643e-01
6.054401381101807145e-01
1.108043105879887580e-01
2.003142847434947194e-01
8.826945853141812681e-02
-8.475904602438956437e-02
-1.266845144649381971e-01
3.456408222056571722e-01
6.156127112616948116e-01
2.363864642977578090e-01
3.100283131224034969e-02
2.895789920656880456e-01
5.969674978023503664e-01
1.119712333020854989e-01
-1.870413569642729451e-02
4.446869107883124617e-01
4.444230644942637198e-01
5.287173305796114692e-02
4.573724334924010315e-01
2.764792394925790209e-01
1.165670122146729992e-01
4.616860922866611316e-01
6.446076336650089500e-01
-1.126264821408292371e-01
2.936258066362676944e-01
-1.222327543098064989e-01
-1.483624252166387270e-01
-3.274723746999470946e-07
4.907705767919703366e-01
3.528147414982766850e-01
-1.608527025836646029e-01
-1.570235117581446439e-09
2.720510257704627223e-09
8.701806963320881451e-09
-2.806601348094591060e-03
7.193531121957072449e-03
-8.181295901331880893e-02
-3.467511883108169435e-02
-1.167684447858305582e-08
-1.312702267122094932e-09
-1.336449892787956169e-08
-5.771672795735755986e-09
-1.757618543140037140e-02
4.789316136934978485e-01
5.112270888505836275e-02
1.855078318988370240e-08
2.314348422941293545e-02
-1.476328197386002003e-02
-7.418138284537355298e-02
4.684185859127599771e-01
3.657542317723382896e-01
-1.317505555796892880e-01
-3.202888360324183947e-02
-1.337503787739302286e-01
-8.105350551352344737e-03
-6.904980051042235167e-02
6.310473316331009774e-02
3.590685212097919909e-01
4.259779697660576736e-01
2.013909100824802859e-03
5.703817685829236372e-02
3.412865080351940583e-01
-1.384054650242677875e-01
-2.765165223164715164e-02
4.541813532248428209e-01
2.070363562990699402e-01
-4.240122022925846973e-02
-1.027098113994254769e-01
3.350740032204416186e-01
-3.816154078441957213e-09
4.339012350216145397e-01
3.678330716751065932e-01
-1.384648371128911759e-01
-2.611910413398597572e-02
-1.384258067638374085e-02
4.528727585686790347e-01
3.277449172616646311e-02
3.002176544356967014e-01
3.486587331996500450e-02
1.011345051011744989e-01
6.456557339555435426e-02
7.241650885292391995e-03
5.147700276812686715e-01
3.768045214397051229e-02
7.997270678655678255e-02
2.843301054665940408e-01
1.062107946617293491e-01
2.837983005715890780e-02
8.215225259589090112e-02
6.294688122567713984e-02
-4.933294402451712107e-02
1.967650423208740507e-01
3.083124658794992867e-01
7.494770293263177674e-01
-9.152446216167337001e-02
-2.462717126087325334e-02
-3.524377544342142954e-02
4.052314407594338475e-01
3.359543211797351714e-01
2.371893151351213702e-01
6.725707178341769898e-01
1.285013082929257755e-01
3.247228299494667181e-02
2.560344425080073871e-01
3.752240640555307705e-01
-1.110183665137118164e-01
2.029034990398408678e-01
6.371686369804632211e-01
3.488005913283023784e-01
4.930821587321895100e-02
1.529365092995619568e-01
1.395253835226965555e-01
-6.322488615689283997e-02
1.322589105533170661e-01
8.691444087176046496e-02
2.160886429374876128e-01
3.038158236828853997e-01
4.625779965411980221e-01
1.773321165014052070e-01
-7.823852496164845904e-02
4.198143463682154630e-01
3.915400458807382633e-01
2.197692826305994440e-01
-1.734465082949963599e-01
2.644842015154115211e-01
2.103975555767290673e-01
2.552064708436617702e-01
1.448612397046488420e-01
2.609985027723630280e-01
5.872435816033155787e-01
9.377836793462760445e-01
1.064746731101019916e+00
8.594884661904171885e-01
1.665921263153070098e-01
1.436652104480647396e-01
1.713406954119430226e-01
3.198700540448999874e-01
4.480008863317891943e-01
1.905586505377958872e-01
1.150587982198491149e-01
-2.226186656159929566e-03
1.793048781402449277e-01
5.139852506962008238e-01
1.255310671644727961e-02
1.205057910133351812e-01
2.669817998428842820e-01
9.059214201474415085e-02
-3.754493103022094047e-02
1.651544534314957346e-01
5.577871667366592068e-02
1.079686486248886690e-01
1.694382329910886220e-01
1.834118432655078845e-01
4.678387643617706870e-01
3.666950457627102256e-01
-1.392183387329118671e-01
2.274421228177694321e-01
9.666709261429320965e-02
6.994862445799611417e-02
6.869603779591351711e-02
1.289845613491824583e-01
3.039857763002397004e-02
1.257233161485776796e-01
