-5.867076508176503891e-02
5.491218913285008663e-01
1.264064876928806092e+00
1.942848869818199486e-01
2.009548289663177015e-03
9.856116098523495239e-01
8.688236025970430543e-01
7.331039836126206077e-02
5.666390498637122741e-01
9.954582270854577253e-01
4.076777670442477755e-03
3.325116920964727579e-02
9.119096135765752953e-02
3.142803341049451582e-01
4.913944715204512925e-02
6.603495173969159415e-01
1.007155125127596529e+00
1.332350740044764059e+00
1.131762527921044370e+00
1.570931358827029944e+00
1.404776382472414875e+00
1.306156777682760284e+00
1.625978624675118223e+00
1.679505354763510372e+00
1.614575332750998848e+00
1.490562226724361672e+00
1.409191925195046213e+00
1.404103331105975627e+00
1.221184476358394111e+00
7.548077200379635365e-02
1.062428038292382748e+00
7.087844911296383721e-01
8.236936121936881960e-01
9.981362173816934469e-01
1.255134153160483379e+00
1.202970229554684911e+00
1.574561445093201506e+00
1.521388771586008382e+00
1.447611160448937451e+00
1.251419739433206502e+00
1.180757961288489311e+00
9.003136795841546469e-01
1.308514151799794023e+00
1.441894359993667774e+00
1.418904028097772052e+00
1.354921676910449735e+00
1.244731309422451249e+00
7.484878420417158118e-01
7.204279586716855199e-01
1.024995809319755313e+00
4.081515994021853166e-01
5.511037065648782818e-01
1.398442475036105748e+00
1.370569344245122334e+00
1.153102694847283560e+00
6.960401219402518880e-01
8.784488691232628099e-01
1.351082433246322045e+00
1.334321459526133236e+00
1.304655225137259622e+00
1.371637395102364154e+00
1.280324512600871101e+00
9.892790118519686482e-01
1.103252421556344176e+00
1.339774533032141113e+00
8.981574218274295252e-01
1.229837323605196930e+00
1.205732622618443717e+00
1.075341071122857262e+00
8.341262109870110075e-01
8.826452917162780354e-01
1.291161005230083703e-01
3.760945488081939014e-02
1.143235841907542794e+00
9.855778369044562170e-01
6.054374446950494537e-01
9.667923725416467384e-01
1.013936059442947402e+00
1.175860840273332375e+00
1.126971999571763305e+00
5.876618387939459565e-01
4.796747194139852066e-01
2.648317124747965323e-01
-3.108645038702698149e-02
4.416091794629685152e-01
7.489119260552635771e-01
9.569731469763695930e-01
1.055471703763305236e+00
5.608463705981342473e-01
7.257743936233849169e-01
4.586829483114224226e-01
4.403254227999139347e-01
9.784273114707625618e-01
1.193497750292030979e+00
1.247032968596203606e+00
1.180678867229671969e+00
1.001612477480834595e+00
1.111870939288127857e+00
9.360170443225781511e-01
3.307024462447983870e-01
1.115791727233506926e-02
8.972289470600927075e-01
8.386864185238258607e-01
1.194940477888561503e+00
9.900992417793714750e-01
1.039960807679348287e+00
1.131435644966590992e+00
1.010262439663198064e+00
6.231282361789672875e-01
9.966579666263453152e-01
5.856630577558853412e-01
5.773531728118245221e-01
5.686530409551818765e-01
9.072841854775057779e-01
8.708408831310482379e-01
9.921641391029254464e-01
1.015587013597358812e+00
9.941075299666404241e-01
9.259960630291221850e-01
4.193945302772359440e-01
7.492627289001801971e-01
9.174368566359987209e-01
9.509419988414888891e-01
8.789193744956684817e-01
8.556501768521638240e-01
7.882753302245206761e-01
4.796604394093780255e-01
8.848909238866458082e-01
8.349580772423010888e-01
9.659886105569586157e-01
1.056639302577654593e+00
9.033371022593323918e-01
5.639328941731667211e-01
4.499512173843945306e-01
1.074899533869391188e+00
5.510035787726643708e-01
4.945726671371715732e-01
6.849773963645560126e-01
7.729920305669555347e-01
3.243390550495039992e-01
-1.508990679530844703e-01
8.092600517280668093e-01
5.127339383982653098e-01
8.334442893905064098e-01
6.413760611831553771e-01
4.667040630625038378e-01
4.132892512958477593e-01
-9.041668741561044165e-01
-7.202245018601305393e-01
7.099934694368579269e-01
4.885199467597342027e-01
4.836841686780947169e-01
6.601932580012355167e-01
3.852927414193573208e-01
9.261132290795048849e-02
7.591563367713651811e-01
8.320789375096127038e-01
9.030814302243204139e-01
7.854080737491395681e-01
7.861044871892060026e-01
2.774065070030392044e-01
-6.791330720685395672e-02
8.216566753736331830e-01
7.452289848650308635e-01
8.855152737883880132e-01
1.030623720019191891e+00
1.154868760350031831e+00
8.225082785736091973e-01
6.932421244745697875e-01
9.710284269867615059e-01
1.074048020896576139e+00
1.069870209534118377e+00
1.178163280584556771e+00
9.435837739111645472e-01
5.373450251618530071e-01
4.611113109244561192e-01
8.170202192125171070e-01
8.906625597937276595e-01
9.796592965897444882e-01
1.068350186596008999e+00
1.020280914177825071e+00
4.968175944249824671e-01
-4.245443892523289797e+00
6.137103550191077422e-02
4.387870402641414480e-01
4.080349617001569618e-01
8.762888981251005793e-01
8.839636270618612679e-01
5.758819809010172763e-01
8.136559816775766896e-01
9.345885797755648650e-01
8.544268037391322679e-01
6.184348266684851492e-01
8.186113647321940912e-01
8.948823727634384051e-01
1.415941495910138515e-01
-5.934495187963576557e-01
5.670476484111705018e-01
9.309058421028623131e-01
8.803756377615538087e-01
8.430763974276928030e-01
9.702572553988493276e-01
5.927276631715634458e-01
5.593749344678376756e-02
7.731110480789502581e-01
9.456007120440563796e-01
8.566152507239814806e-01
8.210385471188863526e-01
8.525661291017718746e-01
6.116361071781507563e-01
-2.201391076813031811e-01
4.990481324554592590e-01
6.506765948035733160e-01
5.756491132010688183e-01
3.191971399955907396e-01
8.616796870840552902e-01
7.975270075143593429e-01
4.779082262792413438e-01
2.611052781316978988e-02
-2.623800871988778427e-01
6.615657441362566837e-01
7.432960509817598815e-01
7.812750964687393829e-01
6.023175883826170640e-01
3.994374574422103752e-01
8.575521894163087300e-01
6.984824451371564047e-01
9.936700908514124464e-01
1.016246046353019405e+00
9.978154048145396748e-01
5.855659734570084485e-01
6.346906109039115451e-01
1.030325202769367232e+00
1.057275569062925857e+00
1.128399577476246085e+00
1.226453384601575269e+00
1.040200633161781463e+00
8.153356666418666299e-01
9.561439760726035964e-01
9.267722134250498955e-01
1.045902264824252192e+00
1.018037719174663458e+00
9.488376417021057163e-01
9.836696112659193414e-01
8.339494770530174739e-01
5.711400749790090936e-01
9.092943782838317501e-01
9.002184240586059705e-01
8.938303531788986955e-01
8.550713115559689381e-01
8.455512142269545617e-01
6.316827285637338640e-01
5.358278824896413051e-01
9.768299328274456794e-01
1.074865872418887758e+00
1.027823884971239110e+00
1.002914705776562165e+00
9.227742623476618000e-01
7.223101680614814057e-01
5.786383460763010467e-01
8.812694994934702208e-01
-2.244841936099048474e-02
-2.183375475366813867e-02
5.908462421607324488e-01
8.935149331395468852e-01
8.378169290923400681e-01
4.228650659560126979e-01
1.458211191195418754e-01
1.029503554898695050e+00
1.021503638078988807e+00
8.358786963524071911e-01
9.335114481039661349e-01
6.156398111667180650e-01
4.543296980942652663e-01
9.925376274718530345e-01
7.525310253513743664e-02
1.088316760113551135e-01
7.480799620916518400e-01
5.100103734145552403e-01
2.803912056922364809e-02
7.784349153825724787e-01
8.645070201100826246e-01
1.001963220260543075e+00
5.821110127395342365e-02
9.092189610801242328e-01
6.796325099273297088e-01
-1.388565460514352284e-02
5.132461444783650850e-02
1.069691617219691970e+00
1.162164500839515835e+00
8.638730818719861926e-01
1.313584550854678956e-01
4.637845606145121202e-01
3.126463562761762072e-01
3.108762225741482643e-01
1.093675789468935289e+00
1.012290518578439658e+00
9.900715929480440325e-01
9.722912114984816334e-01
1.063729610002615900e+00
7.009655399174221646e-01
1.937607825140388873e-02
1.006650224712147407e-01
7.397774971035491198e-01
6.012659599484307948e-01
1.631848201880354288e-01
1.395529984716564198e-01
2.195587569065737821e-01
5.375413464913957051e-02
2.557541533730618016e-02
7.769183363482643490e-01
7.241726929674899838e-01
7.960139840163916736e-01
5.942447887284949548e-01
9.005347505254345242e-01
8.874640654913310556e-01
8.751984550136683305e-01
7.307358231147561070e-03
8.077216004507523639e-01
8.492708208554793359e-01
1.057213307167777838e+00
8.954354756435989326e-01
1.000456074595879319e-01
6.807300643470768353e-01
1.037751055673139966e+00
9.934410455879647550e-01
3.154424481728376195e-01
3.356160331598606172e-03
7.956828607719950153e-01
1.078434792596400404e+00
9.671684336729996501e-01
7.436374173731731263e-01
9.658974437631064891e-01
1.115561540375830996e+00
1.075508629363020052e+00
1.076380638142832691e+00
9.985393478710320458e-01
9.499103006230171786e-01
9.350732339466886200e-01
1.011572224280425703e+00
9.992566672514284765e-01
8.916474833054255367e-01
7.694414977994343818e-01
1.281389444855312310e-01
1.452782785567993951e-01
9.179421444424928911e-01
7.991253136657653355e-01
8.522582946085447420e-01
8.509725719962464296e-01
6.692262084634420516e-01
3.384458579977005499e-01
5.578930443882681445e-01
5.788454604126903602e-01
4.429436722308990881e-01
5.018534857913038716e-02
-1.952259635872278035e-03
-5.174638286874394722e-05
-5.016665863057023084e-02
-1.510282722506405273e-01
-2.582039395675878729e-02
5.403044091241658853e-01
-1.379762339248920798e-02
-7.903419310606804235e-03
6.731627729400593840e-02
7.205383286371863649e-02
