4.684184424931052693e-01
3.803643924048818459e-01
-6.962782349900347237e-03
1.150207485846417965e+00
8.957379619677494631e-01
1.215072713637500135e+00
1.182020325498792435e+00
1.580157157760376130e+00
7.594829653273486025e-01
2.066461096430995070e+00
2.150025469502244491e+00
1.976811453618386283e+00
1.652795574627392572e+00
1.210547579553904241e+00
2.083512620596354115e+00
1.405145280999838597e+00
1.683192511478080466e-01
2.062258526154920002e+00
1.659760451771076228e+00
8.131969922849746624e-01
1.246064544137233110e+00
1.338781847518567991e+00
1.939497121663653179e+00
1.958100711457134047e+00
2.207090784710748821e+00
2.192047703407297821e+00
1.141883326923128994e+00
9.032930752536233454e-01
8.821899468843199532e-01
1.053198840095927180e-01
1.167999005348658859e+00
1.525986741450146233e+00
1.338088168711422110e-01
1.726602079137288026e+00
1.270473012198115148e+00
6.883211315202548697e-01
6.886199046864657780e-02
1.445628495587263362e-01
1.172029444271863508e+00
1.260486317862173244e+00
1.903834895238236236e+00
1.796213594106847555e+00
1.396765197338087905e+00
7.427178121198779737e-01
2.538343328247548158e-01
1.281562722709651325e+00
1.091113882538393698e+00
1.713788329428189705e-01
9.088209688475692438e-01
9.099911157789337957e-02
7.883256461539526194e-01
5.669985342786568183e-02
8.959634056630203514e-01
9.700083017038932942e-01
1.160716696282936056e+00
1.053477979389431107e+00
2.020393916258667932e+00
1.576101431429154598e+00
1.893290688145666811e+00
1.789622418411435767e+00
2.538707206755574930e+00
3.164079557394194886e+00
3.403513868841216095e+00
3.277155444498979886e+00
3.204725216133752053e+00
3.704354920706737886e+00
4.135770113245370361e+00
4.015652931914479140e+00
2.604112867210503168e+00
5.823528880341419800e-01
8.110829404604185111e-01
7.965700185023110169e-01
2.320093006598088259e+00
2.657767077130732680e+00
2.346993440152575161e+00
1.418661536783630606e+00
2.160681074578223004e+00
1.119227214021604189e+00
1.606264561282555181e-01
1.346346130158232679e+00
2.186284419253234912e+00
2.066317353319460537e+00
2.149192253317551149e+00
2.218322320673865811e+00
1.519573916007602277e+00
1.680356170826131423e+00
1.870782865633886738e+00
2.321456474933689229e+00
2.513106678215401679e+00
1.935047098367701723e+00
1.308694351384905419e+00
1.419066740627466849e+00
1.594709876367179868e+00
6.663767871992365421e-01
4.125238532783403467e-01
1.105302872192639230e+00
7.441081995647915726e-01
2.008913868066715402e-02
4.518776735096051156e-01
1.895383580005990110e-01
1.976754285642349007e+00
1.626845688981418014e+00
1.845907063389297553e+00
2.119713508197483165e+00
1.864554741876439881e+00
1.211795296217416551e+00
7.377732098254797810e-01
7.496558106644063413e-01
2.000806075102998349e+00
1.870958919654238661e+00
1.885043947819864396e+00
1.532042097793132829e+00
6.488775327263794912e-01
6.812121782530593528e-01
2.033630634078606114e+00
2.202827657700399122e+00
2.105565808654046744e+00
2.143481725980639574e+00
2.144068607515204228e+00
1.886418703578650380e+00
1.782890192533350016e+00
2.054376595242457526e+00
1.999245929814527312e+00
2.152038102596943947e+00
2.242303271803961273e+00
2.139481432118834014e+00
1.946598022140934248e+00
1.419005463337480011e+00
2.020930732781470507e+00
1.492021264168451822e+00
1.155095153822220055e+00
1.297258680784659779e+00
1.293777976990911238e+00
1.035069036377175511e+00
1.059366052186283991e+00
1.906474866358995879e+00
2.035527376165327862e+00
1.875607526494210031e+00
1.908798791561143737e+00
2.012623778690040055e+00
5.675571702597345114e-01
1.432562308531783568e+00
1.790378650041895003e+00
1.092126448076383927e+00
1.675333874860176486e+00
3.664301870353036117e-01
2.836043851146567985e-01
-7.446567147424110189e-02
1.399519040637097422e+00
2.035987381786985573e+00
1.939631532101806499e+00
2.013672419319632922e+00
1.722358153160333361e+00
1.691767899738120473e+00
1.421846289087322468e+00
1.280860242901028734e+00
4.732900267914017522e-01
1.617812960443480552e+00
1.787215989773735192e+00
1.781068639405241516e+00
1.718259713293955215e+00
9.568313457583895731e-01
7.469719819642050007e-01
1.376925461587467980e+00
1.683230280875646523e+00
1.855767366867349111e+00
1.736462242110654364e+00
2.197296491613633940e+00
1.446741215835461780e+00
1.025995940060169698e+00
2.322686538545399415e+00
2.352868150641073797e+00
2.732692184030539373e+00
2.585752292542814246e+00
2.347614664380690552e+00
2.079663838376613061e+00
1.429465984097457509e+00
2.776588470482873383e+00
2.804521587174131803e+00
2.700872371479614120e+00
2.915591230532138312e+00
2.904011359068173093e+00
1.639824878925531859e+00
1.423057930878678157e+00
2.418422158454384352e+00
2.848294545147248336e+00
2.624067102171763644e+00
1.995557723603853306e+00
2.361774907840949567e+00
1.432175110827598186e+00
3.492366361814154274e-01
3.075005181367204798e+00
3.295626964822583105e+00
3.056935769197491659e+00
3.278394687053873824e+00
2.759044600938953984e+00
1.189146249529445809e+00
1.342248845332044915e+00
3.116182988458577441e+00
3.540732029701711525e+00
2.595812256588470923e+00
3.510340411615138656e+00
3.305564334445784347e+00
2.885860815475244756e+00
1.843229651976181716e+00
2.696662115647144642e+00
2.649285919913905385e+00
3.787721627901055488e+00
4.389111393907912273e+00
4.095334196937675308e+00
3.436244720865666125e+00
2.650826009116308946e+00
3.801236477281385362e+00
3.179399411395018138e+00
2.989648838934624742e+00
3.714282401495892394e+00
3.557044583922108760e+00
2.235379282365805853e+00
1.433207528536284636e+00
3.089712348750709214e+00
3.002902036072110370e+00
2.939818698544709896e+00
3.160298968090186733e+00
3.990477045086633368e+00
3.297994641408064975e+00
2.455075619987177049e+00
3.985718248925519624e+00
4.457316646325947929e+00
5.167692108886457802e+00
5.253949792676598562e+00
4.917477546529354981e+00
4.321652581832204021e+00
2.420844289021720108e+00
5.360075810849282973e+00
5.617318942053282527e+00
5.834759502339658788e+00
5.487689381919057752e+00
6.531365219042848835e+00
5.854825343252050729e+00
2.670020971570594259e+00
5.702105739764698811e+00
6.145748467140444760e+00
5.617388611135142540e+00
5.263717373780226971e+00
3.595399143150633581e+00
1.877126431619888125e+00
1.432599006346877424e+00
2.478252694606541517e+00
3.052343653352144415e+00
4.061126683453269770e+00
4.204554016631945501e+00
2.712821622424082424e+00
3.793115765329226896e+00
3.470425705765263658e+00
3.738960450237486910e+00
3.423483922864511531e+00
3.726420980874906697e+00
3.183696209503370511e+00
1.145556462369677231e+00
5.304683668428973320e-01
6.390937033432073644e-01
9.755792700645546933e-01
2.924519409400469616e+00
3.242570840136899779e+00
3.412105243310887381e+00
3.367447560995189271e+00
3.336327980818571071e+00
2.429971617061737366e+00
1.414660194892585210e+00
1.850349892638833094e+00
2.827415564032428108e+00
3.530200757357615515e+00
2.902945073330625014e+00
5.487452102900560735e-01
6.576875438890912307e-01
9.832584163134923116e-01
1.879702495392043815e+00
6.447810391080105452e-01
3.943973608416797769e-03
1.237013446334287226e+00
1.005695895988373723e+00
1.187357196300774076e+00
8.366946392519599707e-01
1.905795332370842310e+00
2.271854464546182228e+00
2.111599438447153254e+00
2.306685338812763497e+00
1.483254468968756346e+00
5.695794116131187579e-01
1.079598994678437229e+00
1.558695501624761670e+00
1.374163025377309388e+00
8.810442772295647984e-01
1.270492209987313936e+00
1.333152000024811823e+00
9.189812096080474113e-01
4.138296546020470146e-01
6.108028446231286157e-01
9.921102631380032122e-01
1.075462403918871157e+00
9.559242998130769164e-01
9.337639410788579619e-01
1.050025493990563996e+00
1.260974989311269390e+00
5.914776294974108950e-01
2.129534059443469463e-01
5.911557360845478559e-01
1.059425599469257628e+00
1.293983237470815340e+00
4.857737210874700784e-01
4.167770362533251144e-03
7.678099833533151841e-01
7.516931900166466951e-01
1.107634106639528326e+00
7.735878177387107701e-01
1.414734698250776912e+00
1.392169145662809360e+00
1.134426568675466429e+00
1.306609354649252097e+00
8.094375870718648613e-01
1.445213798316870024e-01
1.320751091154485302e+00
1.562495368488133529e+00
1.910633296467336484e+00
1.636242001252224298e+00
1.038359891224447162e+00
1.369772023735032818e+00
1.363229107838197507e+00
1.772362072015630341e+00
2.152460570621304470e+00
1.224016178817699529e+00
1.387598183325484458e+00
2.566126935702876199e+00
2.920504179245049237e+00
3.056364010968553924e+00
3.188831376658098904e+00
2.512387407989622012e+00
2.287501138642735299e+00
2.003802080405261421e+00
3.055770875202368231e+00
2.382666770927138522e+00
3.000584031599411450e+00
3.321588199626142490e+00
3.144929052761762378e+00
2.990446651656100130e+00
2.976516827888699535e+00
3.098446759492256675e+00
3.035342999305733702e+00
3.032902031885156280e+00
3.063297919237128575e+00
2.586760717589085878e+00
1.842432695655123798e+00
1.008823052465058767e+00
9.385562269411232839e-01
1.898192632199295682e+00
1.498167067887531179e+00
1.554196421336957901e+00
5.747294038038774922e-01
9.709570510413539912e-01
2.378325413837991398e-01
8.415109069342482928e-02
5.863694972638716640e-02
-1.926493704866584153e-02
1.819131170637168851e-02
-2.083820070564410681e-02
