8.389852078969649574e-01
8.548009908704698456e-02
1.214393497091047935e+00
5.147782761097799975e-01
3.581269368900150685e-01
1.160244436209614927e+00
8.138077764982871720e-01
2.347802944089291965e-01
1.351029165587903869e+00
6.961485774917873792e-01
6.355166588936903560e-01
6.244153094225690648e-01
3.203470415689216311e-01
1.053032536654769480e+00
1.421094025002048733e-01
-1.947166171121316181e-01
1.981005680893128451e+00
3.742227816497897264e-01
4.181927349017993678e-01
8.206215340501069599e-01
6.675060619137722639e-01
6.488780266067606384e-01
7.352798978180900835e-02
9.185515936447353758e-01
1.277177520206429495e+00
3.972863013823109690e-01
-1.983474010403172560e-01
1.317443511292432756e+00
1.524528017180609328e-08
1.339495774467620803e+00
1.055892242124316649e+00
3.162451208674680880e-01
2.170396417912442644e+00
3.020828615989268329e-01
3.391583399640061280e-01
5.325888304789010430e-01
5.801544151688605711e-01
1.573112509058877784e+00
5.654768956996946150e-01
1.011416379696986834e+00
1.182709076950678867e-01
5.343679575866711051e-01
1.448019898837953068e-01
3.045959608750087866e-01
1.265861095719977181e+00
8.552129438891944435e-01
4.776683152814112931e-01
1.104828714674659151e+00
7.770455345993810825e-01
1.011394178789721154e+00
-1.064678215590618010e-01
9.100344673454822120e-01
8.164658128473534227e-01
1.214034180365447524e+00
2.962019927112828355e-01
5.849241051825561089e-01
8.997999531697971065e-01
9.823038794546824493e-01
1.284011182132181794e+00
1.355540413826384238e+00
8.570808671343701501e-01
6.373119076027139451e-01
2.813024250711334551e-01
3.053450838839818493e-01
7.877087560640523289e-01
1.163579915622641181e+00
2.931372458925870728e+00
1.755602825955769886e+00
1.167140475511411424e+00
1.493311006043347877e+00
1.144643774539057191e+00
1.300261530252000419e+00
1.508015455806318128e+00
6.966413505525802519e-01
4.371624698741358728e-01
1.415811744626853663e+00
3.896041574493032122e-01
1.198289046828111326e+00
1.153388711334325745e+00
1.812952025199273454e+00
8.506407688586872240e-01
1.145503634790824288e+00
8.652900430814198796e-01
9.432831356494294495e-01
1.409281355048027207e+00
1.117641726319448692e+00
1.269366660747834663e+00
5.536110573431577420e-01
2.279778394492911198e-01
4.842286340535102984e-01
7.666538056735454632e-01
8.037375302415125100e-01
5.562627208359678388e-01
3.900186258759429925e-01
2.215789075408062470e+00
7.564796277522037871e-01
6.057117534916741514e-02
2.197622972936819963e+00
8.439533650437094359e-01
2.138841098678375907e+00
9.752435724438536235e-01
9.397520160315905313e-01
9.509588675724049978e-01
4.064833915565375100e-01
1.534714186079009779e-01
1.189425060591454475e+00
1.649278477430550005e+00
1.484931944097887868e+00
5.301370241230226599e-01
4.587264672580790847e-01
2.860780721809804694e-01
8.974165001828802168e-01
1.397120344789949398e+00
1.478111442266768716e+00
4.849681147570891193e-01
3.963338567560748538e-01
2.789760405746899430e-01
4.499399112919228449e-01
3.428911590493368133e-01
3.421481306683429313e-01
5.290105447527819749e-01
3.603045976511737858e-01
4.140276825811708417e-01
4.396948161682716072e-01
1.362133246547041210e-01
2.631612227105404322e-01
1.932274118501514648e-01
1.137586665437369193e+00
4.909686518161185398e-01
1.307607422356998228e+00
1.701125574538626228e+00
1.398718523794485469e+00
1.739307812461238667e+00
1.745258385652066924e+00
1.598116536703295676e+00
6.788991388966207907e-01
6.320151812252000623e-01
6.343368754320261038e-01
5.248473047430353144e-01
1.184356087793771439e-01
1.954025088296110768e+00
7.900637774597986107e-01
2.576950247494596558e-01
1.134713564075371162e+00
3.636879067953130429e-01
1.467448536839027318e+00
9.944231429479818418e-01
1.473985773584626457e+00
6.014512172921538946e-01
4.514721105905222243e-01
3.673840689486619904e-01
4.046390039829436125e-01
3.926296037112906312e-01
4.232573636361719460e-01
5.618037785788808636e-01
3.257008303679619909e-01
1.862156776637801991e+00
4.571762680536974321e-01
1.206420617527574624e-01
1.236282899188562989e-01
2.991594074998229491e-01
1.501249477835428836e+00
1.795975068537525310e+00
1.009329921101713712e+00
8.421835882858862421e-01
9.200212810608672243e-01
1.204525981022386283e+00
1.373027014144546198e+00
2.017331315340687325e+00
1.827891794705883255e+00
1.643885892154792305e+00
1.889559622259860738e+00
1.795612473569196288e+00
1.260118025351997684e+00
9.992161381694569799e-01
8.868150162582341123e-01
1.995072418970109895e+00
1.095215352037929746e+00
1.538157412541029778e+00
7.814561234163226455e-01
1.166253467939411648e+00
3.385094443935470210e-01
2.277048401270359346e+00
2.301675631137047429e+00
2.007348275582921726e+00
1.110785729971642821e+00
1.756722380643914949e+00
5.262988604708331852e-01
2.576846532321232619e+00
5.343680476135537205e-01
3.220220130436000527e+00
1.086445450067075935e+00
1.598553547799012264e+00
1.909068490879916924e+00
1.107226568270867073e+00
1.877302983517918022e+00
3.078304205440525187e+00
3.116723670497443255e+00
3.033927261663570629e+00
1.457848924312751704e+00
2.684639681964779978e+00
1.379734608396439910e+00
1.414397014198503166e+00
1.313479550055641099e+00
3.145264545243948273e+00
1.506266055600071319e+00
2.391810977747172107e+00
1.377098977805891300e+00
9.010971514162467999e-01
5.924523894343678432e-01
1.296068618727089117e+00
1.667860809866405836e+00
1.034059931395790333e+00
2.380956488174392760e+00
2.715983109530088146e+00
1.307874403456540380e+00
9.658861631087189981e-01
1.883859593400822652e+00
2.878672784721503675e+00
1.655659766960385415e+00
1.541125616983643809e+00
1.230074630409297987e+00
1.692013662259705287e+00
1.112755624971548229e+00
1.859210867753640528e+00
2.901442137650895425e+00
3.945005701639149875e-01
1.336162628240173289e+00
8.140245118108599964e-01
1.811938157402710192e-01
4.165429063102825402e-02
8.636740594457800180e-01
4.141516665325367441e+00
2.650606443623394481e-01
1.263631080468390122e+00
1.135175873922112499e+00
1.361798062728678760e+00
4.510113343421111032e-01
7.190416705991402591e-01
5.224822848724521407e+00
2.389625922563727300e+00
1.278037590568076531e+00
1.264838579093754189e+00
1.140961473084129096e+00
2.168063010645488120e+00
3.566715291177379843e+00
3.627102254926556579e+00
4.573719674648796030e+00
3.848927907779262192e+00
1.524700176279065733e+00
4.525445636948002837e-01
2.071637045477474626e+00
3.197298039812118686e-01
1.017640423971253316e+00
1.389734971320473633e+00
1.590673922591358869e+00
1.507493199137510231e+00
1.793055384658290841e+00
4.241706370896504374e+00
9.290218213234675559e-01
1.261085100130197256e+00
4.216614373805313676e+00
2.018105570467273235e+00
2.141164076960877072e+00
2.188721937077446444e+00
9.471514049510185718e-01
3.210183551014704206e-01
1.144122638436565476e+00
3.041245827446756422e+00
1.983757039405343869e+00
2.079954576567994540e+00
2.220729305068196435e+00
1.483147045654463980e+00
8.792115962955056041e-01
1.956611243140855549e+00
3.560336839893184280e+00
3.353611409066726168e+00
2.074957277460644178e+00
3.700855407089966409e+00
2.090177314570107914e+00
1.679834472798472422e+00
1.070624110965099129e+00
2.017602853178021238e+00
2.320183539211352119e+00
2.582633472384959550e+00
6.857401685426934845e-01
9.352915859353545525e-01
2.488423112126050829e-01
1.383715402223959945e+00
1.388011579619400582e+00
9.781601997703541773e-01
8.657785324906424052e-01
8.306694878415267214e-01
4.509009284100447545e-01
2.185235433205727495e-01
1.386850859736535879e-01
8.953889728870667586e-01
1.004064046816126599e+00
4.425972618751797816e-01
4.180826735292814123e-01
1.755115243578206641e-01
2.154326139432215237e-01
3.473374941101579072e-01
1.928297672603161428e-01
5.253549878358854119e-01
1.147802372547299887e+00
6.029496522602098008e-01
1.025884360767117309e+00
2.647710408653732903e-08
1.328891818513326661e-01
1.350048203460370910e+00
4.500334803050816679e-01
9.185647217784865814e-01
6.521065265190225668e-01
9.814612362789082445e-01
5.823873989077500424e-01
1.593542611679025778e-01
8.376510360867600591e-01
6.585872842191987653e-01
1.221694900204591816e+00
1.442277369470494230e+00
5.151208949837151607e-01
8.725011014721736347e-01
4.520812298183594646e-01
1.263162567100692080e+00
1.471012954922657823e+00
7.434858380441136116e-01
1.419933643881383434e+00
1.196416592249901489e+00
4.333533635493698188e-01
4.518439070886391407e-01
2.190073458605851897e+00
1.767686780258672874e+00
1.484485821852216558e+00
1.163267077692438756e+00
5.440799479935845007e-01
3.692696211896929204e-01
5.429039564519148042e-01
1.949649400648920894e+00
1.089253876128589260e+00
1.276474959140879495e+00
1.238779460893072670e+00
1.028996069490658805e+00
6.553097945915743461e-01
7.135391205603675013e-01
1.971050374704323316e+00
2.356112906000000784e+00
2.023025516068905016e+00
1.396283038232672968e+00
1.558491478844004297e+00
1.113818116837969469e-01
9.560872236980233474e-02
1.255618361078250755e+00
1.144099802407217981e+00
2.115006421744721754e-01
4.890830945108722849e-01
4.048002249616923232e-01
8.820298053541372196e-01
1.166224738993516391e-01
3.267193556786142650e-01
1.355288562252462858e+00
6.640954605866200566e-01
4.127495528851721218e-01
2.211693996759167558e-01
2.204248089695401772e-02
