5.206531230451754144e-01
9.763489368728867079e-01
2.328072074678995684e-01
5.522223034803358521e-01
1.690434308299713306e+00
4.321202336190301807e-01
2.510427342787525588e-09
9.709986415874444221e-01
1.017233384448279043e+00
3.690711204654488209e-01
1.150975355550758472e+00
9.569059528628232059e-01
8.363461022096930764e-01
1.429639530188682103e-02
1.981151339781728193e-01
8.721784053291837813e-01
5.952904795694342610e-01
1.863521319848194802e-01
6.112056382894780482e-01
3.608531785137848447e-01
5.648810371192098713e-08
4.584147733142933112e-01
6.323857763465634552e-01
5.485450972616312537e-01
2.833594149433515397e-01
2.827197192141066573e-01
3.724920057069095458e-01
2.437156213481846571e-07
1.678772884139846655e-02
8.247943810020377242e-01
4.548878635001517012e-01
2.644663219086398898e-01
7.886453831670746650e-01
-6.311810878316072293e-02
3.640393547830961252e-01
2.908481227034795946e-01
2.997492960014513375e-01
7.257483497877066370e-01
3.314975075676441785e-01
3.169010445012397370e-01
2.866193262680242215e-01
3.459971879992824739e-01
1.418321674513832731e-01
3.929589668301506356e-01
5.060810305853522539e-01
3.084485165423797581e-01
2.888243192230596224e-01
3.556299927214829348e-01
7.200142036776346899e-01
3.119027481978492999e-01
8.299315040469587013e-01
1.029701015239008033e+00
1.893335973864719579e-01
1.460656658524609464e-01
9.492472259031504989e-02
4.201487001663853915e-01
6.157829353302816111e-01
4.041300505161053991e-01
5.125420586378198751e-01
4.459057172043938699e-01
3.550677045765843198e-01
2.735402394641989754e-01
2.439881216695947985e-01
2.284394103551660726e-01
3.936587162842751786e-01
4.185644432622006583e-01
2.890362439193304156e-01
1.313231020005179439e-01
1.402154596007581799e-01
4.714934158842626899e-01
2.389184829970269763e-01
1.122501048209717300e+00
1.401635298569814170e+00
7.326083488343840822e-01
2.890582356529162178e-01
6.653746429623053071e-01
4.483345951691894982e-01
2.625688382113282593e-01
2.953223026586861977e-01
3.210164197609805675e-02
9.326623560088406206e-01
1.009276960833838999e+00
1.062341162115664428e+00
6.260335139757901013e-01
5.663228591788233013e-01
7.179180172698168549e-01
7.238183862718271522e-01
3.491153296537741757e-01
9.359613357690964586e-01
5.529623707922793896e-01
3.295507541864864942e-01
8.813113757084515276e-01
7.423750694431366925e-01
5.620578777609701593e-01
6.248443099109185495e-01
2.252514715231018483e-01
2.442110154728211746e-01
1.170545178157796629e-01
4.939278626922513626e-01
5.075044788728072520e-01
2.288166402537285649e+00
3.909955042249554924e-01
6.196384302370719910e-01
2.993674169261559270e-01
2.385111530097782928e-01
1.631655306668389760e-01
4.475705862123168233e-01
3.694108524050702669e-01
1.162332779309656727e+00
4.294645219097402156e-01
1.256076307132346637e+00
9.726660517797307559e-01
9.868942912534356404e-01
4.728530908447896586e-01
5.942403859496590002e-01
4.167281151518870685e-01
4.177729174746950824e-01
1.332075807308035764e-01
2.696984060518563542e-01
1.128385942633219896e+00
4.035654407676669275e-01
4.587809910184484363e-01
5.033511727117470080e-01
4.161012931161875983e-01
3.041435775319655255e-01
3.321127804696194508e-01
8.875890838248389203e-01
3.332744795533416626e-01
3.957057940722970013e-01
2.855720328724443702e-01
2.815593456546499618e-01
3.772006222370575257e-01
9.375999844484339540e-01
1.094163300974149822e+00
2.860677117589465746e-01
8.291410540839107002e-01
1.130286026390961984e+00
6.066861937885039691e-01
3.798781703685558120e-01
7.484477781954851361e-01
1.099547830830954975e+00
6.812352772007536084e-01
8.709486909849467606e-01
7.021859233102817344e-01
8.397538358672941294e-01
1.017846513774770534e+00
1.032485154976268582e+00
1.855254011387950319e+00
1.736290653730258482e+00
6.635041744421937837e-01
1.044901056831363917e+00
9.097200558745547339e-01
5.357941947822323359e-01
8.581987425984506368e-01
1.163969189294379758e+00
5.767503519075770635e-01
6.011940654841434473e-01
4.759183530516301053e-01
2.276348184339331560e-01
2.332653675890152545e-01
8.790714939435080311e-01
1.223324270308753015e+00
5.738831954212492148e-01
5.609674582499114548e-01
5.894064798788674064e-01
4.945609636157127786e-01
3.872040053877087717e-01
7.935943039962989332e-01
8.456627791113396908e-01
7.500210505386958326e-01
4.547447081843745686e-01
6.221584590160282868e-01
2.437809326474771610e-01
4.106552060461309273e-01
1.203597104367789328e+00
1.378874401607872002e+00
5.443293204946519914e-01
4.948507633640121250e-01
5.218613448883943073e-01
3.732580105938076986e-01
1.848811631174862857e-01
7.616644194317679917e-01
4.703982296109390226e+00
1.813556895090647103e+00
1.635339416604516760e+00
1.180872534258176509e+00
8.272729355429898623e-01
6.225546116046768441e-01
8.636256976280789477e-01
6.873530929527175148e-01
8.402533600505825984e-01
8.538101763463390448e-01
1.054033461810981231e+00
5.179552810828547127e-01
3.453080123795800871e-01
7.735768406112421003e-01
1.538687083438248671e+00
1.093404749697537648e+00
6.399055397670835310e-01
3.795269521380227884e-01
4.151273041264741392e-01
1.939562673568135664e-01
7.052951525930947207e-01
9.235033976844360115e-01
4.490754951991720589e-01
3.655377456526356372e-01
3.373430437300015128e-01
1.497368091423076641e-01
3.462209443947171228e-01
5.741322069942301765e-01
1.221767640134018285e+00
5.927194768363728272e-01
4.863674343797477206e-01
5.516939664089138828e-01
1.067319393270007133e+00
4.662113307207785828e-01
3.714914480900018412e-01
5.512490121770881046e-01
5.586293189896509581e-01
1.083833535304112639e+00
6.844871926023183839e-01
1.222979518134892807e+00
8.645902099924200890e-01
7.904414628911370366e-01
1.027762399624254863e+00
7.618523761210773682e-01
8.919558810616896594e-01
4.689125294489464579e-01
3.376251823365206683e-01
4.051687022787675563e-01
9.690830492599508128e-01
9.958234958774478951e-01
8.444818804755536146e-01
7.264063627748357233e-01
1.452217671663063481e+00
1.077352602539118021e+00
3.876762451469369375e-01
4.821256006193518906e-01
1.581792456919046408e-01
5.725873478591333443e-01
4.516239035112022404e-01
4.998552894806755909e-01
4.030774241596064567e-01
3.497384830022585156e-01
3.720233596112835772e-01
1.008711207992098791e+00
8.444247931652315575e-01
6.119333181414318146e-01
7.320247578969507618e-01
6.162035149219912133e-01
1.008127198574695793e+00
1.048860287405594782e+00
1.222709927732060553e+00
2.881240737142978681e+00
1.274208280855554154e+00
3.377256517207785635e-01
1.097366205148620821e+00
7.336477521929074541e-01
8.214334695943458220e-01
1.011316823969020895e+00
8.914914653134295985e-01
1.857369801752465355e+00
2.269247181872344754e+00
1.377003314701957137e+00
5.721815512761164735e-01
5.130417204614338145e-01
1.280812943001341075e+00
2.666854214932555589e+00
1.373102155864431628e+00
1.193187343314339177e+00
1.085945680106233269e+00
4.147447996903899647e-01
9.913188018351349884e-01
1.067944360059525977e+00
9.913767504593428148e-01
4.579000483697588386e-01
1.497591568266756878e+00
1.009174425711536482e+00
9.374174198962262894e-01
1.436256233500411206e+00
4.936897293938440345e-01
8.762682036507363215e-01
5.750563034662663497e-01
2.057182972098251739e+00
7.492264212808792401e-01
4.886171583539989927e-01
1.072192456169388075e+00
1.188836499922211853e+00
8.234108858222204397e-01
5.424549125056379317e-01
4.677857154194562384e-01
1.059500860742167427e+00
5.700918138548590752e-01
8.676074538833733474e-01
8.476558898941034537e-01
6.340408415572085232e-01
3.050188296359330753e-01
4.068170212991997214e-01
3.565883862854682396e-01
2.709390991509114111e-01
3.225322741132509163e-01
5.557178029841250977e-01
1.355214533936656141e+00
7.074189712033884803e-01
3.348292302404416720e-02
6.730358851692126443e-01
7.479124356333428647e-01
6.652135754652784005e-02
5.629610539977962791e-01
1.258655468175327252e+00
4.749666986661501555e-01
4.178007356694855567e-01
3.232709359270716787e-01
6.033721658699993107e-01
1.741794337435429996e-01
2.403381236094977447e-01
2.957206405699874252e-01
1.054716089003154389e+00
3.441656983495838817e-01
4.963639557711042039e-01
2.547755146798407755e-01
2.091884949564320294e-10
7.808427050809348957e-01
5.648662331633222955e-01
2.162168470477618398e-01
2.269012603221619850e-01
5.892822202622761685e-01
8.114924037793780354e-01
3.230369563806391731e-01
1.921618997555345487e-01
2.788488465505963854e-01
8.347116048412371869e-01
1.088608831143952127e+00
9.855247917304768013e-01
8.266831312952614974e-01
1.354600088663527879e-01
1.129553673363158234e-01
1.708165460439241834e-01
3.279799251615743705e-01
4.646305199166961830e-01
2.207702728117751645e-01
1.367558827250155706e-01
3.936920127575709450e-10
6.118359633601536673e-01
9.561842285715191903e-01
2.449549168222790452e-01
1.518361519333847609e-01
2.931131698203825464e-01
1.706846304374236012e-01
1.358099187739808804e-09
3.272247727381567550e-01
3.876039903993837576e-01
2.724249290227993558e-01
2.881459421580362945e-01
3.234862761512878326e-01
4.234259578121525314e-01
5.866537669597959859e-01
-2.171074650627823413e-02
2.837443008043564752e-01
4.684182193703288477e-01
1.458304090950093279e-01
3.258488910251076676e-01
2.130407547186931594e-01
6.201248343242693473e-01
6.683585193929916790e-02
