8.389851846357579968e-01
1.661718254536941608e-01
1.275111137262202154e+00
5.124317636734976311e-01
3.000342887713208229e-01
1.160244478982312533e+00
8.138078293968040722e-01
2.557422803600573058e-01
1.351029177988700924e+00
6.961485890557337353e-01
6.355166094982588332e-01
6.244154656274065740e-01
4.607658224532145685e-01
1.053032608665935399e+00
1.421094259205998578e-01
-2.582028817646791485e-01
1.981005866683979377e+00
3.742228621393670629e-01
4.181926910161427591e-01
8.591450430513493108e-01
6.694916661592081875e-01
6.488780388575600133e-01
7.352797096582615322e-02
9.185518715762739372e-01
1.277177475736528178e+00
3.972863030261334916e-01
-2.825978683734621799e-01
1.317443661742381700e+00
4.979678806697142301e-02
1.332170362176581691e+00
1.055892257945048263e+00
2.427241351896625154e-01
2.170396424632700771e+00
3.059542320567820162e-01
3.321602894555387153e-01
6.949336649596237203e-01
5.575789722271361493e-01
1.910196417436449412e+00
5.275169662373784263e-01
1.011416379753896644e+00
1.493084389598368922e-01
5.422903389256258366e-01
4.560001823007257989e-03
3.045959362851255459e-01
1.220741309796391727e+00
8.552129931099342608e-01
4.195834652660049291e-01
1.167155294573650304e+00
8.551406033572901411e-01
9.987247627419202356e-01
-1.919742841393944910e-01
9.035707867284745731e-01
8.164658645118467728e-01
1.218662674525282874e+00
2.187304020983055208e-01
5.830399452188856912e-01
9.114809938548524837e-01
9.823038837288955438e-01
1.385922192359722915e+00
1.364780835060118269e+00
8.415798059802905851e-01
5.549144871223945508e-01
2.928615835186769711e-01
5.388338233926533855e-02
6.944598195313668176e-01
1.295247334394162619e+00
3.152080179253109460e+00
1.627218433259196351e+00
1.000107516086198522e+00
1.493311013572317325e+00
1.144423200437068688e+00
1.042362582730955944e+00
1.611772105236073838e+00
6.245549971296551206e-01
5.355679945162747924e-01
1.415811642539802184e+00
3.845997108320806657e-01
1.223947941739720546e+00
1.153693726412610809e+00
1.809212313803482797e+00
8.506407715125966496e-01
1.083864461761351539e+00
8.473320333557626816e-01
9.449815863903499036e-01
1.246347453842035824e+00
1.117641744560426975e+00
1.342994344302538279e+00
5.441091767013557234e-01
2.279778954353472720e-01
4.878930803128226357e-01
7.475950571275007395e-01
9.029250136295305929e-01
5.708475532723961132e-01
3.900186148447863377e-01
2.154209742233383462e+00
8.224632804743728931e-01
6.057117464709414756e-02
2.209217996105647952e+00
7.668418581129062828e-01
2.077598876000859018e+00
9.752435841710550557e-01
9.444919785247459787e-01
9.967776743646286075e-01
4.128555705636324236e-01
1.084543446885120888e-01
1.189425060379995847e+00
1.649278007071980801e+00
1.484932016538687449e+00
5.301370281794183237e-01
4.433501989297171098e-01
2.902891744379410000e-01
9.031689326988678879e-01
1.397120345236499528e+00
1.478111471237985919e+00
4.787370950834145544e-01
3.831791166801465365e-01
3.098941034299829700e-01
4.499399134510709275e-01
3.438677859126419434e-01
3.421480430595058020e-01
5.290102986042447553e-01
3.881357529157605235e-01
4.057227147352153729e-01
4.574506997951495735e-01
1.289101105136802317e-01
2.359868282140756279e-01
1.932273740975677945e-01
1.137586619195493753e+00
4.789190443291641008e-01
1.302147676173621704e+00
1.673802976052240599e+00
1.507727778757206538e+00
1.745002971201831343e+00
1.745258388506295111e+00
1.598116550239382150e+00
6.900705179739281547e-01
6.193040556566994370e-01
6.415671442829462556e-01
5.248835035310374098e-01
9.813136279418961661e-02
1.954025158169111931e+00
7.900637071738747519e-01
2.737776637355203713e-01
1.151299282942780833e+00
3.488061728482660384e-01
1.467448544322687454e+00
9.822352321060414670e-01
1.470979009059768305e+00
5.161449100701477333e-01
4.203412160544333087e-01
3.727363893158276431e-01
4.046385775357151382e-01
3.926295888228800712e-01
4.232577745969191563e-01
5.618038069811606139e-01
3.257007894448178398e-01
1.803304009116156736e+00
4.673146101992835533e-01
1.152032974700773482e-01
1.837030982913293309e-01
3.058930404900245259e-01
1.501249536818657582e+00
1.795975109076865639e+00
1.082151097857902755e+00
8.758712585991433874e-01
9.392768376289608590e-01
1.206301442670752122e+00
1.373027010749773513e+00
2.017331335925774294e+00
1.827891028027774256e+00
1.669802374208083195e+00
1.913065804844625628e+00
1.832615751486492695e+00
1.318654419254607468e+00
1.015655630375170926e+00
8.868150225259739949e-01
1.995072611730938972e+00
1.154252208057124474e+00
1.591924988052684009e+00
7.716029972885405375e-01
1.144416470329824076e+00
3.306957896685630005e-01
2.277048444403426242e+00
2.301675879729649932e+00
2.007348294736542638e+00
1.112184910803885929e+00
1.756722384928684155e+00
4.987915958503705283e-01
2.613243571738640636e+00
5.343680340175036569e-01
3.220220131752479897e+00
1.107738312716963769e+00
1.598554161080995684e+00
1.909068426008910579e+00
1.107226539884894834e+00
1.954797316760606973e+00
3.078303747815526403e+00
3.116723688471104481e+00
3.025432770840275065e+00
1.512293732332230300e+00
2.702250450050250219e+00
1.379734668392439412e+00
1.309802326571758879e+00
1.313479561606403889e+00
3.145264548989135545e+00
1.606613850750932659e+00
2.408673434658242574e+00
1.401132941304675583e+00
9.025292596429769221e-01
5.669288704828805425e-01
1.296068220205009780e+00
1.667860828923574568e+00
1.006355930386721331e+00
2.380956161876093269e+00
2.830797146765044570e+00
1.291304700464289024e+00
1.031633411469675465e+00
1.883859644075875250e+00
2.878672796251990018e+00
1.679947865310860600e+00
1.541125621560333947e+00
1.230074628761608890e+00
1.723934899134730525e+00
1.112755592545205507e+00
1.657579405782278359e+00
2.901442317122415293e+00
3.945002050255580484e-01
1.282605149640003717e+00
8.140244568463134156e-01
1.811914551969188991e-01
4.026172024709531033e-02
8.636738959912495517e-01
4.141516805949283508e+00
1.699538574365307697e-01
1.263631066391882607e+00
1.156453791503520456e+00
1.363472601355120828e+00
3.782542478407679432e-01
6.953695191268199904e-01
5.224822853618381835e+00
2.389626042630429659e+00
1.368897861847151676e+00
1.283495814168853721e+00
1.046214550530984555e+00
2.231644017864101492e+00
3.592698772309453226e+00
3.627102405262808471e+00
4.573719808672279008e+00
3.880359649526240684e+00
1.524700241043858373e+00
4.525445617393917264e-01
2.080321580203480014e+00
3.079455268178839522e-01
1.017640512281730913e+00
1.395420278646379186e+00
1.731833073009028778e+00
1.489174752811021518e+00
1.812460238763537790e+00
4.352380636698732097e+00
9.021070227674262698e-01
1.356098110280953284e+00
4.292084593821926752e+00
2.032208235559593401e+00
2.267691434022701458e+00
2.233656954571334285e+00
9.411776231020628769e-01
3.231245662575366606e-01
1.031904932021115773e+00
3.115128793316901845e+00
2.150533945175283623e+00
2.208932683954248244e+00
2.220729280862336452e+00
1.491387097291867025e+00
8.889259785109826506e-01
1.956611224118336878e+00
3.890143554317581298e+00
3.393609818205010953e+00
2.051878456168966469e+00
3.700855447600695403e+00
2.090177307257442330e+00
1.668372647229516170e+00
1.119433236240117369e+00
2.056008178864847213e+00
2.320183550678767137e+00
2.598002677601254806e+00
6.857401326622293292e-01
9.274854254385659358e-01
2.397541177284581437e-01
1.367200460257641526e+00
1.390362461099336366e+00
1.069864279237018767e+00
1.019928793526032385e+00
8.393368081393293156e-01
4.509011735468707038e-01
1.515224731313499495e-01
1.301092927594985627e-01
9.082313848796665923e-01
1.058782946607869091e+00
4.423311265423962579e-01
5.311168139027515611e-01
2.697990496382361991e-01
2.494937420984428555e-01
3.473374820238212535e-01
1.751138356108197236e-01
5.324274526307951616e-01
1.133695703863319748e+00
4.953282452558644411e-01
1.025884369832544163e+00
-7.789397952218975185e-02
1.753108087044855101e-01
1.397718962107644680e+00
5.754004240649766011e-01
9.713755081018633497e-01
7.890343956252039437e-01
1.001382284598598904e+00
5.823874126584221989e-01
1.593546601157272147e-01
8.620116700399704790e-01
6.585873145703667886e-01
1.194687666062830944e+00
1.442277388662095650e+00
5.151209412356958506e-01
8.725011900415515775e-01
4.520811576338568116e-01
1.263162594174748188e+00
1.471013252289489426e+00
7.434858447419501193e-01
1.419933654923853261e+00
1.196416622685044118e+00
4.333533137226891485e-01
4.518438930636560769e-01
2.190074081091936353e+00
1.767686786337281157e+00
1.484486836478970284e+00
1.163267160420068835e+00
5.440795006585439353e-01
3.692695915702355336e-01
5.429046951346543359e-01
1.949648363070236590e+00
1.089253325943677853e+00
1.276474966256806676e+00
1.238779490584401399e+00
1.035337329976306009e+00
6.870329333874013455e-01
7.135391200362167785e-01
1.971049819881321774e+00
2.356113113843999241e+00
2.023025483139230474e+00
1.396283839259539583e+00
1.558491500118099893e+00
1.113818131021368230e-01
9.560871066969287013e-02
1.255618436391854331e+00
1.144099765153065107e+00
2.115006745362219831e-01
4.890831256917984038e-01
4.048003563506003544e-01
8.820294035535842792e-01
1.166224863040645349e-01
3.604499610781107810e-01
1.355288594100028998e+00
6.640954500469747890e-01
4.350181677694378024e-01
2.087821377339058038e-01
3.018629664136981278e-02
