-6.143076396265685114e-03
7.478356106745315257e-02
7.380593206933116289e-09
2.698775715664171737e-01
1.359274207811693169e-01
6.935042268485551442e-02
3.071979118801575481e-01
4.560622992718895152e-01
7.337351796790812786e-02
3.532704376742622221e-02
9.282954685534376693e-02
3.321206890420710933e-01
1.435114225008930211e-01
4.044902982982548911e-01
3.493020325502331769e-01
-9.720043329572666518e-10
1.075674895178795193e-01
1.607054479599757946e-01
7.509714784009102750e-02
1.454558577636534400e-01
3.454723571803787197e-01
4.419844726450823935e-01
1.068722315973216069e-01
1.202966967606416554e-01
2.073651548900522223e-01
1.272679746300104664e-01
1.393996326546389219e-01
1.022515042550621173e-01
3.453874756459185402e-02
1.066236020861245637e-01
1.075787463989609366e-01
2.214387187419716574e-01
1.360129444734272386e-01
1.399730960311966754e-01
2.612975120584339339e-01
7.929483628023233088e-02
5.718112809414517139e-10
3.734590765848617711e-01
4.608177664598002710e-01
2.034556330602862728e-01
3.497923871202011092e-01
5.401212296687899483e-01
1.700518748388387680e-01
8.856367622386306093e-02
1.255014746010614339e-08
1.775029757906661787e-01
1.210917393587360169e-01
1.606616271384348482e-01
1.092653330923033378e-01
1.367856656032036822e-01
5.121944107744243885e-02
3.147165877096883002e-01
1.926231345027422937e-01
1.031535236495187552e-01
3.028114000688103546e-01
1.797784794167872069e-01
8.720979192259942225e-02
3.641811771200247766e-02
1.777011665000770568e-01
1.848284099690412907e-01
2.713003190896564054e-01
1.624373703597437879e-01
9.004101425868875352e-02
1.198249852547348532e-01
9.006059248954684238e-02
9.234227774870226724e-02
3.699459508031151533e-01
2.544475323392192401e-01
3.799559973529838958e-02
4.507412104520721607e-01
6.133201975716167098e-01
3.677294808576906937e-01
4.701098263361551122e-01
2.269238842157295932e-01
1.406917234042327214e-01
1.860514151017537421e-01
2.621923895225923284e-01
1.578386344744650283e-01
7.680173234517226333e-02
2.484239407565991542e-01
1.950760645910559199e-01
1.160793120723389027e-01
2.411444349140760834e-01
1.402964373800100750e-01
1.552896744252680039e-01
8.501189915911823158e-01
8.561945922332820924e-01
6.667325768735067326e-01
3.225731121271931956e-01
3.116086328525707327e-01
2.090403439731944590e-01
5.619004803000682280e-01
3.162438711710491845e-01
3.528460165333328624e-01
7.333011159066561424e-01
7.133685608493302022e-01
1.604227880400594941e-01
2.910672094892348682e-01
2.669122035078784760e-01
6.294182492058769248e-08
4.982110644468443206e-02
1.503669156881279889e-01
2.975375829148928508e-01
5.096560769232766352e-01
3.743779536475212444e-01
2.259363547359463376e-01
1.196121708261974059e-01
1.494877449825037785e-01
4.531242901158894498e-01
3.342196288668183302e-01
2.420516208176431427e-01
7.958506485802783192e-01
3.406168031258707263e-01
3.548632902273550771e-01
6.273682664908164508e-01
3.089508555955042812e-01
3.134722985655338245e-01
1.963669137687267530e-01
2.730677351438513534e-01
1.285858924728033592e-01
5.004084835000464915e-02
5.381209834951631299e-01
3.340894467474687102e-01
4.617233110326209311e-01
1.093862358520292455e+00
2.489921904813636455e-01
2.497194408525476583e-01
3.209553844742282780e-01
1.045743120695824091e+00
4.508031793201557891e-01
1.072492858826760848e-01
1.240642804921677084e-01
1.093468825246188270e-01
9.672344377422457951e-02
1.388527094654663230e-01
6.787497398187890552e-01
2.690064693065153389e-01
1.766731998333734566e-01
2.315487910106544533e-01
1.938886250814258749e-01
7.348667241679222029e-01
1.081642890083423403e+00
8.775087608160822006e-01
5.451923857572648080e-01
3.980393614031521587e-01
2.204559552931498467e-01
2.120253904443051007e-01
1.739481237841148109e-01
4.007472976095705630e-01
7.913587723674767593e-01
2.502552668869837960e-01
2.233197406275158337e-01
1.522086626910424401e-01
1.296095833049923374e-01
7.716817310478181480e-02
5.470545828486762102e-02
1.474852542951815559e-01
1.359266429127262699e-01
1.588669084180471813e-01
1.338857366593929066e-01
1.087474685512587746e-01
9.024997995228747905e-02
6.511721857672428948e-01
1.017626356122376841e+00
4.286515668721008754e-01
1.613349986427366489e-01
2.300716077899969680e-01
3.848538315516420449e-01
2.098036186712989581e-01
2.263164664468161336e-01
4.739737391027669666e-01
1.992023509441175622e-01
1.582308540044632394e-01
3.879373419850642990e-01
2.768832706389093290e-01
1.147672038547626339e-01
1.204051751199922277e-01
5.193478565510100120e-01
2.736205940342898435e-01
1.142773694159371772e-01
6.272947733746456200e-02
1.049598518238748640e-01
1.219995467509851078e-01
1.997283102651855602e-01
1.305708859673582745e-01
2.099557562300456426e-01
2.598501226311779599e-01
3.145950254473556251e-01
3.605148096348644859e-01
1.062070528682051707e-01
1.288849511352996857e-01
1.861317760597102078e-01
1.932630379800451825e-01
6.743370274224411154e-02
8.301139463697208842e-02
5.090448245848847725e-02
5.806681482812955236e-02
3.884722595269118339e-01
7.927353080472122615e-01
3.136959421516544166e-01
2.124282311708821369e-01
1.965369304181567023e-01
9.434476466224846203e-02
1.627668782097180800e-01
8.192134759518462928e-02
2.947775046184529235e-01
1.751014974135784996e-01
1.704401414743654808e-01
2.970546808557724683e-01
9.677868191883022275e-01
6.089905736508036682e-01
8.080576066724028950e-01
1.252468231386490161e-01
5.065063571151073862e-01
2.205503509497110659e-01
2.630927951598953096e-01
2.336091404009526529e-01
2.016774372085122780e-01
8.298772434568207901e-02
1.126446861369820196e+00
6.469849289159501637e-01
4.675075207516953824e-01
4.053834776540300999e-01
3.276798367741927676e-01
3.577866529484522440e-01
6.742792487211454189e-01
5.590214209129065193e-01
2.886114737904322824e-01
5.771914055791350640e-01
2.626992450538171986e-01
4.297676256106515158e-01
2.593914810864126341e-01
1.379429563304243600e-01
1.017407368221312780e-01
1.922860842539861892e-01
2.364255941479661838e-01
1.485730850526205404e-01
2.559607630087356034e-01
2.020844270875701565e-01
8.194276501215375097e-02
1.267275758928811946e-01
3.413895908812132340e-01
2.444884427926636017e-01
3.137985443364616489e-01
4.194486426701547477e-01
3.951442694144691181e-01
2.786082162664176298e-01
4.711281498340145757e-01
6.321274724458012528e-01
4.272617319066267516e-01
3.115329573806426278e-01
3.751950817298638219e-01
2.070507273729988162e-01
1.290398802239581810e-01
4.767235842167518167e-01
5.842605481437924686e-01
3.970062838230259961e-01
3.263206733295566098e-01
4.727410798503190459e-01
3.478701256121967678e-01
2.715425996465001823e-01
5.381299396750829356e-01
6.756893277138159570e-01
4.416435683375676824e-01
8.173434454198003074e-01
1.023180315801952567e+00
1.301087073983798970e+00
5.340472152732134159e-01
5.576751055117983302e-01
6.617490371427673379e-01
9.143343163088847314e-01
9.780863653471986163e-01
1.538494919336118372e+00
1.517488168796003789e+00
3.995655471095208022e-01
1.107167187655740070e+00
1.327576859772264584e+00
9.650318626916029041e-01
1.710330889026260293e+00
8.675126847945784370e-01
8.137197146769967748e-01
1.146388503664270919e+00
1.089266323715266438e+00
1.446569542836234179e+00
1.362976315668867677e+00
9.036776157746947424e-01
9.068281601788100721e-01
2.037818520308615877e+00
1.214801181560283272e+00
9.364137617700075689e-01
1.287745503835549199e+00
4.678885775496848809e-01
1.414204507208407957e+00
1.198545204257613905e+00
1.017924983423352581e+00
1.275448128861477626e+00
2.627124631880968231e-01
1.375491996223085600e+00
8.874253198819732624e-01
1.624369918804816626e+00
9.765036204539462306e-01
9.557393991366278652e-01
2.941518268786275647e-01
-1.765820249128149111e-01
1.162126571988786772e+00
1.088401594944923501e+00
7.254194982378099343e-01
2.124190659240327572e-01
5.137302358443059935e-01
-2.852608232669827729e-02
6.723878770272666561e-01
1.884320386563938188e+00
1.625491950091767779e-01
1.112619880597002897e+00
4.329626937021849309e-01
1.537183342306315814e-01
7.769357827806789851e-01
-1.521620464112747456e-02
8.785574052761029318e-01
8.467173623982987563e-01
4.094732657368983786e-02
4.278510180138273555e-01
6.649398004580815424e-01
5.160537416065599237e-01
1.253700248946960860e+00
1.111382642107294316e+00
1.298863934930572395e+00
1.148647211769646903e+00
4.952407163929030687e-01
6.842110390930007391e-01
5.932205836521413644e-01
1.765489347412012855e-01
1.910490025291301075e+00
1.024484461657604317e+00
-2.940165986596728898e-01
2.404562775154564847e+00
8.373997452288423071e-01
1.110551467372757756e-01
1.287347515612127236e+00
5.827970916471097995e-01
1.131169087210962765e+00
1.653526169724579109e+00
1.086743525550586176e+00
9.774090588294833681e-01
2.845736828124991735e-01
1.283843439890890004e+00
1.404408249011990240e+00
1.831838413636823981e+00
1.034028362661379097e+00
1.196818719869909176e+00
8.374869614374387261e-01
2.467529939399164957e-02
1.207166301541379605e+00
2.480181647619016161e+00
1.921782513721944863e+00
1.002423250773744945e+00
2.215720955477947507e-01
1.191868081774483112e+00
3.716290875633539992e-01
3.870067469845115404e-01
9.181784780322661543e-01
8.042580677846862258e-01
7.484484880762883874e-01
5.365958918438065162e-01
3.807258926037587199e-01
