-2.489204504724578174e-02
1.232391387618043260e-01
5.091694040364792839e-02
2.698775740963973990e-01
1.359273915087336193e-01
6.935042282511721945e-02
3.071981229436500094e-01
4.560622318411844400e-01
7.337346371538061574e-02
4.143489913377637612e-02
9.445239259427011536e-02
3.321207239412907741e-01
1.435113874686962943e-01
4.044904413880367477e-01
3.493020738468085029e-01
3.140950354234273850e-02
1.108738456474740175e-01
1.607053455541696263e-01
7.509715650826603861e-02
1.501345850270457971e-01
3.348431941379431120e-01
4.419845430930860464e-01
1.159553950221248603e-01
1.249972504905764586e-01
2.073651574570772871e-01
1.272680847436741258e-01
1.415134230382516234e-01
1.022515036738267796e-01
1.014749450776077505e-01
1.251232800790137711e-01
1.151618620124520570e-01
2.214387400667985339e-01
1.360128863535751964e-01
1.399731511504513914e-01
2.612976653788228187e-01
8.602679583568029198e-02
-3.394693452760944464e-03
4.151551665945178438e-01
4.608177616515427566e-01
2.034556420727239578e-01
3.497924239843224203e-01
5.401209523393374345e-01
1.700518776122237063e-01
1.292068403478417449e-01
5.024417314024546416e-02
1.775030289884985679e-01
1.210917206844153993e-01
1.606617176714356943e-01
1.095553346849497123e-01
1.361430105367912036e-01
1.072759607601960069e-01
3.147165980161110155e-01
2.149182950985974450e-01
1.526677078564374346e-01
3.498300844773127305e-01
2.044871499129416736e-01
1.389520665916141318e-01
1.124785196487687183e-01
1.777011411055204604e-01
2.251910159179439930e-01
2.824306162420561206e-01
1.930700551715137103e-01
9.258805549218172837e-02
1.726417245333327632e-01
9.006061391990496934e-02
9.369119829549257816e-02
4.030495341320009528e-01
2.882019849679730572e-01
3.739002604348797693e-02
4.295448077458355884e-01
6.140359189931120509e-01
2.669444875545755047e-01
5.250312094342305391e-01
2.687201019516922695e-01
1.678623497432594203e-01
1.873297387764435162e-01
2.620115919578969721e-01
1.776289476359506070e-01
9.273084000831507967e-02
2.484239320664700934e-01
1.950760571334822779e-01
1.017032045044781452e-01
2.217460916997510689e-01
2.249207671607103276e-01
1.687341580376519323e-01
8.501189554937430559e-01
8.561945916326051398e-01
6.667325790186771073e-01
3.302921263959509579e-01
3.260015375784361402e-01
2.204752615068981125e-01
5.619005430991294014e-01
3.086033426839129845e-01
3.528460699925172195e-01
7.414853236966809646e-01
7.695586280559125747e-01
1.791223581375971097e-01
3.368927508487028488e-01
2.611760663973520247e-01
4.485497389133368679e-02
5.279340452649120691e-02
2.471462281793951887e-01
2.911790616630221540e-01
5.644490688224667041e-01
3.800420669925944073e-01
2.301462360187979117e-01
1.354316587016287099e-01
1.554448640818727467e-01
4.867915492864152704e-01
3.933829859975715437e-01
1.934762082614917000e-01
7.888558730151286058e-01
3.369071034324063740e-01
3.548633244312396351e-01
6.273682750566018651e-01
3.143865189940517335e-01
3.247569531601617321e-01
2.159955503357896822e-01
2.716982158711463424e-01
1.394634679365387431e-01
5.091863938820886948e-02
5.159228941103202182e-01
3.353156252477954014e-01
6.487563831892499966e-01
1.093862354735549269e+00
2.486120163480230461e-01
2.565811572225606962e-01
3.446536469375991452e-01
1.122324809130261558e+00
4.517549097355419985e-01
1.136483738811700783e-01
1.579746640888209375e-01
1.434341754530042701e-01
9.965968795999691210e-02
1.426141531462543355e-01
6.787498522631610909e-01
3.319770379088304857e-01
2.258837953812127264e-01
2.446690641721333270e-01
2.769649259169754130e-01
9.071790088493232318e-01
1.194280821269484649e+00
8.669156195506509954e-01
6.194389530399635468e-01
4.643267978780426519e-01
2.494713733634838504e-01
2.506940055592292160e-01
1.872192510016797984e-01
3.964658577344902235e-01
7.913587708542376697e-01
2.657744770620745212e-01
2.491438844915574991e-01
1.860872582697345179e-01
1.296094414895773150e-01
1.002311708487830938e-01
8.261394639953466290e-02
1.474852130327149180e-01
9.057412532136539796e-02
1.783564625931938485e-01
1.468107544028997291e-01
1.704742458784556103e-01
1.430631844941214481e-01
6.511721852100313956e-01
1.017626814563692417e+00
4.317681571383443773e-01
1.455169619851564844e-01
2.220445090759885221e-01
4.152692838375648399e-01
2.571398758510611282e-01
2.104275546322713630e-01
4.649961974089121819e-01
2.056915515684698548e-01
1.582307736802393838e-01
4.016964644981884658e-01
2.765322304285388055e-01
1.225066381489612194e-01
1.204051730224079686e-01
5.193478597033422961e-01
2.625923872284571803e-01
1.142774138068456957e-01
5.919526334195322065e-02
1.025611563786513331e-01
1.593532340253269175e-01
1.997520535383668916e-01
1.305708131533588889e-01
2.136544070172624599e-01
3.071281166554150066e-01
2.864764656781845775e-01
3.605148261609978921e-01
9.708701063708555234e-02
1.288849475149145274e-01
1.859610972548303431e-01
1.891164408052262158e-01
6.743371327617858624e-02
8.301142274044076563e-02
5.090462948790413361e-02
1.207210855191263865e-01
3.884722774900652431e-01
7.927353221984183573e-01
2.962654119568515765e-01
2.289549102825687577e-01
2.362896391586037648e-01
1.590835179792905174e-01
1.669164370953643561e-01
8.192122753403137392e-02
2.947774153013538179e-01
1.742533654242288677e-01
1.850377788552537150e-01
3.170188297815113576e-01
9.730601687389445198e-01
6.363406540683260726e-01
8.080575868344396229e-01
1.252467567902702528e-01
5.096950643335929065e-01
3.021186670894168702e-01
2.359567083932542497e-01
2.527337668198543219e-01
2.232509396952939984e-01
8.298772179794394743e-02
1.122338105855603230e+00
6.730732984249042650e-01
4.936003834690652625e-01
4.290244548827533699e-01
3.060437562272429468e-01
3.790234480814506091e-01
6.742792497678460339e-01
5.590214326061758721e-01
3.207915195873340952e-01
5.946772716207322507e-01
2.607717123446949836e-01
4.297677282452482261e-01
2.953204849795012521e-01
1.379429765938762487e-01
1.017407189935289613e-01
2.379847934822357514e-01
2.636834068245875740e-01
1.485730582984347570e-01
3.028883859709623483e-01
2.041903991750246838e-01
9.994955770542768292e-02
1.267274730635976066e-01
3.413895912486025752e-01
2.981263439607327315e-01
3.857015990725929933e-01
4.331816798497688525e-01
4.113506720632973401e-01
2.914046333763601893e-01
4.711281627779033143e-01
6.280381674315322904e-01
4.472823205972854543e-01
3.118759457176527028e-01
3.609984558648098862e-01
2.120674686894851169e-01
1.793814346491029443e-01
4.767234662275451895e-01
6.196952231037047287e-01
4.492686256611124196e-01
2.646714891170817707e-01
5.851583067528326465e-01
3.768444414701205281e-01
4.240380587435133575e-01
4.863018081371544565e-01
6.654644774728681877e-01
5.220470975207438524e-01
8.771617393445961808e-01
1.034171512709488816e+00
1.350816264263605904e+00
5.404595888955160410e-01
5.067933195950468095e-01
7.477173041434835854e-01
9.151403464750778038e-01
1.086383085365241419e+00
1.536246957114277389e+00
1.557967333107273200e+00
4.046454940316770443e-01
1.095657408401282229e+00
1.385688717775874323e+00
1.010245858884873282e+00
1.656026497529911268e+00
8.136882425106999328e-01
1.045723161883887808e+00
1.135944891645565447e+00
1.145520334105412541e+00
1.673422113623621810e+00
1.466066898832124821e+00
1.042135537214169183e+00
9.349402410886706871e-01
2.041894206647683951e+00
1.271805916178784468e+00
9.588212240208698889e-01
1.286081124006947851e+00
4.294491612052954155e-01
1.443497896560508975e+00
1.217660771903738226e+00
1.017924981323758526e+00
1.108675622532933724e+00
2.659773014761110943e-01
1.438674537915465956e+00
8.888149435817465083e-01
1.770041237756885488e+00
9.963430804092074933e-01
1.001552977309921655e+00
2.927005167236476635e-01
-1.918522519163757545e-01
1.130323294768930342e+00
1.088401781301463700e+00
6.044059643472399213e-01
2.124190841052766843e-01
3.597416489720392518e-01
-7.881409564484893882e-02
6.348715003552467540e-01
1.884319943880435888e+00
3.353511698217258585e-01
9.906889233690547858e-01
4.682519435188607360e-01
1.537184498176840108e-01
7.769355599066189999e-01
-1.210678721640409683e-01
9.135657783096027273e-01
8.467175795428417695e-01
4.094760225914540613e-02
5.636606405949112775e-01
5.683365324637370541e-01
5.160539343914937183e-01
1.253700249568801661e+00
1.002941375135418145e+00
1.311849520390453439e+00
1.148647263297891019e+00
4.952407338578465046e-01
6.773184967790361055e-01
6.073209461383709540e-01
1.765489353578449383e-01
1.910490039695690312e+00
1.024484973255686659e+00
-2.833923151495395532e-01
2.404562797565980681e+00
8.373997956572528656e-01
1.110551077278133514e-01
1.282286613592549473e+00
5.827970846889335421e-01
1.131169047794086557e+00
1.653526488733484401e+00
1.086743529969060651e+00
9.774088722140978902e-01
2.845736861035190746e-01
1.277925417814942843e+00
1.404408792963967700e+00
1.831838001666180826e+00
1.024490413040888503e+00
1.196818454122683839e+00
8.374869028742583099e-01
2.467547463548074374e-02
1.207166296213642687e+00
2.480181793305221039e+00
1.921782503779291051e+00
1.002423357688118744e+00
1.235311575749108159e-01
1.208823789556769279e+00
3.716292764227754897e-01
3.870069396237988957e-01
9.181784878295758956e-01
8.042580579576454891e-01
7.484486177820278696e-01
5.365957253123011528e-01
2.715197009972961095e-01
