5.206575486987757850e-01
9.763531662926641097e-01
2.328111538386216650e-01
5.522267590387304192e-01
1.690438852285335747e+00
4.321226609546273689e-01
2.509580730403960763e-09
9.710026846803021527e-01
1.017237740866162365e+00
3.690755103532226133e-01
1.150979403697042214e+00
9.569096845344263746e-01
8.363504915575379339e-01
1.429919467013741376e-02
1.981199021291204232e-01
8.721824733460468160e-01
5.952936174436110894e-01
1.863561428632714012e-01
6.112110771733735293e-01
3.608574246103017358e-01
5.649327702136762435e-08
4.584188383531678235e-01
6.323898781060304231e-01
5.485494859582231708e-01
2.833638122530515724e-01
2.827242937771798359e-01
3.724960319274862597e-01
2.437127348811338265e-07
1.678446239278182095e-02
8.247986818003366638e-01
4.548914640028893785e-01
2.644658040023628587e-01
7.886491268415423139e-01
-6.311282331380910215e-02
3.640431895725410594e-01
2.908476049106417105e-01
2.997529630863590144e-01
7.257168117531171969e-01
3.314697914467619744e-01
3.168693272093482394e-01
2.866111261385131947e-01
3.459870247223952311e-01
1.418360646050427221e-01
3.929629895457604216e-01
5.060592312941797344e-01
3.084270896199534095e-01
2.888155465648514775e-01
3.556302215559021818e-01
7.200073651902824112e-01
3.119075907687314797e-01
8.298885231229310433e-01
1.029705090773614495e+00
1.893240869644578772e-01
1.460697710080616774e-01
9.492333400321086023e-02
4.201319234032400152e-01
6.157355084227748021e-01
4.041247987005364140e-01
5.124996065399330947e-01
4.458701603570276450e-01
3.550503460000080658e-01
2.735365392490115566e-01
2.439436714070475076e-01
2.284339126528534270e-01
3.936624030283126796e-01
4.185454007203639470e-01
2.890398409631677046e-01
1.313263826187457128e-01
1.402190985556572567e-01
4.714781420952075530e-01
2.389052379884100685e-01
1.122456778152743473e+00
1.401626438110854078e+00
7.325847698756891013e-01
2.890292054626112939e-01
6.653500831529611803e-01
4.482903783413427212e-01
2.625324555226722367e-01
2.953171461624592431e-01
3.210555038769175723e-02
9.326107602159843246e-01
1.009252173847078549e+00
1.062331084749663646e+00
6.260014113615194331e-01
5.663264918819281846e-01
7.178758470642979672e-01
7.237754181690766453e-01
3.491058712101856587e-01
9.359444763225384101e-01
5.529560169213892928e-01
3.295430051109847214e-01
8.812852540836787485e-01
7.423514321174800035e-01
5.620119610510453390e-01
6.248034209626026625e-01
2.252253138574876190e-01
2.441782881861084553e-01
1.170454450960954629e-01
4.938995039951925570e-01
5.074605325863847938e-01
2.288135241786894980e+00
3.909908232942301276e-01
6.196328485493384219e-01
2.993525961544519221e-01
2.384942086337704104e-01
1.631649538700692681e-01
4.475394863482334840e-01
3.694064095583653451e-01
1.162331149453680323e+00
4.294680484100411588e-01
1.256038714047626348e+00
9.726333821556215620e-01
9.868538149543469862e-01
4.728160356219426874e-01
5.942277157126407694e-01
4.167165188527908182e-01
4.177582128612060131e-01
1.332122081344543352e-01
2.696697463544786011e-01
1.128364948838941340e+00
4.035590314557205294e-01
4.587707191906152948e-01
5.033241563906973859e-01
4.160635441745668683e-01
3.041256705082607259e-01
3.320862799274507671e-01
8.875603189179296360e-01
3.332644283342970359e-01
3.956767260715579049e-01
2.855761090004306779e-01
2.815637340840774216e-01
3.771848851626567467e-01
9.375847202735113628e-01
1.094139888646697978e+00
2.860478565235409221e-01
8.291297605491666500e-01
1.130268325452812750e+00
6.066604070346163224e-01
3.798720231072162945e-01
7.484187213613978651e-01
1.099506652221631020e+00
6.811960821771112506e-01
8.709194055692257574e-01
7.021833814233183757e-01
8.397383025838079940e-01
1.017824378427255816e+00
1.032442420560563789e+00
1.855210584188972556e+00
1.736238654988317309e+00
6.634719477210527794e-01
1.044849898889549822e+00
9.096826494471520475e-01
5.357534110469458488e-01
8.581568978156495220e-01
1.163922189113224093e+00
5.767130286179352749e-01
6.011712402596102178e-01
4.758821803975022413e-01
2.275993306894477097e-01
2.332306710892756152e-01
8.790405157735636799e-01
1.223273628170474137e+00
5.738348829187351896e-01
5.609151467107879041e-01
5.893796144776453083e-01
4.945369694382013015e-01
3.871628266307651223e-01
7.935536863096440685e-01
8.456271338565639617e-01
7.499948793670910829e-01
4.547137729778826798e-01
6.221254643957127017e-01
2.437632149674843762e-01
4.106308881269141731e-01
1.203551547152122758e+00
1.378823393853034540e+00
5.443034957953974962e-01
4.948209997292714601e-01
5.218453606183588445e-01
3.732302426664709238e-01
1.848697660926131026e-01
7.616467191816496118e-01
4.703953255067989225e+00
1.813541373907533893e+00
1.635301252973367481e+00
1.180825516937371811e+00
8.272371879239935888e-01
6.225122435647595376e-01
8.635820003746347284e-01
6.873109905834887678e-01
8.402193078048753039e-01
8.537664530290237641e-01
1.054004326604880415e+00
5.179307325753470526e-01
3.452696991694572115e-01
7.735300633883429589e-01
1.538663561946584490e+00
1.093373255439178626e+00
6.398822371304522250e-01
3.794999513128311519e-01
4.151011967390335067e-01
1.939386200384777548e-01
7.052572319907798315e-01
9.234653211410385198e-01
4.490715819656179164e-01
3.655250899298796985e-01
3.373209590246882272e-01
1.497405908321345069e-01
3.462038447498455573e-01
5.741069875710137493e-01
1.221734425504935828e+00
5.926898262792023031e-01
4.863430706161007699e-01
5.516770545865532505e-01
1.067282212902652017e+00
4.662005850613952784e-01
3.714637810895212167e-01
5.512262420660983819e-01
5.586046355062634916e-01
1.083811080627674395e+00
6.844865124481700480e-01
1.222935243001102457e+00
8.645430255026967936e-01
7.903999344482768308e-01
1.027728959526560848e+00
7.618196815834070712e-01
8.919247158936349784e-01
4.688688135203036289e-01
3.376135229366347135e-01
4.051237470006079366e-01
9.690393928906917420e-01
9.957808617813860286e-01
8.444490440449858859e-01
7.263659349554204558e-01
1.452176981184847060e+00
1.077315618402827413e+00
3.876652938907336754e-01
4.821239232082071835e-01
1.581788717066538452e-01
5.725912051563998295e-01
4.516280364206867182e-01
4.998305656514591688e-01
4.030585761531730316e-01
3.497109069028796480e-01
3.719835518071762381e-01
1.008680692003377066e+00
8.443761630806004836e-01
6.118836103470267629e-01
7.319772505205857094e-01
6.161618516254829814e-01
1.008081528399970672e+00
1.048823548075593415e+00
1.222671086535534579e+00
2.881190576670189074e+00
1.274175621583113260e+00
3.377227815110862008e-01
1.097340472668589140e+00
7.336169957065084013e-01
8.213916636209575017e-01
1.011285291880812176e+00
8.914890086929089241e-01
1.857346893650215547e+00
2.269198458515958361e+00
1.376974820669956801e+00
5.721789950006890280e-01
5.130204906343440729e-01
1.280786405434691799e+00
2.666799538319831520e+00
1.373061260948153839e+00
1.193144631667265587e+00
1.085898945621932787e+00
4.147151952878169734e-01
9.912967163055292907e-01
1.067907484466123602e+00
9.913387955538620622e-01
4.578721291142510696e-01
1.497545933049879041e+00
1.009144924268781551e+00
9.373864405696969992e-01
1.436223009733821110e+00
4.936934373741082016e-01
8.762726176125958943e-01
5.750407380487752018e-01
2.057138839670509700e+00
7.492222155063201772e-01
4.885954989802427928e-01
1.072192133024200356e+00
1.188801814500581200e+00
8.233956235957931025e-01
5.424327942487665588e-01
4.677850331171563569e-01
1.059504069087398026e+00
5.700930299906628029e-01
8.676074261402371146e-01
8.476120382350603721e-01
6.340330925816728413e-01
3.050229359315920763e-01
4.068223589639409221e-01
3.565922357499088924e-01
2.709433265904179211e-01
3.225328382264521232e-01
5.557079012357332148e-01
1.355218181785221798e+00
7.074232331364576076e-01
3.348686176927174324e-02
6.730399837165830235e-01
7.479169693161549226e-01
6.651507186027584562e-02
5.629651359178455827e-01
1.258659941464190357e+00
4.749709985319958139e-01
4.177936231227412645e-01
3.232748574459298752e-01
6.033666792293187475e-01
1.741573038276140739e-01
2.403425904481125142e-01
2.957241686735673225e-01
1.054719927503923182e+00
3.441700999884465539e-01
4.963682869667188080e-01
2.547797004035951551e-01
2.092517884064859616e-10
7.808462739955943643e-01
5.648701598927982070e-01
2.162210796651856393e-01
2.269050300711198953e-01
5.892866938770192631e-01
8.114967454413567483e-01
3.230404620804400717e-01
1.921652659874430180e-01
2.788529669710003156e-01
8.347155146722746721e-01
1.088612617086809786e+00
9.855291313389364927e-01
8.266871019769187479e-01
1.354630526372734567e-01
1.129604057660189564e-01
1.708204568621149722e-01
3.279836830372996892e-01
4.646341680407695129e-01
2.207745172781717946e-01
1.367600248307851984e-01
3.936408596188277317e-10
6.118401994195113991e-01
9.561884071195119184e-01
2.449588428143719687e-01
1.518403767252279046e-01
2.931177021547143324e-01
1.706881603914719714e-01
1.358387051023883739e-09
3.272287686182283606e-01
3.876077936638113730e-01
2.724288984667642688e-01
2.881503249236919695e-01
3.234904525267350839e-01
4.234308557739554502e-01
5.866581209178689527e-01
-2.170455073055750639e-02
2.837487274202308285e-01
4.684212169762509981e-01
1.458345291721720449e-01
3.258530947621465779e-01
2.130413952057370053e-01
6.201286408776119918e-01
6.683463997318080108e-02
