5.233503660454267292e-01
9.763531333137721591e-01
2.469723621831237392e-01
4.778620602478445001e-01
1.698123792131340126e+00
3.446043094836483967e-01
2.093507920619081062e-03
9.732105530456702791e-01
9.962666280082568271e-01
3.734230512763793142e-01
1.150793242183380194e+00
9.775293650331376982e-01
8.824970228390852656e-01
-1.947561385675527224e-01
2.380828564863528285e-01
8.748963990070540708e-01
6.134896975977147671e-01
1.892963921025696272e-01
6.112110515562650948e-01
2.704648549350683329e-01
4.923281746205371269e-08
4.526683017856807378e-01
6.323894128350813215e-01
5.011685584701736085e-01
2.833727451844243461e-01
2.812039159081766160e-01
3.535248768262383989e-01
9.235089156028102042e-02
-5.300832616679589885e-04
8.500340786124513937e-01
4.840903584835896667e-01
2.261872490936213675e-01
7.987787801119662356e-01
-8.574292805206983059e-02
3.871924213220777622e-01
2.914833866358679804e-01
3.095956356748920113e-01
7.453309027471055614e-01
3.334753589828984288e-01
3.012669982937712376e-01
2.589129611594891411e-01
2.152424814117289975e-01
1.276374757244433666e-01
3.934375780975801207e-01
5.060592584247415315e-01
3.268177867275997017e-01
3.721050537202187369e-01
2.574458347219329424e-01
7.486731013391461076e-01
2.848655289035730842e-01
7.807693947648878252e-01
1.017473795718405905e+00
1.842201391169677738e-01
1.393086775870716887e-01
5.336427641319735349e-02
4.281439782712324060e-01
5.351303788999711708e-01
3.772392480359632039e-01
5.246390417142913210e-01
4.326550757263672997e-01
3.663272010159478453e-01
3.333511130572782144e-01
2.616068720554128868e-01
1.872298473185096956e-01
3.936624028368324035e-01
4.185454083371301093e-01
2.943418520974803165e-01
1.090808305532632999e-01
1.210964847506759284e-01
5.454420373984967263e-01
2.389053302811305624e-01
1.087014333119190823e+00
1.405492100292081714e+00
7.729061626388608053e-01
2.712074857137927175e-01
6.459137951022214663e-01
3.785141983908729690e-01
2.551098031565280921e-01
3.228576515277049030e-01
1.138709731960619587e-01
9.944587675457412512e-01
9.591418701846425865e-01
1.099905007477431251e+00
6.245213557806329474e-01
6.254064004780596209e-01
7.089458475197855103e-01
7.025205597531353208e-01
3.410776384396689842e-01
9.143562719408802053e-01
5.076428605877369993e-01
4.617504068695338360e-01
8.022035943322906038e-01
7.132734651878485099e-01
5.571267114186194691e-01
6.884820174993447894e-01
1.805939532156291272e-01
1.314107716071831744e-01
1.202656881658831362e-01
4.674182829739246814e-01
4.054332278173058413e-01
2.295606126492974575e+00
4.181428570712779624e-01
6.097190407724075722e-01
3.595859980882064599e-01
2.384941591412294837e-01
6.171365979427289108e-03
4.401987867319157033e-01
3.769541963416645491e-01
1.076196595694571823e+00
4.651834845931613893e-01
1.304591580936387718e+00
9.726333812532398371e-01
8.495444874453582651e-01
4.628244673241506124e-01
5.871905936929038283e-01
4.383379757677862698e-01
4.206434742440726682e-01
1.990578569177083035e-01
2.696697686007627492e-01
1.128364936212299829e+00
4.466749583601596352e-01
4.710663850247817641e-01
4.161430428832187389e-01
3.669288503556293879e-01
3.038014815898721355e-01
3.320863018271777989e-01
8.875603187588396725e-01
3.739706657804675038e-01
3.979347630227403343e-01
3.395554527849147242e-01
3.382913733742768381e-01
3.595641970118242936e-01
9.571697656765772999e-01
1.086682387376952885e+00
2.900494609757381936e-01
7.911967998687585713e-01
1.183032560002549749e+00
6.066604079706157115e-01
4.106103546879333877e-01
7.440004289483501676e-01
1.102306979469471537e+00
5.821198423297778701e-01
8.839123298799272943e-01
7.063532402674267408e-01
8.354797336016713816e-01
1.020877009350018794e+00
1.036904607548509105e+00
1.855210607625003227e+00
1.685941246864081311e+00
7.114086531739980401e-01
1.116241767042738697e+00
9.562815768148099638e-01
5.902819946117596750e-01
8.425384021505752941e-01
1.155921148499576834e+00
6.708788490318049469e-01
7.407483369352956259e-01
5.235012745570460924e-01
2.387655251016970737e-01
2.602262137948196941e-01
8.913193078319519014e-01
1.228971939134296809e+00
5.720819789897421126e-01
5.704561136567833923e-01
6.409740204905204353e-01
6.749904233835094525e-01
4.483950305146557902e-01
7.935538408201114891e-01
8.304983756676972417e-01
7.436726199913494817e-01
4.528716580093097854e-01
4.993800650149039511e-01
2.361992237892835411e-01
3.593673285223752956e-01
1.202340335961576523e+00
1.378823393816490217e+00
5.719196314268751857e-01
4.576530736561678081e-01
5.215785672421717756e-01
4.171300131568641545e-01
2.544622061258064449e-01
7.543846575556729661e-01
4.882511538826243225e+00
1.814641585052092276e+00
1.623189727753505673e+00
1.161454270673026423e+00
8.293929685097065629e-01
5.996902105207867484e-01
8.635820161631976299e-01
6.873109869549771656e-01
8.372522355797225035e-01
8.504272725988506476e-01
1.099150298377144619e+00
4.993010130754760856e-01
3.417740744615581083e-01
7.735358282430202514e-01
1.503988241191613007e+00
1.137263179746982988e+00
6.186518816177158930e-01
3.957330431278564542e-01
4.423824241517936295e-01
3.213225404327925139e-01
7.052572564722484616e-01
9.306495041051643380e-01
4.223654355170449182e-01
3.683751878756930664e-01
3.224156418731141671e-01
1.688975618635179810e-01
3.662730722832579500e-01
5.407071955162084942e-01
1.233147877579880092e+00
5.781017562941614951e-01
4.863430545898068114e-01
5.644290085944723145e-01
1.063637981583833714e+00
4.716531234359150337e-01
3.951136398605698541e-01
5.512260872035903425e-01
7.245297124176663939e-01
1.106919703576833003e+00
7.058748044614973072e-01
1.226135726726627295e+00
8.645430544455983135e-01
7.903999351315710298e-01
1.027728857181239741e+00
7.098814302437059798e-01
8.472639975648867949e-01
4.773681295358436771e-01
3.922128622096414108e-01
3.821485699534624692e-01
9.690393925859399626e-01
1.000744612614575368e+00
8.412332991541279226e-01
7.457675669067981294e-01
1.439618598743062083e+00
9.574087050547648303e-01
4.292749653512935581e-01
4.801290425581642429e-01
1.536927271588726940e-01
5.725912034507796289e-01
5.894535130513085530e-01
5.213731521672566593e-01
3.784897700989631186e-01
3.364661904217766675e-01
3.719835734954868856e-01
1.008680701478708919e+00
8.080715142904338899e-01
6.006448078422151893e-01
7.858358939891039174e-01
6.459186798705989219e-01
1.038536836259894125e+00
1.106793627818518422e+00
1.194671315407887180e+00
2.875792059756400398e+00
1.274175626624839852e+00
3.651607860030003927e-01
1.035595161868636538e+00
7.823821242490144323e-01
8.213917398765331335e-01
1.043941555790337317e+00
9.391997686797032285e-01
1.858184455274354718e+00
2.274101716641005577e+00
1.351201780260016916e+00
5.492356268346437753e-01
4.845981263014370599e-01
1.280786444630014564e+00
2.666799835009779240e+00
1.373061269274833851e+00
1.227457152524765061e+00
1.084564886620311031e+00
4.665636993915566744e-01
9.912967419688947235e-01
1.132207902613901140e+00
9.961802600426337140e-01
5.313362798645717699e-01
1.499846148383646049e+00
1.023259339303443483e+00
9.496146757701581231e-01
1.438669114414601324e+00
6.223043515618891242e-01
8.537861492199871893e-01
5.629359562674440820e-01
2.058729438043989557e+00
7.320940711156409542e-01
5.671750206924501825e-01
1.138473248653569803e+00
1.239528657055242400e+00
9.385332168071082171e-01
5.423227215363016773e-01
6.196195473421410860e-01
9.086786938545912129e-01
6.261539377877801682e-01
9.569374140287062458e-01
9.151381393833596389e-01
6.319255604080323829e-01
2.685227468999928924e-01
4.162995635892507429e-01
3.566077775178284615e-01
3.350492422133053427e-01
4.652078240753361182e-01
5.599706809143044639e-01
9.163652388979743879e-01
7.108204642922176797e-01
1.060164865041392790e-01
6.650136484459100439e-01
7.823180325182566008e-01
-2.687616252730605851e-02
2.476505101259203756e-01
1.354140831186164240e+00
6.244469756881708689e-01
2.369719353561023090e-01
3.355033809797024480e-01
6.270073412753953690e-01
2.254832175778294923e-01
2.403426004241998037e-01
2.841727858579622956e-01
1.027946147619146933e+00
3.472260827010977269e-01
4.963684987606196142e-01
2.547797087667404425e-01
-3.003326559882306922e-03
8.896196316397079196e-01
5.616436316874617862e-01
2.162211164439215294e-01
2.339635252379798358e-01
3.826461578011264297e-01
8.656793085031651014e-01
3.360221590072812736e-01
1.092129862356357173e-01
2.718324909876888018e-01
8.313023610084087078e-01
1.088612394617964663e+00
1.064634635912329097e+00
8.010035836848926616e-01
1.568301728142860729e-01
9.228192251710118366e-02
1.765823695125657566e-01
3.189728840964682899e-01
5.104931941930039851e-01
2.315332616339615401e-01
1.574512263805876167e-01
-1.538290605232369435e-01
5.035224143707277555e-01
9.485646473361337705e-01
2.149835641309260081e-01
1.399084585403561065e-01
2.888900785734889176e-01
1.779288347142009563e-01
4.848008333495979622e-02
3.032424398936888754e-01
3.901158199185550401e-01
2.737921500661109064e-01
2.502728061079038113e-01
4.852365175000930009e-01
3.714859051331340645e-01
5.040868152622353104e-01
-1.914939454457557227e-02
2.999733407390861029e-01
4.606542391264671354e-01
1.280938385437276061e-01
3.982811628896800182e-01
2.084303249936617919e-01
4.441269165342455194e-01
3.995667314763905187e-02
