1.466261001385447134e-08
1.180709065458594026e-01
-4.096925965821365812e-02
2.863362333047290154e-01
1.235344995060684431e-01
5.815017263811127213e-02
3.071981607932806613e-01
2.041193151893057665e-09
5.671700580071044329e-02
-1.728994558629764033e-09
5.859709807469321713e-02
3.042360206678170198e-01
1.200713072243344975e-01
4.042577797321449395e-01
3.465613429193925010e-01
-7.828552437213097131e-10
1.075674509177950988e-01
1.607054443481840678e-01
9.366959336459872165e-02
1.494695726765853661e-01
3.149634050769950511e-01
4.523253554744076088e-01
8.399769531903247821e-02
1.006681273447675995e-01
2.166561468578719618e-01
1.410336059181993007e-01
1.396038971993463496e-01
1.063364020498014512e-01
3.453863784772991802e-02
1.341653351582790810e-01
3.669689478612435385e-02
2.348337465087221021e-01
1.578154360434793346e-01
1.546519198334254386e-01
2.612976617285568404e-01
8.455099358591496028e-02
-2.606087612078302959e-03
3.756566865369957431e-01
4.827106434281076552e-01
2.067093827570605225e-01
3.585514040149837545e-01
5.401210748009499518e-01
1.203122431617357629e-01
1.080670721102193754e-01
2.757537090948726651e-08
1.829465277025729419e-01
1.243210964035013910e-01
1.606616484535920153e-01
1.019290541787943316e-01
1.396309154399996144e-01
2.713744851260442177e-09
3.147166005281594181e-01
1.646598453287516917e-01
1.031535225313043452e-01
3.028113794293568750e-01
1.769759710021657773e-01
6.910925646674989653e-02
5.015262447282244768e-02
1.754268073762441926e-01
1.443240319922314274e-01
2.092400884868458044e-01
1.248580869467589144e-01
8.659250600361290129e-02
9.455501671793738183e-02
8.866610251170074786e-02
8.662400925030055987e-02
3.213058965931154809e-01
3.022561632524386477e-01
1.695976487795998119e-02
1.825532071694233038e-01
4.919249376493804449e-01
3.102104975123087804e-01
4.365432451909698752e-01
1.724173781730579669e-01
1.540698890750704375e-01
1.822894081781377129e-01
2.621924174755886905e-01
1.187684974634168333e-01
7.680173810948107138e-02
2.376593901002524711e-01
1.932235719086455861e-01
1.182452132177338050e-01
1.656375627675367723e-01
2.234342787382621320e-01
1.598925262428725347e-01
7.386336874220202908e-01
8.451086982567913575e-01
5.972564913738210857e-01
3.222783444903267180e-01
3.037283109834898465e-01
2.147179025942028974e-01
5.619004799794019567e-01
3.651801153862539034e-02
3.436922742404162623e-01
6.882955367209007136e-01
7.355159592470518204e-01
1.780630763886776879e-01
2.247237635509898579e-01
2.721451088591215761e-01
7.782185933559008125e-09
5.000725849301632109e-02
1.982135774666261008e-01
7.040781291041564582e-02
3.826916463449662742e-01
3.743779184067879129e-01
1.602227844698819181e-01
1.196121485030355175e-01
1.016682983634467907e-01
3.092217572608600973e-01
1.301744789707924843e-01
2.211253619471388876e-01
7.886401718852873444e-01
2.064630427383544187e-01
3.548633235834687816e-01
6.029311994991762846e-01
2.776479349556986165e-01
2.727355714433555289e-01
2.027587983278631156e-01
1.997072905255165842e-01
1.288588901961263966e-01
3.869702067680989149e-02
5.021951551873897746e-01
3.223045239751117785e-01
3.661786074689745152e-01
1.014619039084026841e+00
1.782188638784459600e-01
1.777627230939011760e-01
3.328211867114657663e-01
1.094529915393188668e+00
4.086636209741114634e-01
1.082205639704927891e-01
1.351464315129829175e-01
9.783641605543767772e-02
4.570700195952562966e-02
1.426141551782248162e-01
-5.912084759055121624e-02
2.825457502908084173e-01
1.501087852568759595e-01
1.794143374695251203e-01
1.074375300569573588e-01
5.900365925269335232e-01
1.058472378162220506e+00
8.532020048122492817e-01
5.384810159353790038e-01
4.558105449669245801e-01
2.214041723082011415e-01
2.379242887390006778e-01
1.575720586875658524e-01
4.007472937347594799e-01
7.734512645977874579e-01
2.502552708656841651e-01
2.294754828283386838e-01
1.346120432468834172e-01
1.050278039653750745e-01
9.971105768455620910e-02
8.298623671980602523e-02
1.140703104960361647e-01
1.116981963856538973e-01
1.266452146544184143e-01
1.435232143194503374e-01
1.045307701782555165e-01
5.976853953742317094e-02
6.924637824791617380e-01
1.018899678796202357e+00
4.020454765672538677e-01
1.409247178093175346e-01
1.865599953687365753e-01
2.942784627767856542e-01
2.182775243079948246e-01
2.104268197350916692e-01
4.607188941407469596e-01
1.992023413125373066e-01
1.567536062355061044e-01
3.879373450067623574e-01
2.768832712725027290e-01
1.091634328330243486e-01
1.127814253901068403e-01
5.144553515649408215e-01
2.652702494977080550e-01
1.159114059908871036e-01
7.771699603790581390e-02
1.025611493281635977e-01
1.035317553213976061e-01
1.997282955082406997e-01
1.279841120323239601e-01
2.237217214199748727e-01
1.773297062390891965e-01
2.853824719885730277e-01
3.607204458415076975e-01
6.878282253699757876e-02
4.903462676402818576e-02
1.838896683155878953e-01
1.984027883293676686e-01
6.743368710416065837e-02
7.258043557835941462e-02
5.090498704771674598e-02
3.570666965340656140e-02
3.930797137507707761e-01
7.928738912849597753e-01
1.992778135839597120e-01
1.698199117472506681e-01
1.909836123479255465e-01
1.511342719507964560e-01
1.170854865853344501e-01
8.192147090679148536e-02
2.950183345376036770e-01
1.751014902380335914e-01
1.692833861299478382e-01
2.970547228914948712e-01
9.384957373484380527e-01
6.089905723157075235e-01
8.080575113848842417e-01
1.423735487636842711e-01
5.065063596252319389e-01
2.591203558356366954e-01
2.630929693280067982e-01
8.583828495841208661e-02
1.659176965373233559e-01
6.802695815962907233e-02
1.140119426106060097e+00
6.493456752892637907e-01
4.325629841569124667e-01
4.050784526481974734e-01
3.028648203957973739e-01
2.985259934264496984e-01
6.632528725403943337e-01
5.466239419656677700e-01
3.169053386654511195e-01
5.718943201390584985e-01
2.264647910746101500e-01
4.362053712711803088e-01
2.004172853636944363e-01
1.333291619396619054e-01
6.717549899470627583e-02
1.922860807595393462e-01
2.104545242102290603e-01
1.423309229643444918e-01
2.656996027760356038e-01
1.864842823618566015e-01
4.272123096617608251e-02
1.197065680091727730e-01
3.369910903632435395e-01
2.444884533560799655e-01
2.615601141793847395e-01
3.179671835329053176e-01
3.296845507672791498e-01
2.650477444712305841e-01
3.808367771088137510e-01
4.417563045408450240e-01
4.472823120407268260e-01
2.808117807110415143e-01
3.206624188660756603e-01
1.857848363869487041e-01
1.599528884914426241e-01
4.599500733533895547e-01
6.161714919485455910e-01
2.036876279687858116e-01
1.700120867559495319e-01
5.877964099758130612e-01
3.477846112663114941e-01
3.923053735046881374e-01
6.112498338270039300e-01
6.425402983878503171e-01
4.416434983608557019e-01
8.771617060584032677e-01
9.667801693285917874e-01
1.190797917151356966e+00
5.671770805522821091e-01
5.224971406290739306e-01
6.664289755675663063e-01
9.143346093041413436e-01
9.780863493749401005e-01
1.419970251243725112e+00
1.495153918602772913e+00
3.728850383705112348e-01
1.063797358521738623e+00
1.282247072557562984e+00
9.704559043618092851e-01
1.656026504918878928e+00
7.781575051983234959e-01
1.045439045882348150e+00
1.041788983741641417e+00
1.200584371409876061e+00
1.667746985538492099e+00
1.541091902782321554e+00
9.572648839376016738e-01
1.103342336726417683e+00
2.012928099263169734e+00
1.223512572808176380e+00
9.457903518858515879e-01
1.268498640592005788e+00
5.042878155366494752e-01
1.426504285902493230e+00
1.243601698497255770e+00
1.016029712672708474e+00
1.225108493797370190e+00
2.644206481503791339e-01
1.270502162356930809e+00
9.028170429466024771e-01
1.707534974032592023e+00
1.005914279214202400e+00
9.889702900234934591e-01
2.881893484584893694e-01
-1.620698511120689522e-01
1.057398039613644425e+00
1.020980038740164408e+00
6.071567946243042746e-01
2.611434628497038557e-01
5.569543824157537071e-02
-9.665498188806126434e-02
5.279480099409132876e-01
1.440411627042581744e+00
1.630473747393945960e-01
1.238294005128845132e+00
3.302590799377005393e-01
1.560422876698228101e-01
8.265756952533123147e-01
-7.286028658983315087e-02
9.135656573585108076e-01
8.489971488515383191e-01
2.339686140954785887e-01
6.803332443208581770e-01
6.154769174273817534e-01
2.089946489638194738e-01
1.253700025600175350e+00
1.111383049387657751e+00
1.356166257686627352e+00
1.161303747787675311e+00
6.579826881310644193e-01
7.092835848199040560e-01
6.354219221598748080e-01
1.272794587216761752e-01
1.981379007648396140e+00
8.213714522155985964e-01
-2.666706777529829209e-01
2.341630408452943790e+00
8.175873508929425437e-01
1.975312791594471817e-01
1.291990841803285273e+00
9.384676231832618232e-01
1.295624005867599848e+00
1.644673883104831313e+00
1.083380792308783036e+00
9.458879229146829326e-01
2.442503651072495674e-01
1.283843751120659959e+00
1.437896295398986668e+00
1.793017484524571881e+00
1.024492329732470175e+00
1.183000692706557055e+00
8.130623846895493889e-01
6.359220121113812185e-02
1.141181270505432055e+00
2.473625518369959586e+00
1.659248752527208159e+00
1.032904055130273724e+00
7.497852014646576579e-01
1.181980904599981841e+00
2.973498618826971307e-01
4.582879991259793395e-01
9.339855726084115295e-01
7.905533639729750428e-01
7.980479602121520744e-01
5.084567612551954552e-01
3.454135531865530906e-01
