7.600687718076301613e-02
1.232391430020948059e-01
-4.096928940828487714e-02
2.863362334323636960e-01
1.214399619757077081e-01
5.815016324555490057e-02
3.096539128027679388e-01
4.511836461222046846e-01
7.655122197132972761e-02
3.299008574703440888e-02
6.459159609627292131e-02
3.042360239942011879e-01
1.223596687814238054e-01
4.042577090683128760e-01
3.465613195534211766e-01
3.140950438940403461e-02
1.097170605682745159e-01
1.607054533828748966e-01
9.366964794458450261e-02
1.494695854317355799e-01
3.155333105515878422e-01
4.523254327677764253e-01
1.002376511519684488e-01
1.101009827999889917e-01
2.047601822463697430e-01
1.410336672106183575e-01
1.336378624731723030e-01
1.055527332888205883e-01
1.125749491565935650e-01
1.341651868778512557e-01
1.151618469241442316e-01
2.348336689283095635e-01
1.578154199226057819e-01
1.619989167313494460e-01
2.612976057752037229e-01
8.707109948925145781e-02
-1.330373132047410999e-02
4.295833804353794694e-01
4.827105327039536986e-01
2.061509633162770805e-01
3.535522654529115738e-01
5.401211544365982498e-01
1.701323428730917853e-01
1.122357430394791550e-01
3.699235772910728498e-02
1.829465055757159009e-01
1.243211242934151584e-01
1.606616629756756898e-01
1.095553314319468174e-01
1.389882560640428866e-01
8.316213964063554065e-02
3.147165990817564762e-01
1.765945376939476175e-01
1.526676768034495590e-01
3.498300749616514715e-01
1.899249709485664184e-01
1.298983559738922100e-01
7.285155046309357840e-02
1.777011428352343603e-01
1.695994535828052041e-01
2.335597457334006588e-01
1.756700129157936774e-01
8.632753865215750388e-02
1.291270584573077640e-01
9.006062565900194161e-02
8.662405254279685607e-02
3.213058372119818595e-01
3.022560939889583631e-01
3.124189889361076930e-02
2.414267024547461227e-01
5.473457523309359640e-01
2.481869220662986375e-01
4.700715068589321755e-01
2.270807569833099004e-01
1.540698732118822023e-01
1.979407412683204526e-01
2.699457207788509838e-01
1.938156798937161474e-01
9.256709740053936653e-02
2.376593896349743218e-01
2.408550053560019333e-01
1.182453227770544901e-01
2.292849777009460244e-01
2.559897028825005583e-01
1.673146831964693049e-01
6.705228299501675426e-01
8.451087211999182003e-01
6.845115729199298116e-01
3.299973835501778252e-01
3.181212058296543632e-01
2.247776607695634032e-01
5.619005397259416723e-01
2.196527895701043953e-01
3.436923338625740842e-01
7.107412083141072534e-01
7.531412604477614181e-01
1.780630778063141129e-01
2.247238394191709288e-01
2.678133697193576523e-01
4.485496676560403462e-02
3.014499586664141223e-02
2.517602295119676370e-01
1.378249318952857183e-01
5.577728638881519485e-01
3.800420945234360692e-01
2.287439452670232409e-01
1.246039394576577281e-01
9.695318637568986486e-02
4.761914066410939395e-01
2.314152948506190133e-01
1.710397941721027437e-01
7.816453585516078828e-01
2.568694736933049838e-01
2.927984073234120577e-01
6.029311572161206723e-01
3.126527728496947822e-01
3.030648529593865104e-01
2.235465010347043036e-01
2.379252750017637752e-01
1.326357243337894232e-01
1.956856008838967625e-02
5.021949871434087109e-01
3.272881009574057365e-01
7.075051282550296472e-01
1.075456082932406687e+00
2.159825142241189599e-01
1.906526126772132290e-01
3.457583889119928422e-01
1.122324814846935359e+00
4.259079040990234599e-01
1.136483064916028463e-01
1.530261642862934812e-01
9.207214280526118677e-02
2.176704563701374606e-02
1.426141539722552143e-01
3.103376176798415820e-01
2.747726059346085603e-01
1.980540334423706306e-01
2.446690585758407310e-01
2.777718683254286614e-01
9.071790079585908551e-01
1.059270528278242418e+00
8.455206334720282157e-01
6.157358902906143738e-01
4.558105504533710439e-01
2.512753357957891454e-01
2.371060015426142698e-01
1.868862658586270820e-01
4.007472975308644658e-01
7.734512732964321513e-01
2.746717440741074379e-01
2.541856567149275992e-01
1.672619795975180679e-01
9.159553589409770435e-02
1.009265000476645968e-01
8.298626359062198643e-02
1.214076547368016373e-01
1.116982502600294136e-01
1.266452208102348820e-01
1.296266967397604886e-01
1.369866280578770634e-01
1.230080372935786759e-01
6.924637848049771671e-01
1.018899815099546524e+00
4.051620817451357937e-01
1.577200263809269420e-01
2.217069702686984278e-01
3.987115772641041112e-01
2.569808470448470272e-01
2.104268226391053098e-01
4.607188927097283782e-01
1.980250873659218369e-01
1.149877722755790199e-01
4.170998596577868422e-01
3.065268603335269959e-01
1.416944214026886473e-01
1.127814248293914356e-01
4.605601466035582625e-01
2.541989966753541164e-01
9.712311383002462939e-02
1.778789780538235499e-02
1.025611495096552944e-01
1.593532436609599312e-01
1.997282928052660222e-01
1.279842650758354350e-01
2.115149824002019452e-01
2.624375242053983981e-01
2.540105720819250679e-01
3.348432797704725128e-01
5.651346263546733889e-02
3.460008796269932463e-02
1.838896751127098717e-01
1.744577565576035383e-01
6.743379734251943314e-02
6.746217774558189995e-02
6.804860648888018393e-02
1.411263265150782542e-01
3.930798100305377130e-01
7.928749323821967510e-01
2.387990508851674520e-01
2.296136360621252592e-01
2.292083132681535795e-01
1.579382337260328006e-01
1.565227383326535660e-01
8.192139993585656477e-02
2.950184478522359099e-01
1.751014985905381682e-01
1.895548163489979010e-01
3.170188305757791758e-01
9.691155871822414447e-01
6.363406551037033010e-01
8.080576027442102349e-01
1.044624138537385560e-01
5.054837432118387541e-01
2.872842963144250916e-01
2.666116070827886375e-01
1.836283970721371284e-01
2.016774690291056327e-01
6.844875090945531926e-02
1.140119439062571738e+00
6.777864484106962406e-01
4.682305261345167668e-01
4.104493402217045395e-01
3.162269225309428666e-01
3.790234377243580921e-01
6.491558681830856825e-01
5.466239367758335410e-01
3.207915180174912284e-01
5.830273769906052506e-01
2.607717109063557026e-01
4.362053983240764543e-01
3.004966814543260645e-01
1.379429245976248608e-01
4.191800275966209299e-02
2.118119576095149059e-01
2.603879696158103996e-01
1.458064680363924670e-01
2.994544223492516255e-01
2.026949183525397213e-01
5.643353832815051901e-02
1.197064184010085824e-01
3.082564355091417241e-01
2.444884768964434574e-01
3.417420120972288200e-01
3.942946402151387142e-01
4.039763512074726615e-01
2.860495761322410235e-01
3.382657399520041519e-01
5.750208050620019273e-01
4.503498067863213605e-01
3.118759675823046806e-01
3.342371111465031741e-01
2.089682431075513269e-01
1.909756227806751749e-01
4.599500862484993124e-01
5.925195163352637850e-01
2.587567010231779374e-01
9.608614227223283288e-02
6.701148943154090487e-01
3.496132743377997620e-01
4.401619643220400779e-01
5.213994099431896734e-01
6.756893241179856568e-01
5.220470607590317336e-01
8.771157168167704743e-01
1.005026900320191929e+00
1.335205747311065450e+00
5.630480380523511519e-01
4.373451276892061923e-01
7.477172979248905005e-01
9.343441513893246952e-01
1.086382794168877064e+00
1.428644069983021403e+00
1.541247308979575736e+00
3.996090822132526421e-01
1.070037573432975231e+00
1.386054521281011143e+00
9.744346586598413573e-01
1.645082559042053694e+00
7.529959315487314564e-01
1.045439023355275721e+00
1.084303534289924986e+00
1.206861957301101906e+00
1.705283987690165537e+00
1.543775095796707353e+00
1.042069626046771669e+00
9.747819095167720160e-01
2.013218016155506884e+00
1.271805917193766788e+00
9.702877523508952606e-01
1.281816975405608794e+00
4.298265562599016820e-01
1.426504308793318465e+00
1.255701756628468280e+00
1.016029680274734170e+00
1.109145865802954489e+00
2.588600747901684263e-01
1.270495332360371377e+00
8.644429462795975017e-01
1.755740376071555087e+00
1.012676992956454525e+00
9.889702295555530265e-01
2.795287327768928298e-01
-1.717104164680991474e-01
1.011441371625824370e+00
9.235409698808972889e-01
3.749377677644510354e-01
2.295386423037336643e-01
-4.669153843636320196e-03
-1.079024960955367318e-01
5.267766357847120107e-01
1.413481016559056780e+00
2.047708180682684953e-01
9.603506697891058819e-01
3.535405611092746758e-01
-2.600037029623733162e-02
6.395086450214525486e-01
-1.659695841104627811e-01
9.135657802350248824e-01
8.489974679244721711e-01
2.339686273874949374e-01
5.800295390673372298e-01
6.019159129088472726e-01
4.299731271272265731e-01
1.253700277642444183e+00
1.111383548993728931e+00
1.356166376832437237e+00
1.161303665044228106e+00
6.579828130497111793e-01
7.092836786177891817e-01
6.354220652292368321e-01
1.272794422294303562e-01
1.981378999963709697e+00
8.213715763676661119e-01
-3.055126463011595961e-01
2.270022877244540105e+00
7.448901489986596847e-01
1.975312876805798701e-01
1.291990857673698923e+00
9.384678511967903258e-01
1.278776107201489598e+00
1.644673893486299665e+00
1.083380882167978232e+00
9.458878547165010531e-01
2.442504137086405902e-01
1.283843821606635682e+00
1.412673827273993599e+00
1.793017554904489774e+00
1.024490313482634862e+00
1.183000842697762067e+00
8.130624466737045308e-01
6.359204122533211601e-02
1.141181282525446150e+00
2.473625964015196299e+00
1.659249987281783190e+00
1.032904097517737707e+00
7.497855130631224663e-01
1.084369045404420806e+00
2.973497816263328541e-01
4.582881076636164397e-01
9.339857214587435896e-01
7.444740691623645823e-01
7.980477137478036997e-01
4.390306897034354505e-01
2.739771826575929103e-01
