1.461034065950672725e-08
1.180660384671648050e-01
-4.097331206610888704e-02
2.863320700167160671e-01
1.235306773661286051e-01
5.814557157102313162e-02
3.071940902431091747e-01
2.038810422245663142e-09
5.671418094334348958e-02
-1.723094585581695891e-09
5.859323484585653857e-02
3.042317651147492530e-01
1.200672360548170059e-01
4.042535300934986253e-01
3.465573506402205295e-01
-7.824533722208450530e-10
1.075634543576181323e-01
1.607022488174104646e-01
9.366572988876020744e-02
1.494654872791706113e-01
3.149590613348124957e-01
4.523212813161749946e-01
8.399491581015153252e-02
1.006647615485600500e-01
2.166523703066962625e-01
1.410295995778710620e-01
1.395999036712603503e-01
1.063318250398576637e-01
3.453718064106710284e-02
1.341613637301811157e-01
3.669531260314475712e-02
2.348292906604938224e-01
1.578106832782367186e-01
1.546482044699961367e-01
2.612938080919790518e-01
8.454675367703072542e-02
-2.608297963104259844e-03
3.756528139741937555e-01
4.827061779083201554e-01
2.067050007743259088e-01
3.585475303826387572e-01
5.401171967406701580e-01
1.203095148304950679e-01
1.080631045228172410e-01
2.782516798960595279e-08
1.829423861806172835e-01
1.243171244137858816e-01
1.606580793985130928e-01
1.019254315845468800e-01
1.396268740824522792e-01
2.723103331172118632e-09
3.147123840473924905e-01
1.646556429217410356e-01
1.031496371130205536e-01
3.028077264105870081e-01
1.769721907410575223e-01
6.910568340881824423e-02
5.015047630574275689e-02
1.754792473431888156e-01
1.443197620026004657e-01
2.092360203105550487e-01
1.248547082068289377e-01
8.658885823016598815e-02
9.455149644398688769e-02
8.871359016791419139e-02
8.666379640354567038e-02
3.213023777085145527e-01
3.022521432662213514e-01
1.695725206831786777e-02
1.825519797687561729e-01
4.919411629618419268e-01
3.102231698754829292e-01
4.822779477900362988e-01
1.724130418075259519e-01
1.540657307004078824e-01
1.822854206069154936e-01
2.621880499148545041e-01
1.187967862212506304e-01
7.682143956811432473e-02
2.376659005718705364e-01
1.932195724306005336e-01
1.182417339888651164e-01
1.656336460339058181e-01
2.234534863597372745e-01
1.599188054344558574e-01
7.386613937457681134e-01
8.451504353315379969e-01
5.972878261328571359e-01
3.223247427843546342e-01
3.037796144582433078e-01
2.147545265745883225e-01
5.619382578717908583e-01
3.651316991565760339e-02
3.437235289584078535e-01
6.883157128050049200e-01
7.355608539667403134e-01
1.780854523523541788e-01
2.247197640704616806e-01
2.721413484053709642e-01
7.821793899965385114e-09
5.002525960687415063e-02
1.982089492741194725e-01
7.040352953479696307e-02
3.826988357740649382e-01
3.744153893953049428e-01
1.602329569187251057e-01
1.196244605159330066e-01
1.016756658239405114e-01
3.092176344373326335e-01
1.301707982279483311e-01
2.211598905923235492e-01
7.886724398063919006e-01
2.064934909934160734e-01
3.549062732547849652e-01
6.029820216485443085e-01
2.776996503035157882e-01
2.727657504682973189e-01
2.027878031529273262e-01
1.997257215283836929e-01
1.288578076570872921e-01
3.869751943082116313e-02
5.022201394047639544e-01
3.223413347651896688e-01
3.661996111244583685e-01
1.014662347610282733e+00
1.782147287272296265e-01
1.777985444371163182e-01
3.328490302564577341e-01
1.094571033628910062e+00
4.086750590883682088e-01
1.082166041701201620e-01
1.351438017627758226e-01
9.785797923696490375e-02
4.570427110619008915e-02
1.426442423094415046e-01
-5.912510061476523165e-02
2.825650711796025005e-01
1.501049689975273715e-01
1.794360839296841037e-01
1.074601533294338718e-01
5.900420119770845018e-01
1.058519004113855022e+00
8.532285401697494720e-01
5.384905062371614370e-01
4.558499595536470439e-01
2.214017261539456549e-01
2.379323059254666028e-01
1.575895967867840530e-01
4.007758448873318113e-01
7.734926452649174555e-01
2.502981727978543791e-01
2.295181126971093111e-01
1.346320406699176020e-01
1.050563819986922859e-01
9.971604813009081469e-02
8.300419193061092660e-02
1.140713101578370581e-01
1.116942594272767736e-01
1.266430198050168543e-01
1.435323782027540795e-01
1.045277531005114613e-01
5.979192974366077246e-02
6.924890066484237217e-01
1.018951064420390074e+00
4.020845134342083682e-01
1.409432224247566534e-01
1.865836446862471631e-01
2.942866828777397914e-01
2.183019539406147180e-01
2.104655409073984407e-01
4.607422858438818269e-01
1.992172580612631416e-01
1.567498227159189184e-01
3.879337778367690226e-01
2.768793149403931397e-01
1.091586428645813650e-01
1.128167173759010988e-01
5.144889646463151056e-01
2.652826874963216119e-01
1.159076395943491600e-01
7.771960697792597295e-02
1.025575250710467901e-01
1.035373199725993787e-01
1.997568837000327779e-01
1.279904762033172716e-01
2.237190836525035642e-01
1.773300307749091087e-01
2.853782467265931211e-01
3.607159844168223439e-01
6.877820814603619048e-02
4.906156290796068881e-02
1.839132110669960685e-01
1.983987549170351528e-01
6.743120043840976352e-02
7.257747854489973727e-02
5.090124578502180919e-02
3.570563243932017156e-02
3.930933971466202825e-01
7.929057685412589374e-01
1.992933413193376524e-01
1.698266220092587153e-01
1.909925938891637032e-01
1.511635490522103553e-01
1.171218831347025646e-01
8.195044835534377736e-02
2.950442936943560301e-01
1.750968816469698486e-01
1.692803103261198150e-01
2.970752095961038397e-01
9.385328958288200463e-01
6.090221640643359580e-01
8.080888953792190188e-01
1.423911181184885355e-01
5.065219674296697061e-01
2.591163604842646184e-01
2.630887912716197152e-01
8.583552766513985466e-02
1.659379285382722724e-01
6.802494111632198526e-02
1.140130698069753867e+00
6.493624539965940912e-01
4.325674471945876176e-01
4.050985821033428191e-01
3.028791029459011463e-01
2.985461798803836775e-01
6.632854286699849666e-01
5.466511364802412176e-01
3.169090112274829951e-01
5.719080698601919366e-01
2.264642839713597866e-01
4.362010565540312412e-01
2.004123733720659661e-01
1.333587832486994862e-01
6.717141892471777120e-02
1.922813033145713835e-01
2.104498071926194924e-01
1.423586383111590248e-01
2.656958600172972251e-01
1.864864823635872804e-01
4.271975439539243968e-02
1.197029397595613803e-01
3.369868442245923523e-01
2.444837708505234186e-01
2.615563512958591907e-01
3.179622976139548363e-01
3.297046038068235929e-01
2.650823089379646391e-01
3.808637219470307200e-01
4.417521530535131191e-01
4.473131150260774014e-01
2.808263420596397442e-01
3.206580466582376610e-01
1.857808803746456849e-01
1.599618523206897958e-01
4.599756199428087222e-01
6.161744480608383201e-01
2.036993465369526801e-01
1.700167045629586704e-01
5.877993143650955821e-01
3.477829686328200998e-01
3.923152226310773760e-01
6.112502713997512993e-01
6.425359172543088082e-01
4.416402863856002670e-01
8.771788049053017566e-01
9.668081707591941187e-01
1.190809363673497989e+00
5.671823246166114441e-01
5.224982890687993597e-01
6.664320596012202058e-01
9.143385389408520414e-01
9.780885076684893153e-01
1.419986045488665027e+00
1.495180125086642997e+00
3.729059718488638153e-01
1.063800996773272889e+00
1.282242617354020675e+00
9.704517995533186170e-01
1.656032443554738887e+00
7.781638505558838848e-01
1.045443057595018654e+00
1.041813389660604772e+00
1.200624763493834291e+00
1.667768668987310798e+00
1.541089887703375627e+00
9.572698198832719774e-01
1.103336677729433113e+00
2.012941898802397489e+00
1.223519973712098974e+00
9.458047844200000442e-01
1.268515269209283369e+00
5.042825930807934842e-01
1.426514111483540459e+00
1.243615343635281478e+00
1.016056073951131067e+00
1.225113435788944383e+00
2.644374736576982077e-01
1.270512752461032457e+00
9.028232869914705194e-01
1.707550121971979973e+00
1.005935201680904223e+00
9.889869626666244473e-01
2.881824680636369540e-01
-1.620553391137792842e-01
1.057392716413602995e+00
1.020980343698619341e+00
6.071548756908162758e-01
2.611405418263773037e-01
5.569409092803042499e-02
-9.665618204838000160e-02
5.279616567442357855e-01
1.440407783565378352e+00
1.630438010610765209e-01
1.238298644529597814e+00
3.302601900714285388e-01
1.560404291262482701e-01
8.265717792914412110e-01
-7.286257343002602860e-02
9.135611928610491983e-01
8.489932175411558646e-01
2.339649699378504033e-01
6.803376938340524038e-01
6.154870457787916527e-01
2.089904412398730094e-01
1.253695972341206222e+00
1.111379394304175205e+00
1.356162083076364988e+00
1.161299159903974809e+00
6.579786332690753525e-01
7.092791953343968725e-01
6.354182148122134999e-01
1.272749852563774542e-01
1.981374774374222492e+00
8.213655351508420965e-01
-2.666755410801219250e-01
2.341626651834052719e+00
8.175833552391567061e-01
1.975264170226461724e-01
1.291986725328691632e+00
9.384630904758889391e-01
1.295619528831930101e+00
1.644670040784934839e+00
1.083376635206609651e+00
9.458840245310877748e-01
2.442463334895356442e-01
1.283839687215506009e+00
1.437892413018497795e+00
1.793012809036198307e+00
1.024489271076484798e+00
1.182996680420171920e+00
8.130581631674211884e-01
6.358761514393750092e-02
1.141177125473184395e+00
2.473621490675681045e+00
1.659244141318370280e+00
1.032899895762673603e+00
7.497809144382574509e-01
1.181977340809244659e+00
2.973458469128673065e-01
4.582831874379779125e-01
9.339816919540459006e-01
7.905497466937658757e-01
7.980440846290405288e-01
5.084514102922587098e-01
3.454193675790080409e-01
