1.015360091888128480e+00
1.363339354247181445e+00
1.423685928664403910e+00
1.038658336122111558e+00
1.267562270991692497e+00
1.124751861211926274e+00
9.372156131928032208e-01
6.125548125570642322e-01
1.182076524541332718e+00
1.203492847716284730e+00
8.349493621585402092e-01
7.856728500218970179e-01
7.166859655384602013e-01
8.440596370373237844e-01
5.677926952443592690e-01
1.261058482470391873e+00
1.206500661071121305e+00
1.265268484628318424e+00
1.333664638200214414e+00
1.477825424572654089e+00
1.371240400275938853e+00
1.349156376516109423e+00
1.776045872162224759e+00
1.667687118438311078e+00
1.264039019897061911e+00
1.195428089023042428e+00
1.403202901862155461e+00
1.067753670174032221e+00
9.406354649914997479e-01
8.028359289323363512e-01
9.648779271591019224e-01
9.268681307029394967e-01
1.277315034449376663e+00
1.005355186272208323e+00
1.238568276637395105e+00
1.080581983930339662e+00
1.448189244167218170e+00
1.172198674459471901e+00
1.070540632935615966e+00
8.760451147057971566e-01
8.919913778154753281e-01
8.407190190813395025e-01
1.008431480166904759e+00
1.044771010111523513e+00
1.273300765193854156e+00
1.114406872926706704e+00
1.087828020039474763e+00
8.361889076900859141e-01
8.532948128138895250e-01
9.648248599507984746e-01
6.767784909560651263e-01
9.179476519904349319e-01
1.059414621817344804e+00
1.033680359889209921e+00
9.319521742546631460e-01
8.718100138315081349e-01
1.004705722570580217e+00
1.125154934973847443e+00
1.110831474611304825e+00
1.182260596172088007e+00
1.075442276622807336e+00
1.036721037697411862e+00
9.880341867907433961e-01
1.126895696463563246e+00
1.367846587694406368e+00
1.006360534085608105e+00
1.310949943391773953e+00
1.215233748224346710e+00
1.109264815708676633e+00
9.628724068260909874e-01
9.283108037525811262e-01
8.112653696361213917e-01
8.753193154089756733e-01
1.059767009595501630e+00
9.946916468997121230e-01
8.849875705836127704e-01
9.387527807978065519e-01
9.438497201241552448e-01
9.989615206614834708e-01
9.618636862398685095e-01
7.981667595105372826e-01
7.301450996682993244e-01
7.175886760053969970e-01
6.070017151267285138e-01
7.948307685828417402e-01
8.897287380485846553e-01
1.079706153543227742e+00
1.107418106116462297e+00
9.085669176932077429e-01
9.741448769272254005e-01
8.442066858556700470e-01
9.061079691507711864e-01
1.114320500831801120e+00
1.178497696368847603e+00
1.160065321045421260e+00
1.090502649049637895e+00
1.012102475680578761e+00
1.043650658228243655e+00
9.664053535434283804e-01
5.002061230872971720e-01
6.961224447168669061e-01
9.451586999157944868e-01
9.113272871436991496e-01
1.019733244719188914e+00
9.660901239918390226e-01
9.933021861696325061e-01
1.111542646286827196e+00
1.011915092105930558e+00
9.479129127348756567e-01
9.483141245559547627e-01
9.264258166019053720e-01
8.334372970892977017e-01
8.255404385337010709e-01
9.844212205371208890e-01
8.927287141824640226e-01
9.638362852489184007e-01
1.037064645838080779e+00
1.022315924438250478e+00
9.536018213001288268e-01
8.168869463983452484e-01
8.782094535872936314e-01
1.018814127374193301e+00
9.982830323918274740e-01
9.398671821815733907e-01
8.184381845938587530e-01
8.008892404059726466e-01
7.482088402942208560e-01
8.709768848813365105e-01
8.201862483539300586e-01
7.870173396200730309e-01
8.622501679640602879e-01
7.877679817340889068e-01
6.518395069579471235e-01
6.260618831176079091e-01
8.102220587480357672e-01
5.630972332116100931e-01
4.518489868018093492e-01
7.461626588088254852e-01
7.858933467382209770e-01
4.555082247656458971e-01
2.916904694295172629e-01
7.099786672689192280e-01
5.479078125892693496e-01
6.896040499076901975e-01
4.999497046410729673e-01
5.362869763062300121e-01
5.298789815378558421e-01
3.972581866099480497e-01
3.589081565639062332e-01
7.084114329834533264e-01
5.215018177250573261e-01
5.644845743639043123e-01
6.698486816652784448e-01
5.339427792102914294e-01
5.171107019534759708e-01
7.329922538591424619e-01
7.512979570736746382e-01
8.008442876038609493e-01
7.367930635389232652e-01
7.445496231483923477e-01
5.444627836282309730e-01
3.935162882661105699e-01
7.544166704748769270e-01
8.492063366832977023e-01
8.956381264185441227e-01
1.003640393095393879e+00
1.059093761811646495e+00
9.189198761333593479e-01
8.728318247351253278e-01
9.845790176611012301e-01
1.100642329362852223e+00
1.107242820844101860e+00
1.079699225345115865e+00
9.626610309342170657e-01
7.769644542988622948e-01
6.631068528387086269e-01
8.280301912789695962e-01
8.097464772499833874e-01
9.180764096552773701e-01
9.592624048007926119e-01
8.901621905540102464e-01
5.333869050244376409e-01
1.039677336019735610e-01
4.175616754640729678e-01
6.966630808423913690e-01
7.011875692630650247e-01
8.028828632506257446e-01
8.578458243700095576e-01
7.318014708171699523e-01
8.028431232492607705e-01
8.363172381231174235e-01
7.713132271393322581e-01
6.744517035796296911e-01
7.282747241099447599e-01
7.466450759430971473e-01
2.751657004324767342e-01
3.160543037042908010e-02
2.840081541153826605e-01
5.521525927709562964e-01
6.755070002888871050e-01
5.740419293062317685e-01
7.289747293429195141e-01
6.757775607898895975e-01
2.691273772570281220e-01
5.962957130058618160e-01
5.402590320267853796e-01
6.242048269316794462e-01
7.599902562124737360e-01
7.634300242712804829e-01
6.726228563615205269e-01
3.514293428260119589e-01
5.962518496601866280e-01
6.480274626955261352e-01
5.857505862208356451e-01
3.803090599872425703e-01
5.467876332211414336e-01
6.769798261806571071e-01
5.276458150593431595e-01
1.678760264192792617e-01
-3.215268311868403617e-02
1.064783541097188285e-01
4.469391643654248569e-01
6.390114987147250680e-01
6.183253810620286117e-01
5.526677335893108722e-01
7.387642336988253788e-01
7.188766367332083407e-01
8.030777919926296304e-01
7.969376167453020576e-01
7.213274737404811177e-01
3.890040695436743912e-01
6.526562082982984014e-01
7.504166697123443308e-01
7.828858462557487519e-01
8.477435268908344312e-01
8.456661760394326155e-01
7.870896071352940782e-01
7.525308406399082717e-01
7.553041947017142821e-01
7.750572963184856334e-01
8.064292809290343200e-01
8.431748878249596402e-01
8.261176939824499410e-01
8.044798580624507034e-01
7.235001728275156641e-01
6.364772682895541989e-01
8.009111962472433843e-01
8.073978217547521652e-01
7.700836910524853085e-01
7.167532827241374083e-01
7.257350972906775333e-01
6.744777215161806838e-01
6.392194091098910569e-01
7.204529482951437247e-01
7.495920288410768961e-01
7.183528989472763859e-01
7.126828271949653404e-01
6.825629465678471064e-01
6.428218883250065296e-01
5.358767115530144176e-01
2.057756766122513237e-01
-1.243861556026197406e-02
-1.057037697068386774e-02
1.104621823835676142e-01
2.011517627873071479e-01
2.807715230836189679e-01
2.599719780305634331e-01
6.248483150379632173e-02
2.979352466035630198e-01
4.853549771564272253e-01
2.603745612259594777e-01
3.849175529193911705e-01
1.405875548829929045e-01
3.940454642581214806e-01
4.663240548989945333e-01
1.224642843773881551e-01
1.669325006916326862e-02
1.808246150918941253e-01
7.334752696442872755e-02
1.132653920162923072e-01
4.356192811074152682e-01
5.849897578622272887e-01
4.394678673954973136e-01
6.200626757391268506e-02
3.094864837755733067e-01
3.246674490888652453e-01
3.716792172788703497e-02
1.639408529383059310e-01
5.246653675019455898e-01
5.338867402119684691e-01
5.189196165282753404e-01
2.672242749738290568e-01
3.307984559931195223e-01
4.164749583222233098e-01
4.224777200847137926e-01
9.207098823734826132e-01
5.983757483701896973e-01
5.917707257963630285e-01
6.540872243304672873e-01
9.181443928486875405e-01
7.072152926852911525e-01
3.912351655109984061e-01
6.070914620773306680e-01
9.044573485448449413e-01
6.263804283463983991e-01
5.367501403693096806e-01
4.575145487751396955e-01
3.455599224780230294e-01
4.577193317693318275e-01
6.805931052827349781e-01
9.015632408875323689e-01
7.426302642768481954e-01
8.314461641035647554e-01
7.360034000937435428e-01
8.766955616636973314e-01
8.776616641696177723e-01
8.414185744062988581e-01
7.057666340564362484e-01
9.654361818642598347e-01
1.097652143980349715e+00
1.124300474101092684e+00
8.629451640290086711e-01
5.962276494591270959e-01
9.875415998928872563e-01
1.154832090183160132e+00
8.262197746688217936e-01
5.890884978741459665e-01
6.718052263819628278e-01
8.899666614147269117e-01
1.085889381875391857e+00
1.080467923367385730e+00
1.133240379063181091e+00
1.304828360681590027e+00
1.477661054283378350e+00
1.450559389085781525e+00
1.061920095601789349e+00
1.006067648793148139e+00
1.109149176102055545e+00
1.108851931659474266e+00
1.213213723245737841e+00
1.094543250916110155e+00
9.878973867505265183e-01
7.880196345510274147e-01
6.179676199285210059e-01
8.098099250751475964e-01
1.012100833234352404e+00
8.966408734518891421e-01
1.002685590109520408e+00
8.621740307371090761e-01
5.900366561033912882e-01
4.545271849140549714e-01
6.116916794325372164e-01
6.306532271672954382e-01
5.750763987099575258e-01
4.580660812619559707e-01
3.999526300243080312e-01
3.454080014872436544e-01
4.187405434798431858e-01
4.347823602127148801e-01
5.225947867477660491e-01
6.446201629912804432e-01
4.684923267702429395e-01
5.386009905346166304e-01
6.181942785008226471e-01
5.304652221097494458e-01
