2.660728610278990658e-01
2.191068725364759551e-01
1.990487687906626613e-01
3.489414740721527020e-01
5.922811945305808123e-01
3.445283193491396334e-01
3.330957786716843422e-02
9.738504136754243534e-01
7.711459317153966930e-01
3.194326325773291231e-01
8.824262170421021123e-01
8.611308845183235361e-01
7.188010061103871084e-01
3.894893481653415868e-01
8.494773612769381810e-01
3.674734643960920755e-01
2.835383576853476306e-01
4.845802494298125096e-02
4.171842116259543709e-01
1.942728868668870124e-01
1.168204704755202994e-01
4.071164110414622339e-01
7.723252576175940742e-01
7.319312634980211785e-01
1.417986018531400827e-01
1.328734613429076970e-02
6.226026691019408421e-01
0.000000000000000000e+00
0.000000000000000000e+00
3.140708166409652558e-01
8.581564480173754783e-03
1.871611511752011292e-01
6.222583351401624885e-01
2.188990255926655595e-02
2.212845464011238827e-01
3.251212730265735928e-02
5.875628976514388757e-01
-8.082727057750085276e-09
0.000000000000000000e+00
3.206814433153993421e-02
9.341146068797268054e-02
7.208607623827750777e-02
6.781202557439409000e-09
-2.933430770617860273e-09
7.592034339685548305e-01
2.267552263009695590e-01
2.743510171316481672e-01
2.760153626839557601e-09
2.803670691456712771e-01
-5.287749691271304357e-09
3.890315352312692654e-01
5.987138122850833577e-01
-2.276581962850093871e-09
4.800219537068556749e-08
-9.953692654025217819e-11
2.350774176820528645e-08
7.652902146750309442e-02
1.662531833249084878e-01
2.736464113821562628e-09
1.814825451184537142e-01
2.223434700360906234e-09
3.542082608952471375e-09
9.779623917346780878e-04
2.813618917443895251e-01
5.006448549337518816e-01
1.616611445003813541e-01
2.872437222864556161e-01
1.287230768118976520e-01
1.077583781134737739e-01
4.786226072277566940e-02
5.764723857414439517e-02
1.169887794255394520e-01
9.414494530606602740e-02
1.056194663780321147e-01
9.378024862583747567e-02
4.809119239195654844e-02
1.465220952220939402e-03
4.217025335937363414e-09
9.830095619990562861e-03
0.000000000000000000e+00
3.015926783343805123e-02
2.868746581637525161e-01
1.573377375367706610e-01
4.733896116835652479e-01
8.550426367918295689e-02
1.249245609025257525e-01
5.556454459629748266e-01
3.539580611885217443e-01
1.843521859346425595e-01
2.235313645217158474e-01
4.662614495799086593e-11
3.618488741582626816e-02
5.721720488980092112e-01
2.493564033246219724e-01
1.532949815130232041e-01
0.000000000000000000e+00
1.712095364764530322e-02
-7.049212724386953639e-09
2.869395591955044011e-01
5.943992387232576169e-01
1.054572460512909426e+00
9.096434302045539044e-02
8.840495027773372094e-02
4.933635866896301649e-09
3.115042477843749796e-02
4.366200468575427960e-08
2.715239118088703107e-01
1.423117166618123319e-01
1.561699801119682818e-01
5.195803669836852358e-03
1.716772730882774878e-01
4.215810579695450921e-01
5.820500668825762114e-01
2.416994808144151685e-01
9.659063858334976382e-02
-1.342932966152978340e-08
3.170700391234905768e-01
1.616130840419921777e-01
1.305421541217940962e-01
4.268201179812246004e-01
2.094770829137495016e-01
3.067932578229758955e-01
1.807717092452728880e-01
3.626347306794639458e-01
3.047124912375549777e-02
1.749859706498598788e-01
3.526435159117219387e-01
9.126488680507859053e-02
7.851462975914330622e-02
1.018179798208329184e-01
-3.467588775485530244e-09
5.763358085397875946e-03
6.774989521010441607e-01
8.058755749372364940e-01
7.737951650439171998e-03
3.157222629138691228e-01
8.618719584920097043e-01
2.794257214781568632e-01
2.238558507891982297e-01
7.062594851123971118e-01
7.513791171360175714e-01
8.618841796216612089e-03
5.131861994600770416e-01
2.073047237564407466e-02
5.049403322447647557e-01
6.530066311594380224e-01
7.077257168409114563e-01
7.715624298011224402e-01
5.875725810665680671e-01
2.198079416601022018e-01
5.661508551755419782e-01
4.131038699072434595e-01
2.846421866325882233e-01
6.870695394118108146e-01
6.375783562685978234e-01
1.178245815014839076e-01
1.298189307958096672e-01
1.204387845432707965e-01
1.230802256518616355e-01
4.262444912640904471e-02
5.767702827182976666e-01
7.764338076106593878e-01
4.359882033346221958e-02
3.509933987424628810e-01
1.474164380849410927e-01
7.442044353929606892e-02
4.971315306738603931e-08
4.659544731863709544e-01
7.017923731702795376e-01
1.221713167224361407e-01
3.449865080996409317e-01
3.119041986189080018e-01
1.349245907103836274e-02
1.486906391183597798e-01
1.003801767930585065e+00
1.018551557197646895e+00
2.081425885550461652e-01
7.744721063898922508e-02
6.399639370013916577e-03
3.324481183661210625e-08
1.718298426201442936e-02
6.998253599770110078e-01
7.549273453883709184e-01
1.073553041403891406e+00
6.633471275764875053e-01
2.939358949827699519e-01
1.066745240339471990e-01
1.136044420606714400e-01
3.766532266941871043e-01
3.826269194649620231e-01
6.572537719716860238e-02
2.298292063249683104e-01
5.090830858145678484e-01
1.224546518471238826e-01
-9.485947153698639081e-09
6.940716246223922470e-01
1.190699129699578362e+00
3.927421470979242657e-01
3.731198919621168675e-01
-1.144813459862044892e-08
4.160719353627391204e-01
2.764741716488437404e-02
4.978369236643255258e-01
6.496226502098019218e-01
2.510604339053332801e-01
3.855143547430261997e-01
1.260433823593928859e-01
1.408397881701466819e-02
-1.026214795337922754e-08
3.657399578308052068e-01
6.179985037305781859e-01
2.577321911051113079e-01
6.514075082403285311e-02
3.379333505877831212e-01
8.033116553032824125e-01
1.920884643815024273e-01
1.037585578488681159e-02
4.758546309650931172e-01
5.827917759311878054e-01
1.513662178874116970e-01
4.827118018022294454e-01
3.267962984441181717e-01
1.309163470149176667e-01
4.822707264161869012e-01
6.518800393111059410e-01
4.076348977769104001e-03
3.544405018950418373e-01
5.290434030528027707e-09
2.432992423417448639e-08
-4.504375824065723924e-09
6.913588050079811920e-01
4.363937136041234344e-01
-3.235315099453145975e-08
2.250412243905022414e-09
5.372635099944883155e-09
-5.871618989135747515e-09
3.410008455136976507e-02
6.964696388559059315e-02
2.818215116199180430e-08
1.490779826520147160e-08
5.321719925564190200e-08
1.585094102303084752e-08
-1.359853184919917207e-08
-6.084969641943244932e-09
2.687500467314805214e-02
4.828270590186675704e-01
8.921511409227789180e-02
9.966899504806980489e-03
7.824961513837674909e-02
-1.227382737869922324e-08
1.082965584390073116e-08
4.742428308151778182e-01
4.585903954262660065e-01
5.825662789862150911e-09
-3.014696359399219817e-09
5.210352920713366351e-03
1.369973137139516036e-08
0.000000000000000000e+00
7.477036090442140681e-02
3.676737437019262367e-01
4.958563070274029649e-01
9.783896972617073251e-02
1.256865010818663253e-01
3.591566970991962315e-01
3.007558213427400373e-01
6.001878138053569345e-02
5.113164830327592281e-01
2.188308778004637856e-01
1.891383362434779780e-01
5.286041222939669160e-02
5.330230261089288213e-01
7.262600182196267407e-02
4.663320498498391142e-01
4.204490957189062628e-01
6.685547263749187164e-10
1.916914864401102203e-01
5.769084588898454324e-02
4.701167459484260069e-01
9.792279902543249426e-02
4.168088729315395646e-01
1.388270094183970127e-01
2.109734213584900098e-01
9.484610486570818622e-02
2.487905969417528729e-01
5.324771347700432145e-01
1.267552451567903471e-01
2.427154739568825881e-01
4.763835901077813073e-01
1.147828170681183396e-01
2.954357827623987562e-02
1.235050223969917788e-01
2.118308928888869846e-01
4.066507461222834685e-02
2.279032311338569927e-01
3.150333739063580496e-01
9.824762325648050965e-01
4.387157555157896725e-09
2.812966098798219900e-04
2.992590946762188273e-02
6.410827007071545625e-01
3.932618575718039300e-01
3.535115085655026745e-01
7.654547250025146576e-01
6.152740147073956223e-01
3.923396188426804543e-02
3.032589490987166458e-01
4.461551934545009979e-01
2.357337903000366608e-01
2.149313055052855526e-01
7.041343185596674603e-01
5.462973688298040642e-01
1.019981620803114414e-01
2.205453572363942072e-01
1.810785389351890207e-01
2.048269117373296422e-01
1.634697546644392208e-01
1.885548323371343260e-01
2.355966902570349741e-01
3.246663893145304569e-01
5.999537865348044674e-01
2.645172934575205081e-01
2.558296581243420589e-02
4.816278801984795743e-01
5.429665694741548920e-01
2.424043518310136092e-01
0.000000000000000000e+00
2.843012084829900088e-01
2.235755639909064174e-01
2.864710595481123612e-01
2.175136655382757800e-01
2.669167520670966964e-01
7.882350980122184714e-01
1.103524708517114483e+00
1.098538746171346947e+00
8.969618222120309126e-01
1.975537861690904451e-01
1.577880989983863058e-01
2.153351780557810624e-01
3.578668281827885322e-01
5.150468786698240153e-01
2.299114255252522054e-01
1.706575327856039437e-01
7.099354922447727138e-03
3.193417676267827354e-01
5.562650324910765054e-01
2.242587310702359171e-01
1.682527127112534993e-01
2.859367021258865660e-01
1.758214743243970146e-01
-1.825615190795274794e-08
1.981364333669143052e-01
6.643110518204568826e-02
1.323314733283489086e-01
2.242195796624381898e-01
1.878491876772891422e-01
4.709451698524957375e-01
5.544310252986940357e-01
9.683064023635035156e-02
2.728337058692837935e-01
9.795434197769158080e-02
7.556926922884231457e-02
2.642229189422822810e-01
1.575236197006778527e-01
4.596372698646089550e-02
1.376464188425165769e-01
