2.045007648351141599e-02
1.614300891698144032e-09
2.455707857600407082e-08
1.600765798900892395e-08
1.974060308225885729e-08
7.965816478778108379e-09
7.680374381656983895e-09
2.999211697564645519e-08
6.888586780895110978e-09
1.248539700438204327e-09
1.162113538444794779e-08
8.700388870907685667e-09
2.555569646161027137e-08
-8.683223820045788566e-10
-7.285498648480597947e-10
3.276222540890451893e-09
8.009370950166128100e-02
-2.441981566905834095e-02
3.700687121257623607e-08
1.484665283975099552e-08
5.392842622646182387e-08
1.152013515194025882e-08
-4.024269621326876868e-09
1.019555911254919101e-08
-9.280594672330982203e-03
4.514953722942676038e-09
4.070578191205966696e-09
4.767049692443911798e-09
7.161188693250117031e-09
-5.105220427569549809e-08
-3.871761244285710363e-02
6.418593098574682208e-07
-1.773187324888572123e-08
4.402551146849566568e-03
-5.130612190985555168e-03
4.689084611210420178e-09
7.665037638246915663e-09
6.495680564846161347e-09
-3.207445697291177465e-09
7.768560308636785090e-09
3.125338637775254755e-09
1.666348344299547210e-08
6.740749419865642515e-09
-1.604737666342686170e-08
-3.883848079218692955e-08
-1.394231522481917834e-08
3.341703382799558777e-09
6.832668975288668483e-09
1.027629571627923751e-08
-2.336924312198979794e-08
-9.411162658898111731e-10
3.602768655090271734e-09
1.270884831089651585e-08
8.143374346195544812e-09
2.257473818458286525e-10
7.310336109351030537e-09
1.520763392332537528e-08
4.918503782418931099e-09
1.329137950455948396e-08
1.355749991808546444e-08
1.127979274694531137e-08
5.034883959739088364e-09
1.068169883089985876e-08
1.050282404006226285e-08
7.793668820231160738e-09
1.505286384789767379e-08
1.432574002503104968e-08
9.012706829956524768e-09
3.118795191425321429e-09
6.506939281952357144e-10
5.204557812580771697e-09
-2.717810917046703689e-08
7.094379686139349687e-09
-4.326951054132651992e-08
-1.113423991980548089e-08
7.563276283544714119e-09
3.937685253983904501e-09
6.223532062539788163e-09
2.740143147071203447e-09
-3.284854606276299675e-07
3.320701058294130741e-09
7.130963770107800653e-09
1.253649648820794645e-08
-5.810792245234154899e-09
-1.258239157101941509e-08
-2.811317142114276960e-08
2.457127225691238150e-09
-7.297103690350107562e-09
-2.514590344441104051e-08
-3.253230616452623841e-08
1.523832911151565525e-09
-2.572431330623787310e-08
1.248755713849248931e-08
-4.212223345801689459e-09
-4.237362475850184318e-08
-1.610775826895518213e-08
-1.350907320177919410e-09
-1.046956510264830719e-08
-1.502426620089923290e-08
-6.839665360038889305e-09
7.894834233500255941e-07
-1.544081775240526808e-09
-1.062234209196272004e-08
3.617694156827343040e-09
-6.027450630690044178e-08
-2.673531205963515716e-08
7.675882850760319859e-09
3.571530427072141307e-09
2.864525619846132993e-09
-9.694524158766466561e-09
-2.265963813100808737e-08
3.124384833626818196e-09
-3.846830744335257343e-09
5.614428432626646123e-09
8.856707404780478294e-10
3.819163761837444493e-09
3.420165453453103089e-09
1.822677199489115980e-09
-5.118785953051879368e-09
6.698210279586641489e-09
1.315152733732791599e-09
-2.305687101556953245e-10
7.980889223296354003e-09
-1.846261893282107433e-09
-5.918621146156872483e-09
-7.243164269707833184e-08
1.027362426081044167e-08
-8.324461701249250079e-09
-3.326239935849247416e-09
-2.743669400545246971e-09
9.871923637425674604e-10
4.385801818381021150e-09
-4.570691692774516827e-08
-1.343039129343418098e-10
-1.655660917856513243e-09
3.247135701461929951e-09
8.312205673553371699e-02
-9.827280694476125319e-09
-6.460227198473033761e-09
4.067061225758342841e-09
3.537312963021074540e-09
-2.811373309544141705e-02
-4.581582500334403669e-09
-4.315072791060295298e-09
-1.531927244793008447e-08
1.717048069777673151e-09
-3.802993571598593015e-09
7.763017624711789602e-09
-1.219599252206020151e-09
1.686232628257199486e-08
-1.201997006928623444e-08
-1.501421838376410203e-09
1.935589621376029317e-09
-5.034690134032959683e-09
3.565447150551712355e-09
-1.685458069049026322e-08
2.557560286005935681e-08
1.081493931350993445e-09
-9.277781464625049368e-10
1.201375571181797817e-08
-9.535439367200383013e-09
8.357982621794079856e-07
-4.645027478889202708e-09
-1.681174828114574748e-08
-2.669965464127095734e-09
-1.656594617405105331e-08
1.330373007219034948e-08
-8.631883475921945367e-09
6.212204353463289186e-08
1.204152797577099443e-08
2.596192492426140260e-07
7.197513688148742650e-08
-3.501732672359422690e-08
-1.147585629448493722e-08
1.343318697720047071e-08
8.655802329568479303e-08
6.892588371948329962e-02
-2.275999832541616932e-09
-2.018672499956634798e-08
-2.045008929705992861e-09
-4.149058804869283887e-08
6.365845482009600165e-10
9.632008425597038404e-02
5.762737306337033516e-01
2.080187636208949073e-02
-8.325851172565816203e-07
1.772316820252475486e-02
-3.118658246462174497e-09
2.724860894732693683e-09
1.462366875356578297e-07
2.193689723653741484e-08
-7.306597972539196566e-09
3.395245230228564112e-08
1.651214010115921675e-08
2.674877468159889858e-09
7.766543073892951938e-08
3.006737891202111990e-01
2.683114365640843491e-01
2.235100984309559558e-01
3.476628418248404325e-09
-1.301241181359717164e-08
3.183001996425487964e-09
1.443536362772261783e-09
3.214580627545711167e-01
5.276015703636001419e-02
-1.800061392560533403e-08
-4.406376747199010346e-02
-2.272538086130995727e-02
-2.416828940917659790e-02
1.195900762567370564e-09
4.930434871449841383e-01
-1.773187033033632866e-04
4.972873210081635298e-03
1.983747379776995387e-08
1.406536176852425379e-01
-5.145118782694355075e-02
-1.620313919294252489e-02
1.397626494328539637e-01
1.023804661732870686e-01
7.570590362916850002e-02
3.441887075087840531e-01
1.981820546162467167e-01
3.588199569584714366e-02
1.522882294383478390e-08
5.579252934334548719e-01
-7.348839017643190100e-03
7.218483071279145960e-08
1.380271479444534288e-08
8.895439955594409454e-09
-1.433321478630568153e-08
4.608081541800388205e-08
2.972303578073966501e-01
-3.617688979532259624e-02
2.461253384097811517e-09
-3.890533019945338682e-09
-3.345725345794176137e-09
-8.055417779035927116e-09
-6.811703301415457007e-08
-1.517747512741817369e-08
-2.833363710163118785e-09
-4.456337910619787257e-08
-3.322994351694437774e-09
2.727131069520846408e-09
5.025459769890445039e-09
-4.780618608847616257e-08
5.211013579548608163e-10
8.506887800579665320e-09
1.602612823958917493e-09
-3.089626767006014659e-08
-1.708709885029984171e-08
-3.647788300630293419e-08
1.264443561941515493e-09
2.729282993703709415e-01
-1.468884594249457976e-08
6.071850726291524757e-09
-1.149506780151507664e-09
5.088321593868567297e-09
1.118325726050669269e-08
1.122460397953488701e-07
1.374598704868240789e-09
5.361302472976912726e-10
9.402585174541271823e-03
5.454621399219253264e-02
1.667969172296396851e-01
1.508000616388795007e-08
-4.577832458847939240e-02
9.567256743585283692e-08
2.075812183150539669e-01
-1.065068111272696259e-04
-6.344054626457889134e-10
3.120471142064328678e-09
-1.618513828843069172e-07
4.018158376259146070e-01
2.580010379635517270e-01
-6.096089656736720930e-02
-8.687834991792001052e-08
9.730843182854878246e-03
3.095943519508677633e-01
-2.617391317736507406e-02
2.730022162360769000e-01
-6.878782226463704685e-02
-4.290973703320787770e-09
-1.498826459384201083e-08
8.329979818691013449e-02
4.922973394337964437e-01
-8.929334539153847838e-02
1.033547703590809025e-01
3.120491126435883111e-01
5.428758217660416943e-09
-1.581302669588088156e-02
-1.016152891324201082e-08
1.440852698721555303e-01
-2.146577442132853800e-02
3.212180665309714341e-10
1.064196328147308801e-01
2.622632721671824471e-02
-3.716156222112954044e-02
-1.012991386355798461e-02
-1.327727883127748434e-02
-1.445841743050633848e-08
5.150974993952547876e-02
-1.450504107597931841e-11
6.910901729513142522e-01
9.983327999357656924e-07
-4.385105882696554123e-03
1.232645088861555327e-01
4.193465597025389235e-01
1.285789283281170703e-01
1.142638946024955721e-01
6.262271944469073315e-01
4.101781799389491723e-01
4.350032915867508426e-02
2.692674404802909705e-02
1.023766392581062085e-01
8.467588683396089222e-02
8.913286758890476733e-08
-5.216315421511157763e-02
1.898382274024250915e-01
1.915261444524649082e-01
1.194560913508999345e-01
9.850930204310727467e-02
5.168811696327625486e-03
1.613298702539384399e-01
3.201787729097008151e-01
7.386097253845555488e-02
-1.032302907808630849e-01
1.359024886336114846e-01
1.120684857090287062e-01
9.502417466800315571e-02
7.439371564965775729e-02
5.573572717740498533e-02
6.351479144261890086e-01
3.687745645315299581e-01
7.419876261912478066e-01
5.444754154573552274e-01
1.596386023411853483e-01
7.314191970895037032e-02
1.037152576293779022e-01
3.103238304014175331e-01
4.111976632461413206e-01
1.185030186670982810e-01
9.847752241250901095e-02
-8.369479648690587859e-02
2.313725842219564177e-01
5.490971919044475014e-01
6.561911341127288355e-02
1.297319593308081109e-01
2.281548122504898635e-01
2.274200731695913760e-02
-5.635992930226751269e-02
1.367487674793951835e-01
2.764353442060963131e-02
5.803597133410883652e-02
8.138907250912937041e-02
1.529220922304947716e-01
3.931224661820942323e-01
5.421220186723463286e-01
-9.552462723937132916e-02
1.271892894369772431e-01
3.872253936839626515e-02
5.921373399755257283e-02
-5.989774360124414655e-09
-2.901527347309258800e-09
9.524909983713344963e-03
9.486464209119704893e-02
