-4.305097492596512976e-03
1.066192721554394263e+00
1.260249703087357620e+00
3.007002083656018510e-01
5.451675014159480526e-01
9.632909017262518692e-01
7.908594059868874204e-01
8.465073791643756840e-02
5.018189661334202523e-01
1.011692635992778477e+00
2.409408670813836112e-02
1.590271459087706507e-01
1.477314897146422834e-01
5.316180548088578206e-01
8.599431847758939873e-02
7.401279310779400600e-01
1.611127339711531770e+00
1.408870142605622489e+00
1.645238858012673333e+00
1.698871984558324666e+00
1.517123385446288442e+00
1.578367817273122142e+00
1.722998937958822419e+00
1.707820157545568929e+00
1.641066357704551226e+00
1.544587829755147190e+00
1.480800648825218779e+00
1.384121767899002098e+00
1.381369161578994031e+00
1.220510885923006272e+00
1.475184831745923519e+00
1.269591055093292731e+00
1.367296809748724584e+00
1.175159557957364598e+00
1.480068368338170348e+00
1.232237785164201238e+00
1.550866100996167063e+00
1.585361053729983816e+00
1.596983571928569878e+00
1.634840486007289151e+00
1.485300314478680050e+00
1.437426756008728379e+00
1.358680808633895509e+00
1.427690265553509974e+00
1.416633873737718208e+00
1.383722884600213199e+00
1.421952345938049422e+00
1.135072750445810019e+00
9.985222839283864893e-01
1.066643813259983364e+00
1.184223446053927375e+00
1.465464784767012141e+00
1.415672971617998988e+00
1.411518473444510091e+00
1.368791614806740498e+00
1.399056068559598742e+00
1.094434061260607161e+00
1.388993860664229585e+00
1.501423822161873423e+00
1.431988284602782269e+00
1.515329710031483756e+00
1.540952942245670698e+00
1.376055599721202505e+00
1.403719051276382856e+00
1.472854266695517111e+00
1.386771930965578159e+00
1.252179345210105765e+00
1.197994896401749720e+00
1.096774244968446776e+00
1.154467399571858399e+00
9.160183245267533581e-01
2.089890089483891489e-01
5.936183366398721517e-02
1.327413957536673017e+00
9.874276552696774623e-01
8.429998004924605937e-01
9.742060131200820372e-01
1.031902837415740848e+00
1.175535043833954907e+00
1.125783132709526679e+00
7.603317412351423554e-01
6.054166068914493826e-01
5.479676104893791422e-01
8.156259892238724996e-02
5.822277223532872359e-01
9.559710557977842971e-01
1.124663785032533170e+00
1.061860464722355513e+00
7.708152333398372580e-01
5.359877091693606710e-01
4.564965480255840924e-01
5.110395528681030974e-01
1.104083850610029893e+00
1.208212166207392579e+00
1.280086356432000638e+00
1.238958317936708298e+00
1.159436969486238533e+00
1.090448609084277543e+00
9.100450546377716332e-01
3.898780409591002805e-01
1.014408838488907172e-01
7.989560391301950837e-01
8.582152487384118178e-01
1.217589523064000812e+00
9.727997047774016304e-01
1.049954196458278144e+00
1.129541937590788470e+00
1.056837697794656528e+00
1.028212659334036605e+00
1.012694165821250936e+00
1.102417574636832542e+00
7.595396858316907363e-01
5.452125635988001040e-01
9.172134621157568279e-01
1.012791969277119453e+00
1.054682944698968061e+00
1.006825177692079798e+00
9.850615485550442418e-01
9.142943945469975686e-01
4.289521716061994172e-01
6.699227605212823011e-01
9.367529000925660654e-01
8.980800394859020930e-01
7.816007472619249663e-01
8.994907285135773645e-01
8.117979980789908900e-01
5.997710956208999189e-01
8.877386714808427337e-01
9.393822746193442041e-01
9.099589784263182324e-01
9.636981411611422743e-01
9.572211635070653202e-01
5.301660336577965760e-01
3.921792660189716284e-01
8.451055615606002380e-01
6.673366252261738740e-01
5.867051821889646135e-01
6.340885053918402514e-01
7.293206821223536807e-01
2.947384153022166164e-01
3.111253703919321378e-02
8.504042871633399336e-01
6.211793800557582346e-01
7.930261195535840413e-01
6.004803982692551445e-01
4.491657944445042738e-01
3.552478916120251351e-01
1.324243058806233442e-01
9.937140929468464556e-02
5.598037811610214742e-01
5.600520921427531995e-01
5.478341126202606048e-01
5.966821972491362924e-01
3.277318323740840422e-01
1.714770161085851230e-01
7.566717735480297247e-01
7.299880939195617646e-01
7.632690423521633072e-01
7.788808203387495022e-01
8.025944740612694916e-01
4.486621296168836759e-01
2.018436386006909888e-01
9.085849929634222111e-01
8.796262590130210501e-01
9.358060463299073817e-01
1.066232385064540322e+00
1.168158285943181385e+00
8.264305843736010626e-01
6.342005516852927682e-01
9.750459572110246054e-01
1.098451795017357568e+00
1.115514996198967435e+00
1.152693419983811030e+00
9.955966536227442987e-01
4.907616887891562141e-01
3.385627462898841977e-01
7.137816667781400337e-01
9.624622437915113515e-01
9.665604973386291432e-01
1.060461119776454852e+00
9.286742315543428106e-01
2.188355332039358392e-01
-5.242322072711693703e-01
3.622497626965002215e-01
7.771712068318106237e-01
6.074147325643947104e-01
9.114359647197975978e-01
8.031085398280572996e-01
5.755295576569043892e-01
7.006055381744608068e-01
1.012868673098219041e+00
9.488124196959999423e-01
8.640241985293098947e-01
9.188026122424108877e-01
7.320877417132034548e-01
1.071352467903548683e-01
-9.688000152099214557e-02
6.637496516317658024e-01
8.247641147161720587e-01
7.951776273117956428e-01
8.240907677936624154e-01
8.136544478303964212e-01
6.005524561063870781e-01
9.141648453834744226e-02
7.996561369390569052e-01
8.100966677659020565e-01
9.007954882701096899e-01
7.797878491734844264e-01
8.681309090636479819e-01
5.980974474825759835e-01
2.164363033312218798e-01
4.709625398081929148e-01
6.670274432405556286e-01
5.668084637980237428e-01
1.510493288488190811e-01
8.551152557369610108e-01
7.391562238354231207e-01
5.009594353185652105e-02
2.952179520608396723e-01
5.069643327184746306e-01
8.127013319864373475e-01
8.732714205020331022e-01
7.884100513651317588e-01
5.703536627717560314e-01
3.771994285913294331e-01
7.636877967668262990e-01
6.378882238587786357e-01
9.231620315391269038e-01
9.213713770180858020e-01
8.706358327624326154e-01
3.834636284896905112e-01
6.173526303780445534e-01
1.060945060320345412e+00
1.062885935369526358e+00
1.133492124771223963e+00
1.184027394423619928e+00
1.065881057166333523e+00
9.071300264826716031e-01
8.029699270951873302e-01
8.881136579339996562e-01
9.879983440624851010e-01
9.655671912492642672e-01
9.501714404764118882e-01
9.361398303138748211e-01
7.901238918321650262e-01
4.784761438288475666e-01
6.783581507579350411e-01
7.200019892498464857e-01
8.202271245879209083e-01
8.900337913950313595e-01
9.094041417692743101e-01
6.778263447838754896e-01
4.426044665582755111e-01
9.533519290978462735e-01
9.309851446862122959e-01
9.292900152469466546e-01
8.216406980492964029e-01
8.092058244241611131e-01
7.856968599645497431e-01
4.455495442112986093e-01
5.385567508934369085e-01
-4.074241367446050947e-04
6.283953186887736297e-04
5.649131549264416741e-01
5.090341345929764172e-01
8.187908374674122136e-01
2.610800194211999048e-01
3.307430947323670295e-02
1.086928377460737005e+00
1.014815340894556384e+00
4.501231499548018489e-01
6.106796114055210722e-01
7.603862577300444237e-01
3.239603133337827234e-01
1.019697154799453553e+00
2.464614631768902997e-01
2.785611429297032982e-01
7.754675619432491729e-01
7.348499704141886468e-01
2.499898422995113501e-01
8.517889326670826655e-01
8.758842882982904587e-01
9.810017839519018512e-01
1.488427024273680788e-01
1.042167773011507315e+00
7.441744461270303201e-01
8.472019402844171987e-02
9.058260471077776710e-02
1.097496096840202995e+00
1.007815601607533251e+00
1.498483809780319087e-01
3.521303176742977825e-02
2.688789583054843058e-01
2.130210844672955628e-01
3.702660023692581626e-01
1.076924613485799265e+00
1.048691076654277854e+00
7.951589100729615778e-01
1.025459471916842835e+00
6.880675875633914806e-01
4.106867270493709254e-01
6.811242078369418064e-03
2.057469743840875942e-01
8.936232876420514559e-01
2.590880854274961731e-01
6.748937973165190785e-02
1.032689889140472050e-01
2.592083496001950094e-01
7.101572174925877001e-02
9.187399879117699730e-02
7.855261241551716456e-01
8.225384000079147828e-01
8.642970469006387990e-01
6.144877559738923800e-01
8.921386691787667189e-01
7.381708972690984583e-01
7.246182735150537013e-01
5.400684003569469760e-02
8.181512456358337460e-01
9.348909378363041700e-01
1.097801955244756211e+00
8.467268186522874940e-01
4.673273721599376096e-02
6.187322225423241839e-01
1.132923163663510646e+00
1.002008035043131517e+00
5.163298809107914611e-01
9.190938310465494865e-02
8.132449715531302470e-01
1.097017769647624208e+00
9.739694825641307396e-01
7.782649899069106203e-01
9.748586212625123260e-01
1.115374186409418877e+00
1.073939304589171417e+00
1.085656202686861471e+00
1.012600226870167042e+00
9.515352161826988731e-01
9.409774120897433924e-01
1.003872260739955280e+00
9.992566918833103440e-01
8.957583830064199670e-01
7.527861552656880395e-01
2.879763844792701533e-01
2.815574781222712764e-01
8.903725534659123753e-01
8.028439979905117596e-01
8.264755108980720300e-01
8.526552884227182050e-01
6.678767786895928316e-01
3.597444904679694133e-01
6.451095784325849847e-01
6.852783036274727735e-01
4.587148015949317204e-01
1.232307458697302488e-01
4.094017790657848363e-03
2.895379818639906566e-02
-1.463480517040097878e-02
-6.002443307005068951e-02
-2.793708523753003856e-03
5.728986452935457274e-01
7.729566159886670784e-02
1.300913592993194483e-04
1.742527807091087677e-01
1.943125386458083304e-02
