-5.335400972318404128e-02
5.416485340736845178e-01
1.246845546565088281e+00
2.307667739641009463e-01
4.688427030640209270e-01
8.992158912179926133e-01
7.510577190039630091e-01
5.541929092423002884e-02
4.688191051345482196e-01
1.004196059648479356e+00
7.088888916450384117e-03
1.024883594827917938e-01
1.125923816282958234e-01
4.994626929618832256e-01
6.125280317505260586e-02
6.522199550202776308e-01
1.546351649373529424e+00
1.398657691215224430e+00
1.623276721376442078e+00
1.681500857967515472e+00
1.472444178263345282e+00
1.541393900446976772e+00
1.670760545023627808e+00
1.704493630668437287e+00
1.636082453607462517e+00
1.518917197158654364e+00
1.457846299830415804e+00
1.358142894859358352e+00
1.337554402943659015e+00
1.173384662122078259e+00
1.439501262118663139e+00
1.247337891925016651e+00
1.341157465293599138e+00
1.166611947640264102e+00
1.432097145565688567e+00
1.210425155245234974e+00
1.542887224020836445e+00
1.528061966213905443e+00
1.534738570479055042e+00
1.620097803727936103e+00
1.455561894035681147e+00
1.422439331756157443e+00
1.346318703657066074e+00
1.423097775691320122e+00
1.405277966483246432e+00
1.359246117665983800e+00
1.389302789239351466e+00
9.943544458080368909e-01
9.467691794139949657e-01
1.043956509302129465e+00
1.173591464550377772e+00
1.454381422205931251e+00
1.382197140027809468e+00
1.375028176979891326e+00
1.349511421962425572e+00
1.364677757857351015e+00
9.317935947322520951e-01
1.346927989728942343e+00
1.479214018450219381e+00
1.407523798083112787e+00
1.514637606127369196e+00
1.520987617366770461e+00
1.326252426752584590e+00
1.372385713873309099e+00
1.471937969109514022e+00
1.364805786481921412e+00
1.238070642215003403e+00
1.186547203314384458e+00
1.088193188804822409e+00
1.090324058774254867e+00
8.687290520828429008e-01
1.676031001553874022e-01
4.211311857222594518e-02
1.306985018832027334e+00
9.812287027858386246e-01
7.526569460803624878e-01
9.517813941661353860e-01
1.012734802198288042e+00
1.149471122931945644e+00
1.113538979268819951e+00
7.174895767095623711e-01
5.439628904300708445e-01
3.209203020402913165e-01
3.519083221713050630e-02
5.122403095128079675e-01
9.234211752991076105e-01
1.095882264874864731e+00
1.043306465712927844e+00
5.476710746783158834e-01
3.334291714291232056e-01
4.273826021176488354e-01
4.530746208568805500e-01
9.919352235426472930e-01
1.186567547775576825e+00
1.250488484660673860e+00
1.214233774175691893e+00
1.142803554722511050e+00
1.079517318904028800e+00
9.073802311982213098e-01
3.630770354521410392e-01
1.650640294557853549e-02
7.724156261101666754e-01
8.389395354418817119e-01
1.184860087930738271e+00
9.551564290584210193e-01
1.035136628195015396e+00
1.114413896868677867e+00
9.981224717700690752e-01
1.013962473594806291e+00
9.873657210599213752e-01
1.026826038973040811e+00
6.653331283545824704e-01
5.208874479225223952e-01
8.571129090472733303e-01
9.872319451823083902e-01
1.027140274138490739e+00
9.929412184441068767e-01
9.436042047693599111e-01
9.124160415055327933e-01
4.223518978887687569e-01
5.938798789106572995e-01
8.954476700857778582e-01
7.730926960061740294e-01
7.518691826595317318e-01
8.605695567511231214e-01
7.642486482946373449e-01
5.822494436547163144e-01
8.781644650735300761e-01
9.166543551443713245e-01
8.607732874639588694e-01
9.377036087093386652e-01
9.337768341154801810e-01
5.078244249217189754e-01
3.815286314468566697e-01
7.650475627824451230e-01
5.160825847042841419e-01
5.397627609126616210e-01
5.841005528544310765e-01
6.968559003336085578e-01
2.820085814702882332e-01
-7.406624081408642868e-02
8.072266455253331863e-01
4.273039319886036136e-01
7.807646798411469469e-01
5.162317713856741097e-01
3.934132483588985707e-01
3.516703826866658944e-01
-5.896172190491799636e-02
-1.263749858954680005e-01
4.702984074656036961e-01
3.372044985171923637e-01
4.274562256332177790e-01
5.636548670173968656e-01
3.181393044209195331e-01
1.495827045323100402e-01
7.033612989289714790e-01
6.923638519149575288e-01
7.461086485549492942e-01
7.282894089958509287e-01
7.645094716335401053e-01
4.486539306274640038e-01
1.962960954283125004e-01
8.884610302716624552e-01
8.234241594938904729e-01
8.699246964509032010e-01
1.010759846004589679e+00
1.152229989149142764e+00
7.859506500136852480e-01
6.178198523657967289e-01
9.644338837904053996e-01
1.079206235481019682e+00
1.084083962381625188e+00
1.147905112623803348e+00
9.477524647106627675e-01
4.800304056711098832e-01
3.352893326058527523e-01
6.430809817748268653e-01
9.173506573361515093e-01
9.477322668221433988e-01
1.047695182088891563e+00
9.017456182411842658e-01
1.527357379118580993e-01
-9.926465121144338877e-01
1.944370950865960124e-01
6.977943697403090617e-01
5.659009496953638640e-01
8.996551925481494072e-01
7.919117369896242487e-01
5.650309425203215996e-01
6.706081900699523146e-01
9.870093536361734810e-01
8.894687343199408902e-01
8.605427498785376272e-01
8.835521058417626916e-01
7.071746969836889551e-01
7.009685691888412062e-02
-4.192456644211773886e-01
5.063264728952449056e-01
7.876658435279879633e-01
7.514808617880677222e-01
7.931660493570672488e-01
7.832999542428860096e-01
5.649344728695155915e-01
9.076191579720396807e-02
7.563142690260602485e-01
7.703546063386045306e-01
8.844302449190515336e-01
7.615649180760158954e-01
8.452344609498436689e-01
5.886479774325210634e-01
2.122145182807087527e-01
3.907418253363169058e-01
6.295969390422065937e-01
4.657332723484154391e-01
3.782519874234128304e-02
8.391281101889028760e-01
6.811683171288146488e-01
1.873695719185090522e-02
2.804530346704062205e-01
4.747670280002779242e-01
7.784013655035036949e-01
8.164787525051405703e-01
7.429646312779256689e-01
5.665705606170616804e-01
3.742642136432516309e-01
7.254172170119473906e-01
6.222124437437933642e-01
8.861965151219690640e-01
9.079574283768723220e-01
8.187075202323068623e-01
2.034464544573695854e-01
5.899080528527348433e-01
1.014921257128961196e+00
1.007425727157699402e+00
1.099601399597135210e+00
1.152863938787489273e+00
1.016644250761853607e+00
8.983628403915299154e-01
7.223728450830384507e-01
8.368143979408992905e-01
9.328472168608368253e-01
9.547493827143684886e-01
9.467313465707298814e-01
8.855222936027637992e-01
7.543620196490616880e-01
4.650318056152578094e-01
6.103080309817408011e-01
6.634534066781309081e-01
8.111400847309885309e-01
8.548518011354400148e-01
8.260477782785500267e-01
6.586088344772647041e-01
4.162864338351368043e-01
9.020955602676141716e-01
8.236810281382342946e-01
9.177418652676323507e-01
7.673542876715566674e-01
7.538919997408355389e-01
4.901472491814864996e-01
3.994593655869921323e-01
4.975237489369924715e-01
-7.327828519311443013e-04
3.802649575480167386e-04
1.375891292202739147e-01
2.909465732408251792e-01
8.121017881697493168e-01
2.215482608503847595e-01
1.196488269550214853e-02
1.009495387329452987e+00
9.612349313009557195e-01
3.954452021464993638e-01
5.387577717414178124e-01
5.968579477727649074e-01
2.587523438184148317e-01
9.728140229209393253e-01
7.050841442731461961e-02
2.269500956424380100e-01
7.504287308115040744e-01
5.864773224273784891e-01
7.011106688114963903e-02
7.089586088971728817e-01
8.585649872886381706e-01
9.082219818431536140e-01
1.055163785795813630e-01
1.032706035127815447e+00
5.497875575146274896e-01
8.922266228501893716e-04
7.497502595046079410e-02
1.080519356051651503e+00
9.871080622188947995e-01
9.516841750295094993e-02
2.932335774669979009e-02
2.479822602883861582e-01
1.776436319235151773e-01
2.021910483502581124e-01
1.046450498102349469e+00
1.002641401751720673e+00
7.406329731489843526e-01
1.010213554969973115e+00
6.585542316875117042e-01
3.371206685515933943e-01
6.180149355428597160e-04
9.253724279560132659e-02
7.521634486626267435e-01
1.183323762363268639e-01
1.325833937830585632e-02
9.726645161572250453e-02
1.872891944838707134e-01
4.419576050327168881e-02
4.506554608127753825e-02
7.786245817762335042e-01
7.889808464643119912e-01
8.376027693067160662e-01
5.689252220554152917e-01
8.833184638304514280e-01
6.703797858228401907e-01
5.953051278065342178e-01
2.309664569609689438e-02
7.997097103154993114e-01
8.951150788737831654e-01
1.052398326679893747e+00
8.168002756339215464e-01
1.425984940441403503e-02
6.108728533125958871e-01
1.018929557491724092e+00
9.951440109169542581e-01
3.560160834226610005e-01
6.914633212867833667e-02
7.833094334381676127e-01
1.085029694448177651e+00
9.739700689846555459e-01
7.433243409431917748e-01
9.710723602465514137e-01
1.113295319385873450e+00
1.068774956530908815e+00
1.076963004085572218e+00
9.849719275907874438e-01
9.488647617224091890e-01
9.350738191862117965e-01
1.001147060203630534e+00
9.670176942932269260e-01
8.858778093202743786e-01
7.041973614974876838e-01
1.316345227676909979e-01
1.481684022885020047e-01
8.165600623869035957e-01
7.965676354441698637e-01
7.845530309920208945e-01
8.384539717996088992e-01
6.154010994791233591e-01
3.351825680176027666e-01
6.384734522088926223e-01
6.791707782780979086e-01
4.391495085658638775e-01
6.994576266735974546e-02
9.066364404682308430e-04
2.200168102687243433e-03
-3.478088174734818294e-02
-1.248942132283374085e-01
-2.568070507419860718e-02
5.134184801973444845e-01
1.118816696714240895e-03
-1.804771921733827221e-03
7.634357574727740348e-02
1.242216921618237088e-02
