4.367933949754180256e-01
5.518366635643272566e-01
2.384659065286935942e-01
1.152952121763669346e+00
1.131469545637295848e+00
4.228463117927839798e-01
7.933108714698647312e-02
9.747365970074746144e-01
1.073773336368741393e+00
3.769419753927225059e-01
1.184347716101147086e+00
1.025427322931098839e+00
7.965763956727549555e-01
2.467756871177112857e-02
6.412963688826222031e-01
8.063949427893392086e-01
3.415525816994174346e-01
1.755319549830219317e-01
2.372757271623930631e-01
1.137252226961757984e-01
2.662630917223993837e-02
9.891049715064652303e-02
2.726955007903034689e-01
5.490712221567474183e-01
2.714834381672405206e-01
8.017687703682561950e-02
2.838101003088582264e-01
2.219762439191923292e-07
6.454634728078355310e-02
5.241159743848832209e-01
9.458651034178272576e-02
3.076682620043728611e-01
1.896539208402350241e-01
3.512778694436076155e-01
1.529110288377299853e-08
2.271766319612714136e-01
2.047047745090749271e-01
3.509330696629328616e-01
7.374746107105735471e-02
2.571773121003149698e-01
1.854635164005344339e-01
8.943191969134288433e-02
1.420007153054386462e-01
4.719568284121779533e-01
3.219781082925124993e-01
1.355176337395282982e-01
5.301909724960145176e-02
4.481386255775645505e-02
1.425388620817066021e-01
3.449212202497770607e-01
2.451141640396891641e-01
3.365886819977080557e-02
9.330857088810422251e-02
3.230045912352801779e-02
7.620097387322986859e-02
1.017176654519079924e-02
1.704017822161804641e-01
2.069622789885450231e-01
1.276089871313418611e-01
1.061780518697034020e-01
1.817283555338565781e-01
4.382477974286135697e-02
3.209834238224949674e-07
-4.665472444394717059e-05
2.428085726765279173e-01
3.132371626094855310e-01
2.181764163165460235e-01
1.521234200847727536e-01
3.918823403498607194e-02
1.377188209444797640e-01
9.472552331196286424e-02
6.071756894312796415e-01
1.304767252797362165e+00
3.007757351331906137e-01
1.930120783052880207e-01
2.002765680259205872e-01
1.993846450804609149e-01
2.422521905937201070e-01
3.770303973292729594e-02
1.152376677428036816e-01
3.145771841046050565e-01
5.483484607852888715e-01
3.967422638399285550e-01
6.822405352550497959e-01
4.299324101067809045e-01
5.235907375886048598e-01
1.290478452960617806e-01
1.517136107003700107e-01
2.387181879641474547e-01
8.800789866852322119e-01
3.805650411101665909e-01
7.492278854808297472e-01
4.992720673652348284e-01
5.445544672209793324e-01
6.141659389950210324e-01
1.886373397122518558e-01
7.873994523230359865e-02
1.986724806863114923e-01
5.067391281363088362e-01
7.480396297542739603e-01
1.545999322911858709e+00
4.351611983475561218e-01
6.310026601742998453e-01
2.002983923407547773e-01
1.276967745083405063e-07
1.059291200109269832e-01
4.120282506365509634e-01
1.613889504393698493e-01
9.472284845734028902e-02
2.581772267785569230e-01
8.604732201767842370e-02
2.234122628416918277e-01
7.237395427586204022e-01
3.064775887341355531e-01
1.562635763551019075e-01
1.548375781997330669e-01
1.020101948280335430e-01
9.833994425361924918e-02
2.143386835558554193e-01
8.737300529603052590e-01
5.880348787105434960e-01
2.814550495684308706e-01
3.871002938787880543e-02
9.890248559353535807e-02
3.480910474606713373e-08
8.017314663434445265e-02
5.319555877464645643e-01
1.478284070282390172e-01
-4.441649922536996219e-03
1.969399271398439794e-06
1.989452421960138107e-01
-1.621882409224264962e-07
5.480126413614990755e-01
8.847633001911192618e-01
4.390519863711710852e-02
7.071384904458248855e-01
7.446507548901825091e-01
5.005330739719803246e-01
2.267484306141755168e-01
7.240260664654420975e-01
1.000983659363722245e+00
-2.842812338520477160e-09
1.582415140701941003e-01
7.364232066914358499e-02
3.422033062594673769e-01
2.558680389065031702e-01
8.814566450692422617e-01
1.014120360134200816e+00
9.023786333384185010e-01
3.471517250071711747e-01
4.096185238128902673e-01
6.116627125630181849e-01
3.713734606225385093e-01
6.602036744561169401e-01
9.681691559867355856e-01
1.088478046121883758e-01
3.674171394506958038e-02
1.853849637269542050e-01
2.128401729119571567e-02
1.734296700375110361e-09
5.732823465282105291e-01
1.027035680929900385e+00
1.736958668909392711e-01
1.632061859388570235e-01
8.987698097033312850e-02
4.155293088611198268e-08
4.885396772570688856e-02
4.970090815358704228e-01
7.721493288723282333e-01
4.327504023429168956e-01
2.129953202729044370e-01
3.851163601541278125e-01
6.556007176092429334e-02
6.545826536646250082e-02
8.410507046395394593e-01
1.058924328712104179e+00
3.117253409836541755e-01
1.296105820990780810e-01
1.452201198270717530e-01
7.275245988483437960e-03
-4.966976225771796922e-09
7.899530653767160571e-01
1.499765432798385811e+00
1.241765877769390958e+00
4.125167941695715434e-01
6.656266097546900129e-01
2.186989185476843345e-01
2.600194687767450330e-01
7.282838263433416559e-01
6.570528415517972176e-01
4.429564340994903149e-01
1.487893873384973364e-01
3.015282295445577687e-01
7.000873020213438380e-02
2.762904683276602436e-01
7.245987348438390763e-01
1.200824632963831240e+00
5.144927906507335003e-01
6.548081281452861058e-01
3.215391387962653058e-02
2.325979694757952798e-01
7.665634899487208664e-02
5.153234232752063049e-01
8.620820971423059920e-01
9.481893012408713906e-02
2.682512819370036494e-01
1.345037749083889123e-01
8.242328275482740940e-02
1.103322232641482936e-01
6.010842271215919297e-01
7.987740575812496413e-01
5.184887010076583147e-01
2.771861656518018746e-01
4.449477062152040058e-02
9.906492563574487153e-01
1.015514257409098897e-01
2.597295226858255535e-01
6.760892170766704679e-01
7.253855501458408295e-01
3.353832869133274719e-01
2.410244091656374155e-01
1.964447633522950210e-01
2.044201429848770402e-01
7.270820620874206552e-01
9.117482557943207278e-01
2.880373275049746273e-01
6.811270763586216859e-01
3.157354545722527717e-01
9.289931642075903440e-02
1.407111325198002472e-01
8.277435705669361488e-01
8.910012474295122553e-01
2.580147956758453986e-01
9.228653693857694172e-08
8.162062822501983117e-01
9.154598414148402696e-01
1.671587277496559276e-01
1.870924538527048431e-01
4.530370647567835696e-01
3.371798344646114165e-01
2.810546104054198469e-01
2.148509253324319135e-01
1.768068090944973081e-01
1.422349389591273383e-01
3.165313811213172346e-01
7.576346955159214414e-01
5.228109461098332522e-01
4.613990692306489394e-01
5.624968706621295000e-01
3.651896484296227596e-01
4.407365235830035810e-01
7.457857419896538609e-01
1.048410001067330066e+00
7.018247156289819655e-01
4.070239906710690914e-01
8.302960883034000157e-07
3.811810889243320011e-01
1.302359514064318491e-01
4.197378470175971432e-01
8.486604864684796912e-01
5.545054812683364309e-01
1.472258470165599187e+00
1.717136515785585349e+00
7.772827157114521324e-01
5.364901711833128806e-01
4.425581443891986599e-01
1.097349459733206301e+00
1.269969677910233186e+00
1.390832558250967299e-01
1.605674226264443005e-01
7.411886848764364100e-01
6.190827935409323191e-01
6.620761918622593001e-01
1.115103185094682425e+00
3.665022186513524072e-01
8.966901984819112270e-01
1.144834505364754396e+00
3.911439021295987084e-01
4.693782420310861903e-01
5.858888277536347111e-01
3.638314638996202888e-01
8.683496849865257605e-01
1.346110860062817438e-01
1.110036142809016857e+00
4.225283134532674678e-01
-4.140003453613688711e-02
1.138873870305479263e+00
1.447787302892239225e+00
8.244662744235687901e-01
8.652773955603096367e-02
7.867105491262822436e-01
9.177240547514474711e-01
8.107518297211514513e-01
7.704712713172390259e-01
7.837876416390465728e-01
2.586630066821642426e-01
2.004640755187884205e-01
3.261746445568971531e-01
3.050034553337976906e-01
6.430289588265057921e-01
1.100918253701682892e-01
5.245940496336947145e-01
1.327172402873408208e+00
5.037078771131023869e-01
4.391130652450788707e-01
9.187643121158313164e-01
7.055041002682884699e-01
1.748441590374001306e-02
4.610321879471455664e-01
1.233833300010656719e+00
4.859586184476069048e-01
2.266471913845422570e-01
2.248526974828074232e-01
5.350903150824167787e-01
1.485212009041078640e-01
1.407150324533668775e-07
2.720149812866261285e-02
9.824177089822304643e-01
1.526626971837125590e-01
1.791861535271333794e-01
7.060417288842699146e-02
5.196066719835849416e-08
8.667522050200505701e-01
5.371657790595556481e-01
1.348949045852175233e-01
1.023450065712497026e-01
2.629592914113287327e-01
9.166887718116075723e-01
3.381482968795597177e-01
1.116960909195959667e-01
2.144598951415754018e-01
6.721125856947800514e-01
1.078430472736469525e+00
1.059201613150758448e+00
8.107368897813287401e-01
1.412198229759967505e-01
6.229786044675603152e-02
1.422925070010615245e-01
3.567549361658737817e-01
4.487085707618790331e-01
1.124317818848922929e-01
9.531176751555307802e-02
8.604244909550772075e-09
3.028712487352399063e-01
7.456309827786794520e-01
-1.785882759009660078e-02
1.087612957234128097e-01
4.470437590862019056e-02
6.244288192312008643e-10
1.198363218757169668e-01
4.435184023969191980e-01
2.918593545575782766e-01
1.080606911697658407e-01
3.428171865450720390e-01
4.552735696887586503e-01
4.437529014685009376e-01
2.435159218325436137e-01
4.283612907755608018e-02
8.426268108517194488e-02
6.057115896378338915e-01
-1.590906436671885027e-02
4.083428675306972622e-01
3.353685319464520531e-01
4.424890440737460073e-01
1.706788882788017048e-01
