9.836779197476981373e-01
1.290979855091922479e+00
1.299965510903851484e+00
1.038658346809146815e+00
1.076332238882965475e+00
9.736909946343040856e-01
9.327103457945224996e-01
3.493822760988088971e-01
7.307210140488127337e-01
1.081466297961309442e+00
3.656587899879465975e-01
3.944408251110691488e-01
3.543829506486947944e-01
7.103074506421367396e-01
1.472021425732983890e-01
1.078482571539928658e+00
1.096391996129791657e+00
1.257357297897060189e+00
1.231381930688894011e+00
1.453022510722961069e+00
1.371240786300286452e+00
1.284823604872548097e+00
1.467403948596879060e+00
1.667687114894268907e+00
1.243675950598732705e+00
1.178302027810886887e+00
1.197859511687128897e+00
1.067753692052528347e+00
9.406353368785070890e-01
6.961673194056483549e-01
9.947473197541658596e-01
8.999370295343832593e-01
9.426628244398402856e-01
1.003224559067895649e+00
1.208757159560668759e+00
1.080333991677719707e+00
1.348309607722154357e+00
1.183693212623939894e+00
1.070540627829375424e+00
8.736179952894379541e-01
8.858178460345933480e-01
8.407190109050854954e-01
1.027226233382451115e+00
1.061550351174690876e+00
1.166051402040821916e+00
1.070092418444102744e+00
1.043357464788176703e+00
8.380661366676313007e-01
7.838435137451983392e-01
9.648249123754979450e-01
6.767784807009825654e-01
9.179476460752012956e-01
1.073672659420241704e+00
1.039881191436857755e+00
9.353421290817024447e-01
8.718099841751328904e-01
1.004705692779850779e+00
1.097379170681292315e+00
1.121493879219060741e+00
1.182260565212535308e+00
1.075442806471830437e+00
1.036721036120680672e+00
9.880341520541240374e-01
1.126895548690556303e+00
1.272717989598747712e+00
1.006360692675003277e+00
1.310949586295203861e+00
1.202874911304477878e+00
1.081208425193843636e+00
9.628724367049364963e-01
9.274159891459098359e-01
7.858605435786012450e-01
8.549739063197908662e-01
1.047030294857028032e+00
9.946915853705381450e-01
8.829581589403234787e-01
9.362218882635450212e-01
9.438496707341502701e-01
1.011058558529144724e+00
9.685746584357074473e-01
7.981667390856269639e-01
7.301450747988882384e-01
6.720001168557728777e-01
3.674843158655335396e-01
7.915754102032709350e-01
8.904020233989498045e-01
1.079706052741683520e+00
1.107418083741083858e+00
8.851570115676192785e-01
9.741448369630915094e-01
8.442065368115163615e-01
9.065174204760686472e-01
1.085611796560878251e+00
1.178496921636172035e+00
1.160065290922516201e+00
1.090502659548078013e+00
1.012102640371683959e+00
1.043650632860360083e+00
9.734068823317110208e-01
5.244563785317000182e-01
2.222673164337410079e-01
8.842392704706573126e-01
8.883572106740774688e-01
1.051807235203682023e+00
9.660901737557714419e-01
9.964781753403196829e-01
1.113098063279817529e+00
1.011914632695725347e+00
9.479128505902261193e-01
9.483140877187520301e-01
9.199286657536528411e-01
8.334373275436209871e-01
8.255403901516744636e-01
9.583711363694641383e-01
8.927290270147616447e-01
9.653021529789113098e-01
1.037064607848348530e+00
1.012204841313679493e+00
9.536018679390031449e-01
8.168871978892177088e-01
8.373300091436233217e-01
1.018814113205688709e+00
9.982830590187402597e-01
8.778462708653347324e-01
8.166381426106743557e-01
8.008891954335953800e-01
7.488846351639331100e-01
8.709768405155150495e-01
8.201862015006267104e-01
7.870172964250514713e-01
8.622501301317707645e-01
7.877679583414750608e-01
6.518394060842389592e-01
3.988640592259440343e-01
8.102220318598398752e-01
5.630973103932825907e-01
3.495817815540034346e-01
7.461626948456079322e-01
7.858932442193508061e-01
2.892188770838887701e-01
2.273015571331389317e-01
7.368838992863755433e-01
5.479075646007449674e-01
6.896039488692947694e-01
4.999498074283245108e-01
3.666679193174717244e-01
3.724728720057083331e-01
2.363573152973345581e-01
3.589081918860154707e-01
7.084113373318755569e-01
5.215018714204953110e-01
5.644843956258330797e-01
5.980992174416628337e-01
4.823114028032112199e-01
3.418010118376014761e-01
7.282503340530733782e-01
7.512976918264664405e-01
8.038704325211819546e-01
7.185774211795391553e-01
7.419573384080633272e-01
4.208579960352430982e-01
2.005839859435005756e-01
7.366244488845969940e-01
7.525249421521749138e-01
8.873378941788152563e-01
9.887347243013017151e-01
1.075939715756728088e+00
9.189198824937582222e-01
6.415151200108925034e-01
9.580661235497440753e-01
1.061045202399278020e+00
1.065712750529789199e+00
1.079699205725362487e+00
9.314453375113628253e-01
4.962216863502968422e-01
3.910212140939722247e-01
7.723915457904136916e-01
7.820809714172201055e-01
9.245778067861907257e-01
9.592623365119148371e-01
8.901622201920382782e-01
3.544609292828037050e-01
-3.417349429199143668e-02
1.993071247302166948e-01
6.468691499285222912e-01
7.011875012573891564e-01
7.742439053137830651e-01
8.154308771126146382e-01
6.351566053675878898e-01
7.171554837082561029e-01
8.063491887736133901e-01
6.982302692077027029e-01
5.244380255872438390e-01
6.653853883213218801e-01
7.466450336549727007e-01
1.084732518987101407e-01
-2.956066701637349303e-01
3.690165248373721285e-01
5.521522502846839542e-01
6.755069506273535529e-01
5.740418983108129813e-01
7.289748239159365983e-01
5.082356253554480841e-01
1.370558559920001529e-01
5.485181240105712064e-01
5.402589723524815479e-01
6.242047012145991447e-01
7.599901971731440886e-01
7.634301577666235961e-01
5.363624919892807652e-01
2.034189011874573128e-01
5.962519472021774458e-01
6.387606273789205868e-01
5.106975565523468319e-01
2.662626145759443563e-01
5.036547158501829546e-01
6.654121199519558161e-01
5.276456315686393062e-01
1.406967472192477142e-01
-4.770341250805282263e-02
2.095319247968852744e-02
4.455215410747192517e-01
6.390117042267258185e-01
4.643921967359412872e-01
3.607919446924457985e-01
7.381248249287875041e-01
8.178714690585940916e-01
8.030778943035502548e-01
7.969376931753445747e-01
7.213270621492426926e-01
2.493659966489353841e-01
4.850025347601293335e-01
7.747257245875518450e-01
7.828858021317008919e-01
8.477437660260629393e-01
8.456662443178277755e-01
7.870895671444129160e-01
7.246513856922542907e-01
7.794468031528432039e-01
7.750573806494540641e-01
8.064292437769809974e-01
8.431748300451014089e-01
8.261176875789774110e-01
8.044800469644596275e-01
7.137600968145310087e-01
4.750053571900333949e-01
8.009113593525505337e-01
8.073983859978852706e-01
7.700836294949698901e-01
7.167532825935797325e-01
7.257350686594097322e-01
6.744777163713843171e-01
6.392194041674534866e-01
7.204531739419165470e-01
7.495921385360111433e-01
7.183523365322043164e-01
7.126829582513010131e-01
6.825629544520971370e-01
6.428221970701619714e-01
4.141992752351216223e-01
1.109447748626891939e-01
-1.243861538385083836e-02
-3.904131310602703547e-02
4.459066953694213603e-02
1.763499346061729589e-01
2.807715791576408937e-01
1.767085476443149006e-01
6.248483148009424670e-02
2.979351117630745782e-01
4.853550121880467194e-01
2.603745561674272735e-01
3.849178683338910223e-01
2.117025725894679938e-02
2.561876452629810452e-01
4.663240169107004673e-01
1.224642293774846485e-01
1.910773369572928496e-02
1.177399980937095386e-01
7.334748931351607604e-02
1.132654362930439751e-01
4.356192798348049733e-01
5.849897184164285502e-01
4.394676510813744219e-01
6.200624696758783028e-02
1.640691311964943833e-01
3.246673174105906834e-01
3.716792174389436931e-02
8.296099303114189139e-02
5.246653771875159356e-01
5.338866712202868792e-01
5.189195091323313136e-01
2.807089257335138033e-01
3.307984424005442903e-01
4.164750985675945705e-01
4.224776817132000484e-01
9.207097789841168778e-01
5.983759013906780888e-01
5.872627057137952411e-01
6.562745000016872998e-01
9.181445307112513499e-01
6.826719973258058571e-01
2.699069395129699567e-01
1.392479718389143528e-01
9.044572794092575752e-01
6.263805634983274917e-01
3.988721727802762018e-01
4.575144778026922765e-01
3.099899430279127177e-01
3.903784795840030686e-01
5.882874211561440747e-01
9.015632419417941579e-01
7.113118354128290521e-01
7.881606792825353036e-01
6.294640157428558203e-01
8.766953873493128491e-01
8.569860748765851799e-01
8.030925587741890581e-01
5.906388284415385881e-01
8.952457951881827025e-01
1.097652192917300429e+00
1.059578725910426122e+00
8.657889959477749198e-01
4.239523804007213625e-01
9.875415601267948373e-01
1.070185509446283101e+00
8.488920206787428091e-01
3.792095521841216121e-01
5.141031591199769490e-01
8.095922776145278998e-01
1.051066527078838853e+00
1.025689772363303831e+00
8.152762327419478261e-01
1.078890917054948329e+00
1.090996973013180327e+00
1.056428476633775482e+00
1.058308368421847279e+00
9.971255889955265017e-01
9.799080239329995834e-01
1.033040896845895507e+00
1.073295311064094815e+00
9.876962949751478815e-01
8.922569569527833977e-01
7.868505736064588252e-01
4.370785287170002031e-01
5.446432393981157638e-01
9.380830723127717707e-01
8.178275263329872757e-01
8.535106317424706601e-01
8.188335058647839837e-01
5.900361692887994280e-01
3.554369944164848527e-01
5.738256216612251936e-01
5.806175388724985620e-01
4.483352045719020129e-01
3.587709207583431592e-01
9.628743062574479650e-02
2.123213939863345667e-01
4.337839831586593475e-01
3.322753459794727249e-01
4.830147707089971765e-01
6.085652558409775370e-01
3.241067348090215239e-01
4.652172177227971162e-01
6.373696361447853675e-01
4.636836877064393070e-01
