2.154322479356263198e-02
2.013810640177232103e-01
1.807346140174975468e-01
-3.963528949393040031e-09
5.679195287768620259e-01
3.295845055206433893e-01
-2.479321111166359126e-07
3.585245141089889600e-08
7.273914518300482746e-01
4.999221167340983651e-02
8.565726230011042608e-01
7.176275174860586858e-01
5.373556886774938368e-01
9.848873141183414615e-02
7.885251454075222766e-01
3.073410131560510017e-01
2.353966170284482184e-01
1.066107131126602797e-02
3.860458507120329418e-09
-3.058684558247263402e-02
-4.267108394143264707e-08
1.160213260282322162e-01
4.172832437922242010e-01
-9.114228558751176132e-09
-1.804430708238671378e-07
-1.640774363595180405e-02
4.251206529439706117e-01
-2.205704069578457012e-08
1.587565390661127690e-09
4.723792944633087298e-02
-4.459540491463881547e-08
-4.720380147796101496e-08
5.636463284063799595e-01
-7.551866681650755623e-08
-1.011806111712098726e-07
-2.630549652525477445e-08
2.245797898542428045e-07
-8.004753682827477813e-09
-5.755892096964392644e-09
-2.686964360075702607e-02
-7.954822356997260971e-09
1.408459157865368007e-08
-5.523072167547102997e-09
-1.788702045459338426e-08
3.441319415474038967e-01
1.030631743533222250e-09
-1.547293515775974558e-08
-2.255948709006508618e-08
5.507329307348561354e-07
-5.245314809564965448e-08
5.399176873965405295e-09
-7.646950465046768222e-09
-7.343308570782201838e-02
-7.232794895505515912e-09
-1.124483894725908895e-08
-8.625756997671014333e-09
5.171505306749961109e-09
1.364024809589766169e-10
-2.821808854816943199e-08
-2.923082559477532491e-09
9.341620179957653546e-09
1.252342625451350118e-09
-8.407698858003312269e-09
2.898548570180083551e-09
3.467146445456151249e-01
7.632583366187825280e-09
-9.728227253841923043e-10
-2.589687003400499642e-08
3.040579106476403060e-08
1.848346104929118202e-08
4.942145266259360810e-10
1.241000585512756674e-10
2.252923823456702755e-09
-4.851796856255602150e-09
-5.687596522230994922e-09
-6.808409698868509951e-09
2.161901400104963038e-08
1.783129500749562357e-08
-1.562163007528555596e-08
1.134867416169583170e-08
1.463237925456715621e-08
3.872337485901131546e-09
7.087799847454595913e-09
4.429300155297837271e-01
-8.346496302005530305e-08
-1.024195267994759989e-08
3.588009682066075198e-09
-7.146276718678953814e-09
-2.069084700420697507e-08
1.959469217371159108e-09
-2.350620964339496315e-08
-6.128980627905383956e-03
9.844416653634349683e-08
8.852893602907322233e-09
-7.313239136422706235e-09
1.605825439907248135e-08
2.674201714099000484e-08
1.213823152519437983e-08
-2.541807752468157353e-08
-5.339803343348121576e-09
8.433215875439871168e-01
5.257382633885659962e-02
-1.589058422273617380e-08
-2.254265135986027675e-08
-1.909883563351611272e-08
3.580825201991861472e-08
-1.036092026326632803e-01
-9.920864017929984781e-10
2.412084459450372049e-08
-8.178628021319856193e-09
6.916538226892921184e-10
-3.528509227530039612e-08
1.057120699625354744e-08
-4.558455538507862106e-09
-5.031216185212012374e-08
2.600196220023354422e-08
6.932239820944655629e-09
5.425316137568165727e-09
-2.272518801705205408e-08
-1.116926704001661546e-08
7.862114262867514453e-09
-4.850000575794968731e-09
-6.777888632378597502e-09
1.898966366744105072e-01
9.441983114941065967e-08
-1.077340688583369756e-09
-3.132034811353993862e-09
-2.994491861916513124e-08
-1.506682394873831579e-08
3.379995768706703823e-09
-6.623957857939458276e-09
2.045421442263538510e-08
-1.351748452886411192e-08
2.295036354006990131e-01
-5.768196430721524021e-09
6.609917217638660620e-09
3.866837262026802494e-08
5.054879901081915547e-08
8.438042507874348655e-09
4.087272965646909784e-01
2.139765185108253032e-01
-1.832490679249066221e-07
-1.683263013379653606e-09
1.154037440047787722e-09
5.400407135629378281e-09
5.636236615356717827e-01
2.432407719967828440e-08
1.585655789184203114e-08
3.847863055404325934e-09
6.218960433521288275e-09
3.478355080441096103e-09
2.219399214730198836e-08
2.751989200852753604e-09
2.946418051949402451e-08
5.860474584255822572e-01
6.690183118698482583e-09
1.193250814657212633e-09
-1.982176882792770212e-02
7.576398958179339505e-02
-4.216626403932199896e-02
1.630453692795290819e-07
4.891306565915409243e-01
-6.871481189433669302e-04
2.546912215349690922e-01
4.385925963244380791e-09
-1.256980335454022275e-02
-7.559774980070877073e-09
9.024436031297248959e-09
6.937929235984470200e-01
1.751434189717020543e-02
8.382797234623196226e-08
5.283074787054272437e-08
-8.154130255363931185e-09
7.342054070747814317e-09
9.946516382909209586e-01
5.630118582662689830e-01
1.456367511132932446e-01
6.925796104656709029e-02
-1.072088486027434132e-02
-1.198597515444161589e-08
1.382550144675150780e-08
6.339563347255534609e-01
6.024273711058155678e-01
5.454543312905707486e-01
5.958631871011774471e-08
2.198838629831308142e-08
9.391653412666288447e-02
7.882498948364601021e-02
3.271121369443250604e-01
9.354193299151618411e-08
2.466454999324972988e-02
8.035598905275689874e-02
4.988277453592424582e-01
1.225066417245949391e-01
2.286132864970268985e-08
6.530074956560308896e-01
1.127347217876308871e+00
-1.614365028513051747e-01
5.169868541899974398e-08
1.473253877228571942e-08
1.352721587545052131e-09
8.291811868312370384e-09
4.978430903576549493e-01
5.980758026935908411e-01
3.672752331752430267e-08
1.278919957282897671e-08
5.823114938791125009e-09
3.098104747633809313e-08
-1.901508103966604068e-11
3.431423939906245169e-01
6.162343291079551699e-01
-4.238101215502059972e-09
-2.745312892091316802e-03
2.583929128149691223e-01
2.903661721924373218e-01
1.414216156683377745e-01
-2.539122674581694231e-02
1.832872782852042400e-08
2.033934998841271102e-01
5.733800978285455430e-02
2.135802053548153517e-08
2.953442892398789386e-10
1.696648555525137559e-08
4.422993225266626527e-01
6.489242789772605713e-01
2.550144221259555184e-08
-1.408929548792959008e-01
3.558196518256971820e-09
6.906155209424985838e-09
7.709475564539178228e-09
4.407414697370369283e-01
3.630728842475747231e-01
-6.089943237466239286e-08
9.124392274121315881e-09
1.238085972599838932e-08
-1.538840097373862301e-09
2.693693181231796972e-09
-9.076609290407402055e-10
3.260918238880844548e-10
7.495836620424922966e-09
1.544616795245064622e-08
-2.908254227449223917e-08
9.803022240018915942e-09
9.549531975056991519e-09
-2.558043465657116432e-09
2.174456916266790841e-08
1.153379242143013134e-08
9.366361051418653866e-09
4.353091916788294442e-09
-1.356460067096319388e-08
5.782826066106113486e-09
1.284352767261814861e-08
5.900431107922353752e-09
7.594789973996563726e-09
1.095862329306861541e-09
1.516551058329597868e-08
3.504295744772593527e-09
3.341371109873315422e-09
4.065141715958949423e-09
2.612279189068377749e-01
3.035710352425515235e-01
-4.985259256727831923e-10
6.894470842478958583e-02
3.222648876606691101e-08
5.141991111909605117e-02
8.162253596290212748e-09
3.966473784793255741e-01
5.708027299872095986e-11
2.401976878031038176e-09
1.809270791133930515e-09
5.563892571739578589e-09
-2.729854713815131034e-10
4.199053123023436807e-01
2.587850755080562948e-01
-7.680475605063690941e-10
7.991936273071555956e-11
6.418391634012834794e-11
1.012330193512666412e-08
-6.946527420078724504e-13
7.183833974210195721e-11
1.020168519846392175e-09
-4.028984707787349526e-10
-1.654579337157094432e-09
3.774111938357137275e-09
1.681951455322284461e-01
0.000000000000000000e+00
4.849499113608264422e-10
2.597426910733418026e-01
5.988740223932645956e-11
-7.284721144173744878e-10
-4.387772983542053558e-11
7.686756635347188216e-10
-6.297294954607217963e-09
-1.309304115631978236e-09
8.937139622050793300e-10
-4.439805163547303324e-08
-7.034431102986731245e-09
-2.558042770747699993e-02
-8.596162752531385536e-09
-2.859646206590072432e-09
1.198703371953828447e-09
3.415137734672194503e-01
6.544862753970825953e-01
-2.292870335282700582e-08
-2.511657863012088007e-09
1.974339938203032996e-01
-2.625524188341591483e-09
1.188995486523162291e-09
1.994319019695358630e-01
2.969404593507744833e-07
-2.508401846078185252e-09
-6.964698771192489472e-09
-2.150687288929608382e-08
1.629198663770160538e-01
-5.625233456058339551e-10
6.379936381753006441e-09
-8.001238838144868777e-10
2.214234075727449236e-01
-1.940105824428875779e-09
-5.068303929193500448e-09
6.941676426494264307e-02
-2.666727115387627199e-09
4.535689851381095594e-01
-1.917528494918773708e-08
6.670142273147959759e-09
-5.901213267012320185e-02
2.583656764835683961e-01
2.085986010805747637e-01
9.920304834072445066e-02
6.774232332923517397e-02
-3.063579718982727199e-08
6.881055930182988778e-01
8.663918843929623026e-02
1.092711111302602234e+00
7.469698839201810436e-01
7.573933620856612703e-02
-2.941416065910172335e-08
1.760949880639910703e-01
1.202772156983723389e-01
3.959706956902764863e-01
1.159472313041922109e-01
1.245301397051631898e-01
4.866997017822948316e-10
3.101208031140129107e-01
5.537864594538645102e-01
-1.515519294581845130e-07
1.559673745213446816e-02
1.497821203794740264e-01
1.300693488502413508e-01
-5.298997917753098202e-08
1.647463511569354500e-01
2.481856345693495697e-02
9.694509690547870040e-02
2.056051418699587352e-01
8.125085047905975646e-07
4.625041174424865953e-01
6.434595227925642347e-08
-2.194840115656759525e-09
3.986133200122889131e-02
6.115771623440469096e-02
5.406558277822900299e-02
2.574917482517946055e-01
1.382879740237799859e-01
3.172988267473461632e-02
4.226914663323520782e-02
