1.295147841803285793e-01
2.013853364986289696e-01
1.807385325994061154e-01
1.205964749561109242e-08
5.679232264760263327e-01
3.295895018114554098e-01
-7.355232252875847088e-02
8.388757210047794732e-01
7.591475412175765491e-01
1.861142362539804085e-01
8.565770004793877845e-01
7.176314788399360545e-01
6.312173414108788183e-01
9.097436985907070284e-02
8.309712546812381140e-01
3.073450708908969098e-01
2.679887322027948993e-01
3.757318672681745492e-02
2.838370939729933928e-01
-1.119923737476764408e-01
-1.105390438955742070e-08
3.398221097581477501e-01
7.166741736194587320e-01
-4.234303486491741097e-09
-1.946634012605954686e-02
-2.728137956428450944e-02
4.985711436419731912e-01
-3.020459919255065900e-08
1.873083747584006295e-08
2.771767213973865829e-01
-1.057084821565445198e-01
1.185570588631305183e-01
5.636511538936839205e-01
-1.007541311870330421e-02
7.454043014951480806e-02
2.877041270649564192e-02
3.045529441278570504e-01
-6.220697183931839236e-02
-5.690987010745506586e-09
-1.017350208087737171e-02
1.943627814466023646e-02
2.526943134888853115e-08
-7.911506806793514035e-02
-1.021192933822789445e-01
3.538001683367218986e-01
2.107378638564822437e-01
1.135169432559303276e-01
-3.821402135614319906e-02
2.087165815259189039e-01
-2.019973406923243329e-07
9.188183100878812320e-08
3.071732438049482362e-08
-1.242940991258445760e-01
-7.474136339041070887e-02
-3.481680269769470148e-02
2.548623119333578709e-09
1.805467909124033316e-08
1.472990205471459979e-01
-4.742233989563000851e-02
-6.145081807721193719e-08
6.822338280298237102e-09
4.315002913079357205e-08
-3.794619547862834849e-08
1.987458512490312207e-08
3.467190502963323206e-01
6.412130079496297184e-08
-9.239692807513978023e-09
4.954891624230806785e-02
7.401461819125658426e-02
7.759214917007600562e-08
-1.701128833878868055e-02
1.016916095979634588e-01
9.080825331137810930e-02
-3.678371666028253106e-02
1.259030534156674837e-09
-1.203476492782370880e-03
-2.598759664701264047e-03
1.360609778794310071e-08
-7.726205419636604510e-02
-5.682948154219624043e-02
4.786735498221305431e-08
7.686812075831082104e-08
1.064806670065818611e-01
4.429343945129780580e-01
-2.002837241586710032e-02
-2.166114526175271643e-02
2.303409482915218746e-08
6.318206770161935459e-08
8.008465178437897125e-02
-5.019051496872614735e-04
-3.258663426570273386e-02
-1.558759224802189897e-02
1.057224512107165088e-01
1.343754432842310138e-07
-3.156883357096105322e-08
3.698901312375262075e-08
3.169140604706439168e-09
1.962840586908838043e-08
-4.675870126870854731e-07
-4.332977789651979578e-02
8.816589770607079490e-01
6.341152664429429431e-02
3.203902453582464782e-02
-1.789600009972336370e-01
-1.494331015573073232e-09
-5.100826300982462536e-02
-1.036048902660320903e-01
-2.054389343413634855e-08
9.710678962592365151e-09
-2.086060511912573479e-07
1.605933023667938803e-02
-1.051504787227998379e-08
3.125997542417632550e-06
4.118794050419303382e-02
-5.746580570362090949e-09
-6.208463400878672794e-02
7.553973084984078214e-08
3.049092011477991185e-08
-7.386227685412552161e-09
-2.436419937558381508e-09
1.934105176767697276e-01
-4.906726628089733653e-09
-4.417621337584470138e-08
3.240201986688147628e-01
-7.156146929106699250e-02
6.965341538040446863e-09
-1.954391230642351165e-02
-6.061161446082682218e-08
-5.499478262940951064e-08
3.828509347479796740e-08
-4.116949117435049141e-09
2.118503931027026297e-08
2.068132250407996276e-08
6.664323855862557267e-01
-3.213101835010022125e-08
6.712044042949041284e-09
6.092687310163672487e-01
2.145408481501379660e-08
8.115607787281756136e-02
7.036007240780877137e-01
3.337625129212700714e-01
-7.377863179702118246e-02
2.844689824823493029e-08
1.448337564064240811e-10
6.601087170666230299e-09
6.130620861075551931e-01
6.665614500080372373e-01
7.365756026127655565e-01
2.455350392972141175e-08
1.364551860574106256e-08
7.032724935249970931e-09
1.355450020152642164e-07
2.011498783471923624e-01
3.924441507560029740e-01
5.859849018348536331e-01
-2.045704865163186503e-02
1.500997228432892715e-08
-3.163858580290453137e-02
7.467122730073395831e-02
-4.222328578468349802e-02
5.221630660222174036e-01
7.728149997387556702e-01
1.212400448249413261e-03
2.667181115412992631e-01
6.990054895567580917e-03
-1.261590155544379914e-02
-5.527949537077858633e-02
1.774492414136352226e-08
6.937777607466915075e-01
3.854465689940134859e-02
2.043592288749198072e-01
1.730673825093793916e-01
-9.215735481424304295e-10
9.776099268687507560e-02
9.946007865675192683e-01
7.451838440261495666e-01
1.455975448570055730e-01
1.853102835707021862e-02
-1.042167617751497966e-01
-2.227905367813141116e-09
-8.811480625094460767e-09
6.339113934366169545e-01
6.023852130165265883e-01
8.581472718257725507e-01
2.974431649347953899e-01
8.616458635340389847e-09
6.427561134861879688e-02
1.111535317221323260e-01
3.270728225507620324e-01
2.860694992702708106e-01
9.601239900312790593e-03
2.042136222377830546e-01
4.988230919825102916e-01
1.224546273961878567e-01
2.607251484052557547e-08
6.530080355582865703e-01
1.127319434713347945e+00
6.234401758630033624e-02
1.978108002588458425e-01
1.686457305652567371e-08
-1.178914446147818361e-07
1.079870019943170211e-08
4.978369232464998073e-01
5.980253078492878682e-01
1.889063681844923848e-01
-6.842333228449761792e-09
8.928651833680410537e-09
4.493625232517689517e-08
-2.491421244789646106e-02
3.456265110107197835e-01
6.164916842348119319e-01
-9.233787804869632470e-09
-2.782633495289963191e-03
2.583537744979744755e-01
6.118750966004595782e-01
1.183921026436671187e-01
-2.542461242391656079e-02
3.956367401146590591e-08
2.033950105446693801e-01
5.734074085554660694e-02
3.527341129080262538e-01
1.205162378924079930e-01
2.380017966520884042e-08
4.511980731952666135e-01
6.488968947983514424e-01
-3.456417978904193639e-02
-1.408888608560887601e-01
4.912192184658208025e-09
7.008680088181631219e-09
7.859674611224071045e-09
4.407327870452197871e-01
3.630414519375683158e-01
-4.283314034958777411e-02
8.723608462295886933e-09
1.349785590059668828e-08
-1.977101424719454836e-09
-5.189540494833752499e-10
4.980495933359831151e-02
-1.194275914258649679e-01
1.061863484554620570e-08
1.136685680561889148e-08
-1.823933153328685316e-07
-1.320115134905494747e-08
8.585769432934675059e-09
-9.471683842151858504e-03
4.502139980745776260e-01
1.258808247464201214e-08
-6.807413204291361892e-10
-3.329411438961613405e-08
-7.220013019010158271e-08
-5.656794553226542126e-10
1.386553791973062482e-08
9.523648069227341109e-09
-1.254649358036219210e-07
-9.363104920742149978e-08
1.332924324898530124e-08
-6.050297061721164969e-09
3.935414193572348232e-09
5.780301170353637109e-09
2.611778687988736136e-01
3.807084546477748632e-01
-1.262296505319081320e-09
1.064108599338162570e-01
2.646630710315329704e-01
-8.208292102945943802e-02
6.090562468989606893e-10
4.557395727067343194e-01
1.670237559573469633e-08
5.011907786364225424e-09
-8.208679382771445438e-09
1.335643700820465986e-08
-3.040192415502429579e-02
4.390924990430127850e-01
3.550644697725725552e-01
-1.167612672968238249e-08
1.761635221544111465e-02
2.114987684743146329e-02
4.342836097778404736e-01
2.580718660481402457e-02
1.591697552654374649e-09
1.338085373415913437e-01
-4.595632193909923746e-09
-5.688993803392418434e-09
8.386250388227119157e-02
5.272782424682522784e-01
-7.721171214389535102e-08
3.716145290758440396e-09
4.201002428308103220e-01
5.032207371246213284e-02
-8.201101029722385135e-10
-2.017756043229352411e-08
-7.540475787917957917e-02
3.013178184458117220e-03
7.514343008726671880e-02
2.288345821545639536e-01
4.665059416842500028e-07
-1.506714023284080430e-08
-2.557502969355879285e-02
-2.563927645134287184e-02
-3.937761395895296834e-09
9.769064879246625033e-02
3.415177157401799724e-01
6.544899707172223691e-01
6.459284360820645443e-02
-5.113183191558781188e-09
1.974383249077014124e-01
2.383964880188781569e-08
1.522672187033827784e-01
1.831368991024955595e-01
6.252067999825484668e-01
1.288866807858327357e-01
9.799670756941547545e-02
1.551315215516128332e-01
1.629242128118391642e-01
1.400812643994548875e-09
1.260749728395667846e-01
1.280760541810547770e-01
2.214273518861492596e-01
1.834190294387141873e-01
2.449158304030267926e-08
1.760321503774031349e-01
-5.682815068454095953e-02
4.701108223483438930e-01
7.551180249420154302e-09
2.349421164376362947e-01
-1.735986748747924413e-01
2.744734614727774025e-01
2.086035679241632357e-01
2.864708351269397157e-01
1.830506027254903134e-01
1.748473533071502328e-01
6.881097571864540630e-01
8.032448454751611733e-01
1.092715216326216598e+00
8.618459993235226824e-01
1.361356684412035056e-01
7.995014989231100100e-02
1.761001204273942577e-01
2.872759944367134222e-01
4.482902790855009534e-01
1.235182766934252302e-01
1.441523759363875501e-01
-4.494116061097312362e-03
3.101248297418564004e-01
5.537899930861879261e-01
1.000794448490931049e-01
1.117629055071138189e-01
2.662108976487408962e-01
1.656350457541546917e-01
-2.198567568421081267e-02
1.647507050817685614e-01
2.845673172968704243e-02
9.694937811586944176e-02
2.049962958451775064e-01
1.628733088724966804e-01
4.625093082319841065e-01
5.461447822896811077e-01
-1.328140123920135973e-01
1.574877540271829301e-01
6.116161592537994185e-02
5.406950453666193451e-02
2.574962857630578861e-01
1.382920300175338457e-01
3.112345793208728950e-02
1.240242650560597071e-01
