2.154453149942498619e-02
2.013853058789724648e-01
1.807387279166112470e-01
-3.962981144206000426e-09
5.679233507346700405e-01
3.295892290408611314e-01
-2.488376072681821173e-07
3.587470413617149176e-08
7.273951683796280321e-01
4.999340101770707173e-02
8.565765002262837324e-01
7.176317796462070575e-01
5.373592459689122691e-01
9.849270235517849914e-02
7.885290926957924107e-01
3.073450686604931592e-01
2.354003112356163052e-01
1.066183299142227370e-02
3.863581811249453429e-09
-3.058569984192970048e-02
-4.268071150250705458e-08
1.160226707770218302e-01
4.172852891550886123e-01
-9.116651491530353375e-09
-1.806083024919455212e-07
-1.640388871236459281e-02
4.251241295239003848e-01
-2.206118464174326671e-08
1.588209593059060184e-09
4.723938001386315810e-02
-4.467605673185422151e-08
-4.722184898016950859e-08
5.636511422228742685e-01
-7.556102591884628862e-08
-1.012718886934861358e-07
-2.631012350714959336e-08
2.246399299073639929e-07
-8.005888063000829687e-09
-5.759975631457694040e-09
-2.686824307530961617e-02
-7.957378776060289312e-09
1.408479547312431234e-08
-5.523948297509197474e-09
-1.792133713537904955e-08
3.441345186747701290e-01
1.031905729690778391e-09
-1.547945523722803310e-08
-2.256289881722079105e-08
5.512672474824814066e-07
-5.245068064595371293e-08
5.394613177628850323e-09
-7.645529250543706575e-09
-7.343022563632972677e-02
-7.253212408824946308e-09
-1.125093200213264280e-08
-8.631866769830467862e-09
5.165013627041441272e-09
1.372940049658894272e-10
-2.821242538728159653e-08
-2.926491576328351126e-09
9.344877139271568387e-09
1.251476972852326633e-09
-8.408911498037425625e-09
2.900740051544874844e-09
3.467186092592094426e-01
7.632878290852881781e-09
-9.734801417141786215e-10
-2.588567508596489069e-08
3.042323181213649813e-08
1.847704599452439726e-08
4.913122555418864818e-10
1.251110708399378625e-10
2.258283855991559278e-09
-4.849699728844335368e-09
-5.686751800934666310e-09
-6.812592059915089930e-09
2.160752728337759766e-08
1.783200060472028696e-08
-1.561934208177209314e-08
1.134930284598172964e-08
1.463649445373763954e-08
3.871424343034666092e-09
7.174393796735608690e-09
4.429343936813708305e-01
-8.346993690890646580e-08
-1.024474642136746850e-08
3.587592345883928117e-09
-7.147131811320596234e-09
-2.069337812474082174e-08
1.959695327768454317e-09
-2.350884158759744720e-08
-6.127651906144516644e-03
9.850142926641220144e-08
8.835448202570692026e-09
-7.310323489624296714e-09
1.605735929676231897e-08
2.673640330630936959e-08
1.211539614188635677e-08
-2.541078259188588615e-08
-5.346537755587096045e-09
8.433257770786807273e-01
5.257779252619144278e-02
-1.590343889415675593e-08
-2.254800372346942081e-08
-1.909977218160591770e-08
3.574206233025367599e-08
-1.036050340649701806e-01
-9.936402890252887710e-10
2.411675486546696945e-08
-8.206721423224218181e-09
6.913783928563419316e-10
-3.528914581904382458e-08
1.057240824031327885e-08
-4.562952002070688323e-09
-5.031258988587954577e-08
2.593416437402022758e-08
6.923370991870920743e-09
5.399860441628916218e-09
-2.268982766946733391e-08
-1.117247496646598540e-08
7.854783854184780780e-09
-4.850673634924520929e-09
-6.776160035691815553e-09
1.898791299941348376e-01
9.435247729743483189e-08
-1.080675956540010648e-09
-3.117543275045426050e-09
-2.993711305905555890e-08
-1.506434825637574382e-08
3.369738955752258714e-09
-6.625927238986903306e-09
2.045129096361078869e-08
-1.357112164176139802e-08
2.294883055537017824e-01
-5.775700728134553000e-09
6.608231832731142061e-09
3.853720414998256400e-08
5.047730419226032609e-08
8.425562028816130168e-09
4.087013593293817304e-01
2.139783029542708659e-01
-1.835498651826999898e-07
-1.682394086309385879e-09
1.144107991779952298e-09
5.395753777329171517e-09
5.635896188293342268e-01
2.340130764048970783e-08
1.569501265358747320e-08
3.841996703439318088e-09
6.209116449683802213e-09
3.473297413313742435e-09
2.218102368074723344e-08
2.728148599637440432e-09
2.945264358030520811e-08
5.859848498626124558e-01
6.470517844426264137e-09
1.190222516110894656e-09
-1.985077015357626998e-02
7.569984548443750572e-02
-4.222327203259886030e-02
1.610436825387981943e-07
4.890913276185073766e-01
-7.406173655863512858e-04
2.546391203120284552e-01
4.360807852744875712e-09
-1.261591267453173945e-02
-7.550507706689275101e-09
9.014531318659686972e-09
6.937777179615586265e-01
1.750452200671440486e-02
8.374490335027969418e-08
5.283648942609462799e-08
-8.181253611281963070e-09
7.290154601698086732e-09
9.946010264597741068e-01
5.629796042042891635e-01
1.455973622332063788e-01
6.920893269482618348e-02
-1.071963418421862518e-02
-1.198748159974757730e-08
1.382501924408925527e-08
6.339114619628852809e-01
6.023852163110160474e-01
5.454146779406812140e-01
5.961176931322087300e-08
2.198470230630569117e-08
9.389173118429415543e-02
7.880048981488005366e-02
3.270728352243138515e-01
9.347320104924262485e-08
2.464594948161024854e-02
8.034680441381428229e-02
4.988230050944926219e-01
1.224545824426661877e-01
2.285854569273827622e-08
6.530078945636192955e-01
1.127319340484869370e+00
-1.614330587777993431e-01
5.169430370282615064e-08
1.472538167932255470e-08
1.349198026328965996e-09
8.282910226881986812e-09
4.978131723129665676e-01
5.980253990600701286e-01
3.675253774622363166e-08
1.277462201873671507e-08
5.821395511223437177e-09
3.097666016594001863e-08
-1.927281946327078083e-11
3.430852998032642986e-01
6.161880099982279813e-01
-4.237489137151857412e-09
-2.782585471819522868e-03
2.583536601330254090e-01
2.903134794035883703e-01
1.413784756878617987e-01
-2.541985661972302052e-02
1.832536663719150085e-08
2.033950124702184892e-01
5.734074204116615392e-02
2.137053926131314687e-08
2.953545333629458818e-10
1.696333290521944647e-08
4.422572136151943223e-01
6.488968461168216351e-01
2.550094542463553337e-08
-1.408888647218602130e-01
3.551121000897825502e-09
6.899409500136104408e-09
7.704585044640959275e-09
4.407327979863547851e-01
3.630414069612735162e-01
-6.013505622388516133e-08
9.119255739859731932e-09
1.238008797548734522e-08
-1.539245770459708531e-09
2.693914565393442899e-09
-9.134442974925004355e-10
3.302451294970575826e-10
7.491726055613851190e-09
1.544375490651119402e-08
-2.908556480129209260e-08
9.797673956510911231e-09
9.546334223227923694e-09
-2.541391522670962680e-09
2.130400799950862092e-08
1.152400996459533905e-08
9.354864070939239008e-09
4.348296007540357126e-09
-1.356530696556872906e-08
5.781634077516550268e-09
1.284327566588087741e-08
5.897261472922439956e-09
7.594781116356733176e-09
1.094129342271245003e-09
1.515913383261331611e-08
3.502938607511562903e-09
3.339846064267246550e-09
4.065204392989534438e-09
2.611778417882383296e-01
3.035744204146084146e-01
-4.982623673088613532e-10
6.894635838208706957e-02
3.224783286417269669e-08
5.142449982832707905e-02
8.152121176573688918e-09
3.965946196259289569e-01
5.709740548162183058e-11
2.402932780050256259e-09
1.809790195393464333e-09
5.563900743997449754e-09
-2.736234239071972048e-10
4.198581267721950838e-01
2.587583297007942651e-01
-7.682943590870574311e-10
7.984812963849222330e-11
6.348823907262386307e-11
1.013243211783825887e-08
-6.946429844440746933e-13
7.182921113069623236e-11
1.018991241967906266e-09
-4.028272445754714443e-10
-1.654664101992743046e-09
3.772184961687662550e-09
1.681964108200419139e-01
0.000000000000000000e+00
4.853764815123759498e-10
2.597465879719977888e-01
5.978813233063852971e-11
-7.286102702746712087e-10
-4.328945596303635766e-11
7.681255991358521245e-10
-6.296437134548745245e-09
-1.309358807670227181e-09
8.937197932908994857e-10
-4.439914515409262680e-08
-7.036541691693249532e-09
-2.557619717171925877e-02
-8.598062045720737660e-09
-2.860506580323975777e-09
1.198610037574061276e-09
3.415177436692450885e-01
6.544899688028888995e-01
-2.292962334035730982e-08
-2.513959719307688566e-09
1.974382977375029047e-01
-2.626139090479524532e-09
1.190777700940912351e-09
1.994358622694508976e-01
2.969509805653731876e-07
-2.508274534362287694e-09
-6.967105160142961514e-09
-2.149181804337900869e-08
1.629242028765387762e-01
-5.631126905343846509e-10
6.384310051515350076e-09
-8.004477769733954565e-10
2.214275752063953606e-01
-1.943441735026060363e-09
-5.070761240877552309e-09
6.941794757165727081e-02
-2.668692497742711981e-09
4.535726245101197041e-01
-1.918277862574799770e-08
6.679927020071030486e-09
-5.901074135381127739e-02
2.583694364503201224e-01
2.086033695635961527e-01
9.920434244206283170e-02
6.774381336451200386e-02
-3.063876206622920588e-08
6.881095626161735090e-01
8.664054304305848775e-02
1.092715203718691575e+00
7.469737521390549251e-01
7.574026446309839455e-02
-2.942072376050872054e-08
1.760999952605834251e-01
1.202785648595011275e-01
3.959746052603116961e-01
1.159517086336116637e-01
1.245338520295315027e-01
4.866526508804958014e-10
3.101248440941148932e-01
5.537902695033332101e-01
-1.527890111218878486e-07
1.559799075558390008e-02
1.497852423800921928e-01
1.300712755212383720e-01
-5.301730416419942976e-08
1.647506528479412424e-01
2.482297748310725513e-02
9.694924195816277679e-02
2.056091189167900679e-01
8.220077714479148880e-07
4.625084425464879301e-01
6.513240469857530924e-08
-2.194798979452690897e-09
3.986245308981505725e-02
6.116165628669027743e-02
5.406946345912629071e-02
2.574959026018031061e-01
1.382920228655149519e-01
3.173386623445628024e-02
4.227044405140953365e-02
