7.077162195611375051e-02
7.324202186471719944e-01
1.270382617593769137e+00
3.524821487680452892e-01
5.301783787993200603e-01
9.007304225919792184e-01
8.066527684779954965e-01
8.533014050732098954e-02
5.149458002623974462e-01
1.018072527058277332e+00
3.388742937111015319e-02
1.522748992578693561e-01
1.894302395846346743e-01
5.546496063297698953e-01
6.671363846094749417e-02
6.761319578482183346e-01
1.580891031398967250e+00
1.405914775565176411e+00
1.644133486762826113e+00
1.688992113196485789e+00
1.508645832657215857e+00
1.549473469130189240e+00
1.692222684681154998e+00
1.744454588554996910e+00
1.641998694336650688e+00
1.522663716076431806e+00
1.458466345074253212e+00
1.374034061261190320e+00
1.367083611887781824e+00
1.186230079295601758e+00
1.444334483039434236e+00
1.276831842954421870e+00
1.344248310262194934e+00
1.181995785244550623e+00
1.451819293125373944e+00
1.254983861998921313e+00
1.563251159587851102e+00
1.547567978078011386e+00
1.595001981327924812e+00
1.622629074996234433e+00
1.504233802371429674e+00
1.445583844448480315e+00
1.389775162808313036e+00
1.434304609633107130e+00
1.415205568718759466e+00
1.390601196452653010e+00
1.408840841759375628e+00
1.106876582273782716e+00
9.952050237759745288e-01
1.068348163922927530e+00
1.193763982177789007e+00
1.467325523955580469e+00
1.396352512619752684e+00
1.389205308437346131e+00
1.365939692204119815e+00
1.399029255648699177e+00
9.547556048304758347e-01
1.355704190663998387e+00
1.496122164181703074e+00
1.447053008972130073e+00
1.536883939792595299e+00
1.533989579440387496e+00
1.326252453558839806e+00
1.491916826047051892e+00
1.477381601851876614e+00
1.371498961459169053e+00
1.258996225591709317e+00
1.217780161581413223e+00
1.096983700244620774e+00
1.189138817147454619e+00
9.557765844430955449e-01
2.819211870201606684e-01
8.468607934187544206e-02
1.313966490924243669e+00
1.112563330876682244e+00
8.507629389402071585e-01
9.740100974931759081e-01
1.052276436989470820e+00
1.200608418284749179e+00
1.120034168109472539e+00
7.382654155783239247e-01
5.607857448844744130e-01
4.255295332731959812e-01
4.627747364472051261e-02
5.604843169321291896e-01
9.579933663949331546e-01
1.100575487981543699e+00
1.069275474986050911e+00
7.756931413718657353e-01
4.977941974900854105e-01
4.472425202628046437e-01
4.835335408074491470e-01
1.151803164627956289e+00
1.248583546164358404e+00
1.287885076609958546e+00
1.227375013319423225e+00
1.147853259108999380e+00
1.153804385522645859e+00
9.639004177871053347e-01
6.236921792071714599e-01
5.282937233541871169e-01
8.882948860199186836e-01
9.038366985348543770e-01
1.210875738223447184e+00
1.090056458957444185e+00
1.035136718659504407e+00
1.129541995183523495e+00
1.077294187427015437e+00
1.070905559161238640e+00
1.046400688614565366e+00
1.102649406344128780e+00
7.595396643470595510e-01
6.838656181879672058e-01
8.690200169802474450e-01
1.005969173123274274e+00
1.030605718639289403e+00
1.047871874743321552e+00
9.798070440477789633e-01
9.243734449816339849e-01
4.673319745435810524e-01
6.805550301076970232e-01
9.008954095805157269e-01
9.552305890538521638e-01
8.297874495558372754e-01
8.689176562790812408e-01
8.170509493716102689e-01
5.901182677134361176e-01
8.819480249751799894e-01
9.373789246304717881e-01
9.193100431936281902e-01
9.408882750420934915e-01
9.690914184459226144e-01
5.198813247376115054e-01
3.887131941765013532e-01
8.072804573524166027e-01
6.822600107348271159e-01
7.118184508918333764e-01
6.666567662849058884e-01
7.421625876020371271e-01
2.852251920114199923e-01
7.100697778685204076e-02
8.320061671211768095e-01
5.290092618070978414e-01
8.035631251752590742e-01
5.602446659421109754e-01
4.074051745105388700e-01
3.552187083469340312e-01
1.275950321658192443e-01
9.457714781548433314e-02
5.274000471876549856e-01
5.040631347460037270e-01
6.458153835829605338e-01
5.698586429078660309e-01
3.265923740991403257e-01
2.363359346745273204e-01
7.147900131005739954e-01
7.161019571934679195e-01
7.537811306040101966e-01
7.933758442510578934e-01
7.645094558862406409e-01
4.486621163784406119e-01
4.626556449187765319e-01
9.023248380883402975e-01
8.799544894744718571e-01
9.238815546435377168e-01
1.081029298949346407e+00
1.206141411880052638e+00
8.552682720322668519e-01
6.358413436770158356e-01
9.813517310750415890e-01
1.088659264559818984e+00
1.094850859571444790e+00
1.176962279522383303e+00
9.880808384542500988e-01
4.907617967790824931e-01
3.355893729517926971e-01
6.675954193798491199e-01
9.294681987479262997e-01
9.586358184415789685e-01
1.050071745466664819e+00
9.291517750229558725e-01
2.188355214318245812e-01
-8.811305792907968559e-01
2.489533368127327950e-01
7.393470609459639187e-01
6.804240797020204568e-01
9.122145254591842445e-01
8.413833560789275579e-01
5.755295613489520568e-01
6.995622459628796364e-01
9.982887164300904281e-01
9.488122802677877443e-01
8.815926728354800401e-01
1.017695209108221643e+00
7.549629799328219093e-01
1.040889957433078911e-01
-1.891252366707143473e-01
6.726801460424024492e-01
8.335595701539952884e-01
7.599934266497907487e-01
8.126459414599633835e-01
8.146920628044377333e-01
5.657349615986523306e-01
9.111815552698909748e-02
7.818832678756202359e-01
7.885099958199748293e-01
8.865096357119718329e-01
7.702358577856681654e-01
8.726784455485441239e-01
6.013563531154852981e-01
2.165684622129297465e-01
4.255692609488819222e-01
6.547181529843201231e-01
6.339941724042033044e-01
1.069060546633078534e-01
8.427256857257187095e-01
7.449705667602926074e-01
5.009594139705231264e-02
4.010431462546196202e-01
5.224629455729281613e-01
8.195997016967322413e-01
8.433782376190193109e-01
8.326658166942980666e-01
5.730367443241995984e-01
3.742642218198134474e-01
7.725413200683381998e-01
6.675910808726732704e-01
9.105121500033749316e-01
9.410998966188233172e-01
8.816449175898913859e-01
3.834632363199677596e-01
6.173525807315238811e-01
1.029894317484475019e+00
1.022807939373140185e+00
1.118791968495939759e+00
1.181221658668578867e+00
1.063061464088209451e+00
8.984341876642251146e-01
7.913530739363856537e-01
9.238933170863408151e-01
9.545474889958895925e-01
9.617016858296723036e-01
9.630056075487947176e-01
9.059322035804127093e-01
7.895144992741356393e-01
4.676330366129053395e-01
6.298135289803821202e-01
7.381820712843457644e-01
8.255742925614826255e-01
8.813296623635054061e-01
8.654055117215577742e-01
6.937830034389373957e-01
4.425277898562345325e-01
9.074778240360356074e-01
8.846012674596198666e-01
9.316748427076220196e-01
7.928625388699572785e-01
8.189937923744112780e-01
6.019947672897850710e-01
4.496014810519880500e-01
6.028917325370267699e-01
3.733659021410858786e-02
7.850993831562647421e-03
2.504827592418735760e-01
3.435866542420558112e-01
8.131156501557585958e-01
2.444568575835305846e-01
2.051674237806571655e-01
1.084018033946079207e+00
1.053675754906615136e+00
4.485315722549850226e-01
6.344226014709329897e-01
6.333535028897272490e-01
3.401557629652782744e-01
1.000400989687799225e+00
9.351089810276824732e-02
2.619353559417755828e-01
7.513948237969401145e-01
7.306842097642789469e-01
1.070262962295255860e-01
7.119281092078225681e-01
8.686708102424332001e-01
9.861842552636541637e-01
1.488422402279320211e-01
1.044615970699611429e+00
6.063980327192443065e-01
2.485282639648481173e-01
1.106964900295807352e-01
1.085346855346379202e+00
1.012316677392822051e+00
2.131366990350703206e-01
3.521277926887493581e-02
3.577642272511949439e-01
1.940471446508552633e-01
3.204862587001707785e-01
1.091439560872370818e+00
1.007816988441945449e+00
7.654299256739433011e-01
1.029732888933113433e+00
6.942160216745740797e-01
4.005167383523225433e-01
9.134950317189981933e-03
1.004007705896829139e-01
7.822108026372340817e-01
2.465373379510655549e-01
1.352212377215920858e-02
1.032691250273248956e-01
2.869268879292064534e-01
6.412436183710579218e-02
5.846633990465946451e-02
7.791454357115987772e-01
8.376139815161254276e-01
8.532619630196927041e-01
6.035658277865059151e-01
9.165830148640696784e-01
7.260674623780098980e-01
8.770757167961175105e-01
5.400675245094720134e-02
8.061360254440416151e-01
9.126019733498080821e-01
1.055300650766514137e+00
8.704187197773132212e-01
4.907319534737390049e-02
6.161796822719544098e-01
1.024822916686151775e+00
1.010279875203020428e+00
5.637390903863994662e-01
2.015905963821901792e-01
7.968612558779967214e-01
1.100967967542803905e+00
9.766040837157097254e-01
7.548707363481744759e-01
9.805879251816178588e-01
1.167505550763393352e+00
1.074240071773182148e+00
1.089094732118246034e+00
1.068252276836497927e+00
9.596638474667318341e-01
9.558098434191534265e-01
1.031147824528483525e+00
9.849399952520784263e-01
9.257741623396504860e-01
7.416805568637896418e-01
1.420225785410277886e-01
2.052581125991841671e-01
8.753197260261210699e-01
8.007241257673929358e-01
7.889909538834156688e-01
8.482831244566493289e-01
6.872842181439384746e-01
3.531670309652908402e-01
6.522495088206613501e-01
6.933314563657351215e-01
4.391748492861072828e-01
6.994579460951036443e-02
4.207374591069966245e-03
2.913184786060230014e-02
-1.528435465694650067e-02
-1.140957148907673635e-01
-2.415129071967433982e-02
5.534846191251352465e-01
2.212653265323800966e-02
1.106236192599519691e-02
1.487740704297330074e-01
6.432689363871363364e-02
