3.780643541265418794e-01
6.562105064167528257e-01
2.278604700044788156e-01
1.035062124445875087e+00
1.129242308947823403e+00
4.656207328331878892e-01
4.594897955432180464e-02
8.741431811967920185e-01
1.072186418842921096e+00
3.787920563276039876e-01
1.195386010711350311e+00
9.681907093115251772e-01
1.035585307565394464e+00
-2.575797231331712622e-02
6.321853997204160969e-01
8.882409953554073478e-01
3.610982366527997200e-01
2.092025487246426396e-01
3.695875995189408236e-01
1.761482084819140648e-01
8.312911093496171133e-02
2.211133729107123691e-01
5.597764860795925168e-01
5.212829595600482202e-01
3.380701667757559092e-01
2.536380056588539711e-01
3.075085946901466860e-01
1.435112587889515734e-01
1.869528264318862931e-01
5.300718518251462674e-01
2.200248350943375952e-01
4.191276269476292837e-01
2.420139670511883279e-01
3.486384939238089675e-01
1.441931645235875747e-01
2.376568015455874650e-01
3.079431363336733174e-01
4.663819752149456210e-01
1.946847226190348001e-01
4.170814112184785261e-01
2.062628709414118799e-01
1.265501267989354861e-01
9.633115459380649226e-02
6.121166731449112497e-01
5.235697537771938359e-01
2.659012231179168073e-01
1.338139096301787789e-01
3.804616703167580938e-01
3.825636481545093281e-01
2.460122477973695765e-01
2.605457509519386594e-01
8.090037021900353675e-02
1.202914733811290132e-01
8.289919087601640979e-02
-1.628459889656551363e-02
-2.411478613703943886e-03
4.373116762163633542e-01
3.452354394335025445e-01
2.028434258221029074e-01
2.063636592282086790e-01
4.119145007401212033e-01
1.772020307381959592e-01
3.082791579528726955e-01
5.578427337330699870e-02
3.350482598592977035e-01
3.895581273324755789e-01
1.767472374330861518e-01
1.477604672907703309e-01
1.251611011329206713e-01
2.077301426636281589e-01
2.066122510096493614e-01
5.242525481343004445e-01
1.493355529547756300e+00
5.238315822251604637e-01
7.110488905197177856e-02
4.786145004983412554e-01
4.482903433041341423e-01
1.000426201305194412e-01
2.196374349342153087e-01
1.714831318868763055e-01
5.503769108904288387e-01
9.085229438773840815e-01
9.301953892697600867e-01
8.416550809791029097e-01
5.008256960985895123e-01
8.957458743759909581e-01
5.022751357955959062e-01
2.948422661255632460e-01
9.629732505725764335e-01
7.276159377193209821e-01
4.697810513312886127e-01
8.737494597154445986e-01
7.828014982462732085e-01
6.276358966410330309e-01
6.476986891304763461e-01
1.897707722491968063e-01
2.093206547959469976e-01
1.385833914849553261e-01
3.291926942450215665e-01
4.119843544632907917e-01
1.504169074764150738e+00
4.821270340621599537e-01
7.645154383708544499e-01
3.776277222033574410e-01
-1.753996786638604977e-02
1.653799119996330336e-01
5.607822478742678918e-01
3.022732794515704535e-01
1.495075288765037036e-01
4.487365267550654790e-01
3.526693598844227728e-01
6.418875305244540197e-01
6.056319093425152067e-01
4.735108140629478157e-01
3.259621895209843800e-01
3.788574600567291006e-01
2.258994424774169729e-01
2.135788350617892351e-01
1.572620692020099131e-01
8.737093605124539586e-01
3.876428692110219787e-01
3.922233248282868123e-01
4.371152145971894387e-01
4.220626992018708390e-01
3.006586647375269483e-01
2.443282747395807142e-01
5.361507226917384683e-01
1.601462836406450929e-01
2.674479573157861195e-02
2.864052830304730790e-01
3.717265526633954376e-01
1.360387088614767315e-02
7.499313322028490214e-01
8.847034337420452976e-01
2.601967072498822531e-01
8.716767479396607676e-01
8.781009819117197024e-01
4.575608124504159102e-01
2.238186186698692404e-01
7.243594024064032855e-01
9.224435046581657138e-01
7.076767236750045043e-02
7.109324428529784079e-01
5.895331649945351887e-02
5.724349937500130547e-01
7.999831247645010635e-01
8.920798733133822322e-01
1.015625345411960145e+00
9.607821917127109534e-01
6.720427439933198688e-01
9.030504473723088843e-01
8.046017014135274925e-01
4.300265315929753251e-01
6.544741029712505265e-01
9.697542645874369649e-01
2.765240295142954441e-01
2.833116755047060398e-01
2.403405983311946159e-01
1.013738050578180117e-01
2.408155551150177875e-01
6.867618521826104327e-01
5.070108519154056248e-01
3.069099100286392656e-01
3.198036007329077002e-01
3.223051579175287840e-01
3.176097240515680653e-01
3.138004063897113505e-01
7.007503334394856731e-01
7.400935202699681081e-01
5.581382889468647912e-01
3.726232703584799744e-01
5.233793379516619160e-01
2.013140131402619271e-01
3.362350968963477849e-01
9.496396231228897422e-01
1.059021805500087288e+00
4.895897025565375538e-01
3.265597388362618814e-01
2.234878159526679786e-01
3.773991718133690859e-02
2.117667617897833199e-01
7.968137275150164456e-01
1.635181843435694171e+00
1.340163862444766707e+00
6.895045984882106627e-01
4.935803295566968951e-01
3.702170576227642451e-01
2.912918965624962109e-01
7.282261115428271259e-01
6.570247711104465482e-01
5.742655410255171899e-01
2.676337035443873691e-01
3.055446670839091494e-01
3.111613064646012380e-02
1.553638433496117022e-01
7.692145265577298163e-01
1.346276159782890502e+00
7.612490251091427185e-01
7.792425509560444441e-01
2.939154476273432848e-01
4.896303078894364558e-01
1.477869591749013944e-01
4.972395294266507282e-01
8.621344474506821287e-01
1.710178318390589980e-01
2.743113412296592779e-01
1.485831512814010102e-01
2.048637762986429134e-01
8.483107902780057108e-02
4.465519298894637945e-01
8.108400434688324276e-01
5.064445277021565328e-01
4.294524026804041883e-01
1.170044447402034532e-01
1.063932252841403914e+00
2.077430939898762263e-01
1.595501447477958024e-01
6.760579797381904843e-01
8.534262146241039515e-01
4.298913894211146003e-01
3.690100496480053782e-01
2.643766716855325827e-01
5.550226041988709502e-01
8.358352367985976139e-01
9.611353170655487776e-01
4.418468265722403920e-01
6.028955455651276996e-01
4.167737006230003427e-01
1.773829748866861955e-01
1.981641661174982083e-01
8.842763378217503023e-01
9.746059827181797752e-01
3.511792381649809780e-01
5.941832159302719019e-01
1.247524254146342049e+00
9.518230666873733758e-01
6.496824128082845373e-02
2.161964632473866166e-01
4.051641360075826648e-01
4.210221739924557838e-01
4.646616865649857431e-01
2.998409804195023010e-01
2.240855931741977392e-01
3.200655369311276033e-01
3.341735780730570871e-01
7.642797775297980323e-01
6.475543114840327519e-01
6.318518733086806449e-01
6.590322899214352548e-01
5.202941220243220144e-01
6.281664356973274410e-01
5.538744477841590630e-01
1.030605435352862198e+00
8.336904584160246268e-01
5.180509378704655221e-01
3.022437170843063070e-01
5.417947267496419084e-01
3.458322140395291844e-01
4.589239294894875698e-01
8.414675762972215756e-01
9.376694206927080888e-01
1.817298314857609620e+00
1.752460886696521891e+00
8.701739435072904927e-01
1.049319175122380710e+00
3.670191844167511874e-01
9.703694031770380146e-01
1.367073892619665942e+00
3.228842895811401825e-01
1.981331674347689698e-01
9.030207435632514601e-01
7.923837186627623597e-01
6.601585449872885425e-01
1.115049388761212290e+00
5.689344914967360278e-01
1.352499856952032564e+00
1.134860960244605588e+00
5.095913414661500385e-01
6.675104731736977159e-01
1.200474834064629626e+00
5.256027157471907518e-01
8.120249860503081507e-01
4.133082352461499021e-01
1.766052006750995496e+00
5.027156302956979905e-01
6.291015878604966360e-01
1.080558417747980116e+00
1.439592774753218896e+00
8.840566239348153221e-01
4.402334086362655885e-01
9.282587879365922223e-01
8.250195198553517129e-01
7.953676082150945570e-01
9.499815275307490481e-01
9.778497824469620792e-01
3.074441801716095157e-01
2.373500948820249645e-01
5.040950418519094534e-01
2.701734647563896474e-01
8.704289981973958312e-01
3.325946801666270769e-01
4.930623401354669033e-01
8.790656866515317303e-01
5.040930295542086492e-01
5.626267736896252147e-01
8.933235105015496780e-01
8.109590815807472541e-01
-1.090234151549596131e-02
4.996376595618581273e-01
1.290596698017088650e+00
4.084166419277731053e-01
2.894837448147722370e-01
2.173651988441541727e-01
5.473329981094587904e-01
2.289716957492952398e-01
2.856472528190446419e-02
-2.835865504889042814e-03
9.738383294076945473e-01
3.446657974380274991e-01
1.351130399963134665e-01
1.727533442673266639e-01
4.373510775351461405e-02
8.481028735071266533e-01
5.252330872537387396e-01
1.343261223290705964e-01
1.251909985728492380e-01
9.243357297466141542e-01
8.797297965500762151e-01
2.056179074705397902e-01
1.912294216966202720e-01
1.604662968326272809e-01
8.230060995939325608e-01
6.592920712466799893e-01
8.840595051072132060e-01
6.977140457695779618e-01
1.403983356796963400e-01
6.025239503124007329e-02
-2.474441818661602538e-02
1.092261886786478065e-01
2.731870525727335131e-01
1.702653234017281192e-01
-6.628301978390706284e-02
-1.178621336767255029e-01
3.382914273831827412e-01
8.571481681460233482e-01
8.030695413576111746e-03
1.074171218001245820e-01
2.031488385277751274e-01
8.072441720219797334e-02
4.790422756044903502e-02
5.046950091414358353e-01
2.699650928479637724e-01
1.413219024225723652e-01
3.542873876430203128e-01
4.501118438740057126e-01
4.742300481431861447e-01
2.756731365030292702e-01
5.021390727139474208e-02
2.305782425996597551e-01
5.829968371067194566e-01
-1.727795019891685156e-03
4.534714591373023018e-01
3.028364003514132374e-01
5.590699967245735813e-01
1.755027081123385346e-01
