3.488923383251792409e-01
7.469058327579572998e-01
2.278603982485208623e-01
1.035062120097381078e+00
1.129242292100356648e+00
4.667775003947354784e-01
2.059704747669549914e-08
9.847772288529041962e-01
1.072186381622666440e+00
3.787920457147918585e-01
1.202180245879370002e+00
9.681907106057211498e-01
1.034056541174548816e+00
-2.575788855918715453e-02
6.321853795152351241e-01
8.882409965280793074e-01
3.610982060785404291e-01
2.572070797992083158e-01
3.695873036110516874e-01
1.761482965407538126e-01
8.312909100133634988e-02
2.211133507322203817e-01
5.597765489129813421e-01
4.942317759878268046e-01
3.380700044986954533e-01
2.536379129481747263e-01
3.075085862811956505e-01
1.435111968937762550e-01
1.833076161886494915e-01
5.300717933089872380e-01
2.031809150023148325e-01
3.475212020711711536e-01
2.420137766320213379e-01
3.373531837451138604e-01
1.270919095711940672e-01
2.376568893194547782e-01
3.079430898198068922e-01
5.000671604213262622e-01
1.584322969424579453e-01
3.860904266269236107e-01
1.282941561441653111e-01
1.198334083132594208e-01
9.633115889418844557e-02
4.966754348483916615e-01
4.543769555453908149e-01
2.129899531896710385e-01
1.167700843975383318e-01
3.028755919240228578e-01
3.797279692094857606e-01
1.823412553359740063e-01
2.327112126628966549e-01
6.695465515379468713e-02
1.023501064625472468e-01
6.689802718740710252e-02
7.417263323544889819e-02
1.804424389512246027e-02
4.370014706987868092e-01
3.154121192180877054e-01
1.815330824454381708e-01
1.967786374495839041e-01
3.186760143835813408e-01
1.390719382877358690e-01
2.936589387701274978e-01
5.660648189419295595e-02
2.551992028692720016e-01
3.586412211572764241e-01
2.399973554361591599e-01
1.086095776703982496e-01
1.122892165676585979e-01
1.524693388676824912e-01
1.726376732321120988e-01
3.132186377789258902e-01
1.393979424192883565e+00
3.934055800146088466e-01
1.589863108554347149e-02
2.794577585751253368e-01
3.893709506772067286e-01
2.543666784941595038e-01
1.528689956617178547e-01
1.290599028557962713e-01
4.076329858763541036e-01
7.223540245962455364e-01
7.570364797280823010e-01
7.596241134312511356e-01
4.300953649874222351e-01
8.166989422861287151e-01
4.922113102141954522e-01
3.011304780098200684e-01
6.869707258934275584e-01
4.677631246907426044e-01
3.885320838495080475e-01
8.650263644942902674e-01
6.184998612051088029e-01
5.221777075966461679e-01
4.466579370857016174e-01
1.551833985751581435e-01
2.063064901385266159e-01
9.760564611747236941e-02
3.228042441043659783e-01
3.059445206805259665e-01
1.272059711916631919e+00
3.555592736994745429e-01
6.676722507300407727e-01
3.019260570172300207e-01
2.706445695764902321e-02
1.653799088127109462e-01
3.553171898079088287e-01
2.052665370598622807e-01
1.540203105016953455e-01
3.321580449252951595e-01
3.063479775822521844e-01
6.418875066767738558e-01
5.288149716691254998e-01
3.300996280946931205e-01
2.142299026283516483e-01
3.228923621893641238e-01
1.291886727226720377e-01
1.164225601071749994e-01
2.090294359705028582e-01
8.737094745936081486e-01
4.621525777358372888e-01
2.991465380963851950e-01
4.736636033097440385e-02
3.065513911724241924e-01
2.914248498454344860e-01
2.884813673094479003e-01
5.361508779880216347e-01
1.404859929700057464e-01
3.860962242275250283e-02
2.345221899177436509e-01
3.595438838487542976e-01
-4.876014852697957945e-03
7.690975202823544521e-01
8.847033634328662632e-01
2.403716556509337965e-01
7.068111634882680017e-01
6.863254770025637441e-01
4.557753553921585210e-01
1.328406819865342869e-01
7.243593245808365166e-01
9.903771205067181116e-01
4.494845758542572595e-02
5.049511338983757591e-01
3.161824999636886346e-02
4.513991409881155104e-01
6.979932817334094652e-01
8.920798091589681178e-01
1.015625139159140211e+00
9.388830809179806725e-01
5.415998350500541569e-01
4.389861798098824153e-01
6.222303263646411509e-01
3.671476335198300411e-01
6.544740928269445757e-01
9.697542854629851439e-01
2.770434412097098620e-01
1.670728409032927186e-01
2.368364251719887459e-01
5.845697066873944275e-02
2.156228764326749425e-01
6.867618543169018430e-01
4.922806592395490011e-01
3.254183006282129198e-01
2.447550990317943487e-01
2.407080987072801603e-01
2.689083939317405414e-01
2.812890988687425375e-01
7.007506540357255620e-01
7.400935172144427199e-01
5.137549905382352566e-01
3.566664331225567475e-01
4.958751719136039737e-01
2.000149804741241932e-01
1.097811002414859211e-01
9.496396185075617336e-01
1.069020573142606345e+00
3.354464077995960580e-01
3.426234942467666911e-01
2.521874233352585093e-01
3.327123858202318818e-02
1.339218609484304767e-01
7.968141485456131656e-01
1.551345229553492411e+00
1.341773271895065678e+00
6.690479156100591629e-01
2.814679792861473628e-01
2.926378547620250847e-01
3.228585027572207222e-01
7.258370099032883660e-01
6.570247693777304665e-01
5.398580486581828763e-01
1.825020094345846666e-01
2.533570405515301882e-01
7.828171821234509303e-03
9.322141725855583039e-02
7.692145200158223561e-01
1.346276159364042213e+00
5.319464738816137572e-01
7.573773154048705214e-01
3.018834002773573277e-01
3.855560368619603828e-01
4.785093409178012291e-02
5.205672105901753000e-01
8.621625327394325522e-01
1.317127853343374455e-01
2.782368646005318191e-01
1.522250252281467930e-01
1.564881097568822377e-01
-1.082400120677321116e-02
4.465519798417398878e-01
7.985433026306126836e-01
4.610266653371846157e-01
3.955063366827740734e-01
-4.005663343461270814e-02
9.109590088428793919e-01
1.931985567596716524e-01
1.595503075384311353e-01
6.760578371847250079e-01
7.826383851642393363e-01
4.141558577389851670e-01
3.642230297250738102e-01
2.133879842179206288e-01
4.023802577086424415e-01
8.358351505732287690e-01
9.611353800098899614e-01
3.763726783072312010e-01
6.330474057741221072e-01
2.996737310207763794e-01
2.060935801619356300e-01
1.687374153517590125e-01
8.842763018575462430e-01
9.746059869446181967e-01
3.209648320014218958e-01
4.946026909180339937e-01
1.194720222057063630e+00
9.518231045773387633e-01
1.342890332274665477e-01
2.161964746552530181e-01
4.051640639740398675e-01
3.841186077807076105e-01
4.314182533601546021e-01
2.699298685125511854e-01
2.113530832525498948e-01
2.841879311967843713e-01
3.341735783642243440e-01
7.642797808555267247e-01
6.009529328367756440e-01
5.664596494451965558e-01
6.555586694435475703e-01
4.943766571896381357e-01
6.297217587063571598e-01
6.528997626299057888e-01
1.030605476324292225e+00
7.789202388457157067e-01
4.793769903393289566e-01
2.835631938581046341e-01
4.700047175997464910e-01
2.401215914315070199e-01
4.589239583723617177e-01
8.414677323556387645e-01
7.802596119259572749e-01
1.807686745069762013e+00
1.519007753782412706e+00
8.828839738783316182e-01
1.029558200346056829e+00
3.757722027051215163e-01
9.703692697374627363e-01
1.377801719438964456e+00
2.476224574173019333e-01
1.220288895944475899e-01
9.005964363968039788e-01
7.344828069726878628e-01
6.607277792573305053e-01
1.115049383207791678e+00
5.089496129641111200e-01
1.261542870260456972e+00
1.071943375797036246e+00
5.095913901464602658e-01
6.351992918755775541e-01
9.594191566724177278e-01
5.158158331704595367e-01
7.897887576066491278e-01
3.105755765708367311e-01
1.594792477560030841e+00
4.602380002058812924e-01
5.687721731671104841e-01
1.103455460192737325e+00
1.323282111755075485e+00
8.814887692783138773e-01
3.511884883198370666e-01
9.467705429928180427e-01
9.801751503381324060e-01
7.782846983379861916e-01
9.135325186267185815e-01
8.418943361437916106e-01
2.479714384715156483e-01
2.373499990074654786e-01
4.610225545611560394e-01
2.485782497863402996e-01
7.574187684585641511e-01
3.251035319453204342e-01
4.926121530101228996e-01
1.054332399212466687e+00
4.914481613979364560e-01
5.325299102399054796e-01
9.369430576956090384e-01
7.893812025020476852e-01
-1.049419611064104224e-02
5.062515403066560893e-01
1.332253920406729408e+00
4.283346086929517571e-01
2.774542505459427488e-01
2.529522209619009532e-01
5.473329369912134368e-01
2.289717661902386514e-01
6.587424818530142334e-02
-3.095391057946749250e-02
9.738383155797847301e-01
3.024810509388720647e-01
1.492514434631560805e-01
2.393996038040838437e-01
-3.615974595550486975e-02
8.720182465152319651e-01
5.385807555448485218e-01
1.723196172726061959e-01
1.251910507183731369e-01
7.952179549511517731e-01
6.685274115018312591e-01
2.499279852422906234e-01
1.912294174895293464e-01
2.162164154076167133e-01
8.230060902109540555e-01
6.592920537827280381e-01
9.745320779842567838e-01
6.977140174299761854e-01
1.403982417259239113e-01
6.025239394736115611e-02
1.617854949050465119e-01
1.520773992370379191e-01
4.337744341402101633e-01
1.534195841334441424e-01
2.697999192220421061e-02
-7.184688685497139793e-02
3.842827027709958543e-01
8.723557494434853732e-01
7.237851292169878575e-03
1.407244193256322606e-01
2.031487572370416217e-01
9.303248103437108951e-02
8.970558466476102888e-02
4.798921409756896073e-01
2.699651422439987569e-01
1.415853385412232934e-01
3.428216874974880923e-01
4.501118198130419912e-01
4.405608703257416492e-01
2.672034233393669744e-01
5.354395502583195882e-02
2.244706513984201790e-01
7.031656180030554371e-01
3.115177108260365132e-02
2.928251143961906333e-01
3.028364046546356825e-01
4.930239373543919834e-01
6.026926343336107073e-08
