3.488879759738183761e-01
7.469104730284209515e-01
2.278563031492237267e-01
1.035057956823062897e+00
1.129238160347088682e+00
4.667727768778807129e-01
2.061639511143098689e-08
9.847731088983794345e-01
1.072182430390293373e+00
3.787880576780112696e-01
1.202176368501161274e+00
9.681863498913976240e-01
1.034067126331110087e+00
-2.576474340858411413e-02
6.321811691270121658e-01
8.882369410232168194e-01
3.610940132574775863e-01
2.572035957285330743e-01
3.695833126116835898e-01
1.761440948812235952e-01
8.312466440653001887e-02
2.211089925424959968e-01
5.597726333354581252e-01
4.942276719464681611e-01
3.380662790631813741e-01
2.536336452555839061e-01
3.075046891459499165e-01
1.435064563525030312e-01
1.833029718032231081e-01
5.300680558333116243e-01
2.031769876320501655e-01
3.475168943210358852e-01
2.420088563334059639e-01
3.373488838053193550e-01
1.270876047196765335e-01
2.376575803192197134e-01
3.079393135774110002e-01
5.000635507580135641e-01
1.584274869764472071e-01
3.860859740861087852e-01
1.282902124023041490e-01
1.198470519900344672e-01
9.632710221373838588e-02
4.966712643327673149e-01
4.544029783573163006e-01
2.130008602892168312e-01
1.167686495867483465e-01
3.028766080774903391e-01
3.797258507954092144e-01
1.823372785625354542e-01
2.327072556698452366e-01
6.695022264918007449e-02
1.023462118812346472e-01
6.689658293193959104e-02
7.416895006070944873e-02
1.804591236628002443e-02
4.370123738566871752e-01
3.154080292521089235e-01
1.815356606015852414e-01
1.967746052072041896e-01
3.186860983453936313e-01
1.390790174194823092e-01
2.936733858695756427e-01
5.660194040467094595e-02
2.551952378593778104e-01
3.586376436633257891e-01
2.399962213282902379e-01
1.086053091682563088e-01
1.122850776883838469e-01
1.524678328745912859e-01
1.726351577402055193e-01
3.132140917924307044e-01
1.393975432697312389e+00
3.934073574045138244e-01
1.589393902601634462e-02
2.794610949162244506e-01
3.893877334058772899e-01
2.543782540356586130e-01
1.528722228188904575e-01
1.290623356351184026e-01
4.076354868252103913e-01
7.223592451617834032e-01
7.570630066233637878e-01
7.596532575092347361e-01
4.301172362735641852e-01
8.167116500604459928e-01
4.922365210693048221e-01
3.011454239937673139e-01
6.869925589287666501e-01
4.677585259493707848e-01
3.885770138510734606e-01
8.650323892998188491e-01
6.185299575405394101e-01
5.221949727099758354e-01
4.466938977701644387e-01
1.551943231068612372e-01
2.063443606974072475e-01
9.762402870691995471e-02
3.228363294144352413e-01
3.059464390243066823e-01
1.272071176314023333e+00
3.555774111556924133e-01
6.677009116401960709e-01
3.019247231359403760e-01
2.707890979194843215e-02
1.654190065695927969e-01
3.553268380333274856e-01
2.052904106349181801e-01
1.540280841267359924e-01
3.321659945157991456e-01
3.063771262237696136e-01
6.419179252877639241e-01
5.288308958840843843e-01
3.300954377316341337e-01
2.142252039881287762e-01
3.228916049415200273e-01
1.291972696684486333e-01
1.164386935807243673e-01
2.090519042565126551e-01
8.737300440760387144e-01
4.621903608674144959e-01
2.991422704003549593e-01
4.736212314405835455e-02
3.065618119316897983e-01
2.914468511914692361e-01
2.885210914847022856e-01
5.361800853600074968e-01
1.404973279037807221e-01
3.860417949418280814e-02
2.345177827768061829e-01
3.595393895479101487e-01
-4.870325778358158310e-03
7.691441002554860740e-01
8.847633052446467472e-01
2.403909436316329917e-01
7.068238510440275624e-01
6.863458805458829692e-01
4.557992666681167648e-01
1.328580157162213005e-01
7.244060425371681156e-01
9.904149671728497140e-01
4.498529653758831515e-02
5.049639546852362493e-01
3.164907473370593555e-02
4.514440448174195097e-01
6.980431926910490859e-01
8.921362304154866196e-01
1.015687693538356307e+00
9.389462257636469467e-01
5.416309547766314791e-01
4.389984049897548979e-01
6.222649921419204366e-01
3.671955974328190986e-01
6.545368890466055634e-01
9.698176313646474922e-01
2.771023318103382760e-01
1.670836856168189111e-01
2.368490461775349110e-01
5.845337241804075823e-02
2.156735542608009537e-01
6.868134390805158418e-01
4.922992833546675495e-01
3.254634413558645245e-01
2.447874811160623276e-01
2.407037675848830993e-01
2.689219949475415983e-01
2.813013005135234224e-01
7.007901151727360389e-01
7.401366692144923931e-01
5.137754767174154136e-01
3.566661097713553219e-01
4.959107530299750044e-01
2.000226338781495583e-01
1.097789320425451992e-01
9.496932450443157370e-01
1.069084396588194652e+00
3.354419529818014611e-01
3.426658065273593401e-01
2.521876586681513488e-01
3.329034416050275641e-02
1.339301020692726385e-01
7.968394070983656485e-01
1.551371936331353174e+00
1.341815150634491083e+00
6.690687584089403117e-01
2.814642295784829940e-01
2.926445147242663358e-01
3.229036289291929429e-01
7.258945702932183552e-01
6.570528700712344738e-01
5.399170763929033168e-01
1.825089725557796916e-01
2.534099370287205555e-01
7.825248445098543018e-03
9.325556855163881498e-02
7.692436607100222590e-01
1.346305060786086916e+00
5.319506678282133194e-01
7.574158423073645841e-01
3.019183406466441899e-01
3.855568278541573468e-01
4.787420071244290892e-02
5.205989313871568491e-01
8.621759560934280087e-01
1.317336768332008357e-01
2.782479262758246752e-01
1.522310873632843620e-01
1.564840662525044945e-01
-1.082841580598446762e-02
4.465644814465034029e-01
7.985807014075994026e-01
4.610314648286227834e-01
3.955269388342184111e-01
-4.005112544408805791e-02
9.109584320525400125e-01
1.932314773203993030e-01
1.595578775742278466e-01
6.760894860765128689e-01
7.826642110771465655e-01
4.141697663296109444e-01
3.642386989549840082e-01
2.134345765173622511e-01
4.023974454425793268e-01
8.358877089941026961e-01
9.611720153477344430e-01
3.764082020844184417e-01
6.330731552824425679e-01
2.997099557019935467e-01
2.061474476397031630e-01
1.687735514635313738e-01
8.843240803843430697e-01
9.746635274459445331e-01
3.210214282020359966e-01
4.946616161296460423e-01
1.194715772931014719e+00
9.518183875424807150e-01
1.342850490337599012e-01
2.162433172547761351e-01
4.052010360392242494e-01
3.841465023042669458e-01
4.314327736402349123e-01
2.699539518871570953e-01
2.113479535780565521e-01
2.841987172392245187e-01
3.342326277260658229e-01
7.643297287608893376e-01
6.009678693664899374e-01
5.664864395789317442e-01
6.555950095932266963e-01
4.944036277215989594e-01
6.297677386713277370e-01
6.529463868985561081e-01
1.030664015771038500e+00
7.789227111475353071e-01
4.793723122532856373e-01
2.835761356567008673e-01
4.700075398432458917e-01
2.401171890179067403e-01
4.589530202487843713e-01
8.414935804784005047e-01
7.802794899117134753e-01
1.807704252586544769e+00
1.519028251248923489e+00
8.828772662972022012e-01
1.029586435190628979e+00
3.758088826324573195e-01
9.704293539753091613e-01
1.377833549228451915e+00
2.476287367927685057e-01
1.220464211471421340e-01
9.006264504949391680e-01
7.344882635390693748e-01
6.607590830903048440e-01
1.115103212170780012e+00
5.089789421864461261e-01
1.261576259768209862e+00
1.071958812349286916e+00
5.096156693893889589e-01
6.352408980359525170e-01
9.594698605878151376e-01
5.158650899488022024e-01
7.898216344636570518e-01
3.106076778814834682e-01
1.594813396261855809e+00
4.602390310701198195e-01
5.688004251853501225e-01
1.103472218693582141e+00
1.323325481073865717e+00
8.815310432453641321e-01
3.512136593790997074e-01
9.467676255220831560e-01
9.801887008027320158e-01
7.782936157562346802e-01
9.135498737936063041e-01
8.419312237830051115e-01
2.479660791440694567e-01
2.373458569776870086e-01
4.610183242105198587e-01
2.485734813939685928e-01
7.574236644249625616e-01
3.251072953406575761e-01
4.926348195515422024e-01
1.054327846546439407e+00
4.914439763251984838e-01
5.325320654420874211e-01
9.369478541907321212e-01
7.893884367449280903e-01
-1.047516296843326554e-02
5.062733181422585105e-01
1.332271137197459820e+00
4.283304643614305185e-01
2.774500564884805343e-01
2.529486473142423808e-01
5.473284945988513561e-01
2.289676273833782250e-01
6.587389925641860822e-02
-3.095768917688433014e-02
9.738340757187119445e-01
3.024765865046609714e-01
1.492472856259149661e-01
2.393959596494336373e-01
-3.616363797410309527e-02
8.720137107648542329e-01
5.385766108553189380e-01
1.723155635121636775e-01
1.251873956205796501e-01
7.952151290997565569e-01
6.685294753103042664e-01
2.499235693302264416e-01
1.912249610517394172e-01
2.162127430315179399e-01
8.230021211091321787e-01
6.592876253968735778e-01
9.745278628251643482e-01
6.977097282994222383e-01
1.403942674631418752e-01
6.024792332183211141e-02
1.617803098664404304e-01
1.520733624084421309e-01
4.337695931249308523e-01
1.534143208065837649e-01
2.697226259887829103e-02
-7.185088274748130388e-02
3.842785181796065652e-01
8.723517030644546422e-01
7.234823668161840561e-03
1.407205369498617242e-01
2.031440817283702016e-01
9.302872691324083620e-02
8.972067479722989347e-02
4.798874389222697601e-01
2.699607282201366698e-01
1.415811162800164891e-01
3.428172877767256543e-01
4.501071947083760683e-01
4.405564600879210424e-01
2.671985013807681164e-01
5.354018265307849966e-02
2.244664857080538589e-01
7.031609392051588747e-01
3.114789040986811960e-02
2.928224889734728498e-01
3.028323558179779051e-01
4.930198783201755752e-01
6.027782731025882470e-08
