-1.748096721799661038e-02
5.423015562784680998e-01
1.288602421179569912e+00
3.398393845943960545e-01
5.045318522393149596e-01
9.432325214661665402e-01
7.669869897180956464e-01
1.082689552828340479e-01
5.018189979863874051e-01
1.018074548614005481e+00
9.911767539009214145e-03
1.117192084435876531e-01
1.478074273503150737e-01
5.380269588246819890e-01
6.125280323946120931e-02
6.761316984050090850e-01
1.597131234990793125e+00
1.403419528533864646e+00
1.626276193492472544e+00
1.684938577841800456e+00
1.484418594889582055e+00
1.587938354430328936e+00
1.701796075728515545e+00
1.711446398017257620e+00
1.636591876274307467e+00
1.522663015638142880e+00
1.462963753125959165e+00
1.376104614800929271e+00
1.385930407580176382e+00
1.194633532884891380e+00
1.462455206743122904e+00
1.268212854364290099e+00
1.346526792247852322e+00
1.204108493262505020e+00
1.471669236612546339e+00
1.239203925282868379e+00
1.559606866681932935e+00
1.544789108125198762e+00
1.576164831603402927e+00
1.622336087760771317e+00
1.503204764826563178e+00
1.431448394803424673e+00
1.346785326166716867e+00
1.425546184829449725e+00
1.420945640442472291e+00
1.383780011021666922e+00
1.404527211376188411e+00
1.147458233012492501e+00
1.020318672901489476e+00
1.101909328564466994e+00
1.195016734644579248e+00
1.467356364690667547e+00
1.390657939273814758e+00
1.384721029089460487e+00
1.418674703630870226e+00
1.404249234438799565e+00
9.479933228676338253e-01
1.399568012825581409e+00
1.500958692933517469e+00
1.452196069425248481e+00
1.515931124096558280e+00
1.527074997267876100e+00
1.345322149361280140e+00
1.372385313845849053e+00
1.488567806331352550e+00
1.371499002098530262e+00
1.252991098901374389e+00
1.189623252190323610e+00
1.105126153185420623e+00
1.189171574794213537e+00
8.724838301980383237e-01
2.100500155007174741e-01
4.613505892327108421e-02
1.319627272025683640e+00
1.044424096123175438e+00
8.507630053630970135e-01
9.735391872665485336e-01
1.016621550704840171e+00
1.191416122325062332e+00
1.123992027501624413e+00
7.607823602740285684e-01
5.981044328792612941e-01
4.134476249569188910e-01
8.109657065592688896e-02
5.484725464962967312e-01
9.406117856677593814e-01
1.132337785505454830e+00
1.063609334342665358e+00
7.561463572868021288e-01
5.179025247579145397e-01
4.692194838743890539e-01
4.748410382673414198e-01
1.151803317532338999e+00
1.232858568018100343e+00
1.279830940938330830e+00
1.218252535163063310e+00
1.150973078473727984e+00
1.093719765214026030e+00
9.129614802337973067e-01
3.844287827720562767e-01
5.012618442330428747e-01
7.958871802650014926e-01
8.735514993978551468e-01
1.196556700544710861e+00
9.572384417597050721e-01
1.037615619518188259e+00
1.123662309383558044e+00
1.056837626163950938e+00
1.053379662977334652e+00
1.029948016013194412e+00
1.098001021101077335e+00
8.569511994369296559e-01
6.321793893550580190e-01
8.633734209094252599e-01
9.912192984430254761e-01
1.059617658868857948e+00
9.966090266942803089e-01
9.853035505167631047e-01
9.127362908722167489e-01
4.289523435755371317e-01
6.918642719503500516e-01
9.004877365083951979e-01
7.984041260067054058e-01
7.731663640947338267e-01
8.721911815473190055e-01
8.117977441772282754e-01
5.997708996685578997e-01
8.873321830339477856e-01
9.439055038367798467e-01
9.133775639243837396e-01
9.553250743890504548e-01
9.450253703475933742e-01
5.385211296637468781e-01
3.887131369301727868e-01
8.077202908857323838e-01
6.756736396934905908e-01
5.555952495187429507e-01
6.426782060771817351e-01
7.390337116072669410e-01
2.852251903680466660e-01
5.840988019149937621e-02
8.325299427303474165e-01
4.753354146337357422e-01
8.002625795485409643e-01
5.562073710656456615e-01
4.668425919038947658e-01
3.552187114378415056e-01
1.608007845039762240e-01
1.025995545151021371e-01
5.560480160542331518e-01
3.723715845600254482e-01
5.316910133193926136e-01
5.961379864444456000e-01
3.277318264539033077e-01
2.484294096904219595e-01
7.141468061125133548e-01
7.229947602834825293e-01
7.777061124644086831e-01
7.780782760046445201e-01
7.791494957838109858e-01
4.564780537328709253e-01
2.285577611317350655e-01
8.993628106115840737e-01
8.685933617516152783e-01
9.122844969828056705e-01
1.046152851547416329e+00
1.156706434724035226e+00
8.440568453061324528e-01
7.059510228170524648e-01
9.764662988319632309e-01
1.086926466884987175e+00
1.117616085757193956e+00
1.168561620450750294e+00
9.541794544278650037e-01
4.907617089380296727e-01
3.385627437943990459e-01
6.675950727844920385e-01
9.220993175270060238e-01
9.504879973003007576e-01
1.050015999585231619e+00
9.314556752634745029e-01
2.186022071741940964e-01
-8.672353197334498054e-01
3.059103558606637296e-01
7.198080370671201544e-01
6.120394947375630279e-01
9.145991154869760331e-01
7.967386512404187604e-01
6.063848835167701123e-01
7.259658855562518553e-01
1.007650603778020182e+00
9.284364459988178053e-01
8.815921458298628943e-01
8.875218097441036624e-01
7.396439029162381606e-01
1.067434010564542873e-01
-2.992039917093938239e-01
6.734118384629408371e-01
7.921297855034508117e-01
8.185033200456989233e-01
8.252254698317909032e-01
8.563374825428016202e-01
5.727592368613391161e-01
9.138016767157013109e-02
7.931959894879001549e-01
7.842848091779981434e-01
9.068473194049451180e-01
7.693355564180500705e-01
8.571902207628139259e-01
5.996139713813523064e-01
2.164359137722562665e-01
4.110024227988195444e-01
6.461882891225922965e-01
6.479452159999236072e-01
1.914326560748212391e-01
8.458754467054485637e-01
7.044618766138035504e-01
5.009594362912980076e-02
3.080242832516699725e-01
4.896221263439730631e-01
8.212114108370054399e-01
8.567499428162779207e-01
7.714913297205749920e-01
5.730367376586564809e-01
3.924813186564599099e-01
7.404929933486834592e-01
6.466271702232883056e-01
9.005124454446025162e-01
9.349747051796630792e-01
8.901040085897975462e-01
3.834632178933053970e-01
6.173525873264882335e-01
1.019045197830631189e+00
1.035799035566589588e+00
1.116789588113884957e+00
1.178205980942801823e+00
1.036796711801460935e+00
9.169522037207300524e-01
7.256496460803361082e-01
8.767143182949141966e-01
9.592147358868321483e-01
9.737772248740461656e-01
9.615015090796321662e-01
8.961953096788501938e-01
7.892274728695714003e-01
4.784758625792046027e-01
6.335167817624189901e-01
7.467267053773221086e-01
8.177781071813946534e-01
8.890116048333494003e-01
8.510574518864221227e-01
6.799899400623455881e-01
5.460760897899163968e-01
9.203245551458636431e-01
8.561377238427780867e-01
9.412010428018503516e-01
7.775513950055450429e-01
7.959627990344220194e-01
5.986664055587039845e-01
5.376137517813814881e-01
6.364889363403142264e-01
-6.254618501859525708e-04
1.217113034600317799e-02
2.657431657954749671e-01
4.761128759262821530e-01
8.196821080456917485e-01
2.492156325167201592e-01
1.806527512157642956e-01
1.109416558101870898e+00
1.045570104461473360e+00
4.490787035269345751e-01
7.341083083459237768e-01
6.419350697790187077e-01
3.408357501025263692e-01
1.032436873612858630e+00
1.724854540404694714e-01
4.486627392837360118e-01
7.509861162135451629e-01
6.625946689434984993e-01
1.505057730869617250e-01
7.261953063705848255e-01
8.701305371155070301e-01
1.009825022846075893e+00
1.144284818301836426e-01
1.045107044057808743e+00
6.221165813892031160e-01
1.213260001814255723e-01
1.104773247428547100e-01
1.087938395918128354e+00
1.015061778465109033e+00
1.094009638253418681e-01
4.942347921511371089e-02
5.377293213483599343e-01
1.993905050101091869e-01
3.307336485319377628e-01
1.095939692130524445e+00
1.015985350868869430e+00
7.810062994444997297e-01
1.033864300743824627e+00
7.246880972782983044e-01
4.058457691164224501e-01
4.422029289896248910e-02
1.153166342127384392e-01
7.571711048028835211e-01
1.451586762725971536e-01
1.325833718493605977e-02
1.032691408937882471e-01
2.350511805068178917e-01
6.251654912509765905e-02
4.506541646797714712e-02
7.786246210114502464e-01
8.159889884042643704e-01
8.521919753895712546e-01
6.349069463906480415e-01
9.093497915287347411e-01
7.334963839342372172e-01
8.371464110530273395e-01
2.436569045489448901e-02
8.061358038318845454e-01
9.085486222166285764e-01
1.074919390193058044e+00
8.413290823188265266e-01
4.765295429579392839e-02
6.161795499502082940e-01
1.024822899060787940e+00
1.014715615267904436e+00
3.779605703693577068e-01
1.935809788984216018e-01
8.354391668289420370e-01
1.093231154070332334e+00
9.766041159624591073e-01
7.700608412843662487e-01
9.725211620761671227e-01
1.115374280572023036e+00
1.073050924828294450e+00
1.086109294041561757e+00
1.040822324996240722e+00
9.499102963293859503e-01
9.409785302638977722e-01
1.001957620289251061e+00
1.011408000741243374e+00
9.004878064924581871e-01
7.975040637161570078e-01
1.848528077354227306e-01
1.585849870006362239e-01
9.045588576025483940e-01
8.007244528533253858e-01
7.849943606175926458e-01
8.435496340349122324e-01
6.854771885560154709e-01
3.653956432082178796e-01
6.438418331573158016e-01
6.969514836700554383e-01
4.391752743282157367e-01
6.994576559722903708e-02
4.207370739695728487e-03
2.276363529531921781e-03
-1.993714287535299640e-02
-1.185022526507061996e-01
-2.415128978630792095e-02
5.215652934203051094e-01
1.878109948339958413e-03
-1.778097502065649222e-03
8.306430027204328437e-02
2.270432534612565681e-02
