4.681119498076717345e-01
9.934970297742704570e-01
2.190424245100371925e-01
1.054591654489779984e+00
1.137358714887469535e+00
3.942636226956052203e-01
8.204662334219556263e-02
9.018712549945900880e-01
1.048749976090445069e+00
2.823670616679800904e-01
1.202180277743969405e+00
1.017850536977008780e+00
9.776418644181675832e-01
4.948919800573519517e-02
6.321854333750998034e-01
8.882409977984131455e-01
1.980121507116087698e-01
1.892214417142458194e-01
3.314596383309318939e-01
3.044979044481029851e-01
6.635591955862134295e-02
2.216718113803265444e-01
4.233686361532464359e-01
4.708563922704586679e-01
2.501858672535567374e-01
2.536376963992393874e-01
3.075084776994078672e-01
1.348395612950305245e-01
1.833861330824610170e-01
5.540663420675666639e-01
2.059832301001091603e-01
3.503854459433867197e-01
2.328493204406184847e-01
2.527519267304839112e-01
2.725264417192417923e-02
3.074963987865079185e-01
3.162976099995770674e-01
4.978157528867451775e-01
1.562450383038065937e-01
4.113988754358816613e-01
9.451313950891569726e-02
1.198332984693413067e-01
1.890401204615453912e-01
5.676715764758936134e-01
4.405773876316252391e-01
2.975293123381403948e-01
9.788068797739574167e-02
1.975717603651220566e-01
2.833296636976732064e-01
2.454503627452856718e-01
2.529461457711104089e-01
3.647010780158425197e-02
1.874377136810573274e-01
1.166164132208205861e-01
3.706415576228029585e-02
6.692756969135180145e-02
5.282590962131187284e-01
3.415034753847795979e-01
2.129097533540394993e-01
1.937607222237298366e-01
3.481337590323014264e-01
1.934851035382458562e-01
2.418055028966693276e-01
2.096785257525573820e-01
2.551991784755445747e-01
2.666144924268651351e-01
2.399974511309903302e-01
1.341857999221435227e-01
9.226314631833365532e-02
2.105612736876015800e-01
3.413567072577272099e-01
5.624066621820961176e-01
1.610190535184260030e+00
3.498052012489926699e-01
1.788181646968690641e-01
1.413250384568942308e-01
4.482903642178210357e-01
2.607557508233114274e-01
2.059333558198582770e-01
1.209566101336418953e-01
4.515714474184217564e-01
7.793597795390919680e-01
8.878252699909011669e-01
6.884869442721308630e-01
4.557415453997787358e-01
7.934598342014436145e-01
4.459593919221918057e-01
2.814738624970002934e-01
4.541418133945110958e-01
6.184312377306139252e-01
3.885320741264298161e-01
8.870229248544606593e-01
7.716513618361428017e-01
6.090308851325234585e-01
6.785259274905381943e-01
1.925891328430298644e-01
1.407522070995122776e-01
2.089857029839217173e-01
4.849865103041631209e-01
7.080935601738276297e-01
1.443174756694294958e+00
4.839643817374884027e-01
7.598592500722484155e-01
3.354793751389181233e-01
2.769536059241365367e-01
1.653798969848389033e-01
5.445122588862771895e-01
3.154113065120270898e-01
1.690105291646412100e-01
4.747694475210541554e-01
3.221641432415787154e-01
5.898749277303523275e-01
6.870405204918108577e-01
5.367534342350898102e-01
3.922797499814127398e-01
3.811045552494517485e-01
2.684640946932980166e-01
2.068879765860670294e-01
2.402653698795502168e-01
9.340724842731528144e-01
5.645007341588780259e-01
5.037885199042807516e-01
5.125308113020370371e-01
4.132383836186006021e-01
2.966327704950459943e-01
2.842918711643655505e-01
5.478596165595303047e-01
1.861286169318501493e-01
9.286718810651271860e-02
2.628523910659196217e-01
3.666486486656857502e-01
3.575270596533898504e-02
7.769350826320150505e-01
8.874998135095368834e-01
2.899199597068796153e-01
8.387680717129472052e-01
8.939520047501522404e-01
5.004883237722156375e-01
2.890573135508114899e-01
7.274934537318376027e-01
1.000000317124947413e+00
8.403178012720703693e-02
6.834220724752989584e-01
5.698805070877559220e-02
5.382868695130111902e-01
7.938737284869761268e-01
8.956166818235044014e-01
9.994148047691154835e-01
9.581807546682209464e-01
6.969729384392724381e-01
9.463394177682717956e-01
7.151310620866054846e-01
4.133117495771506111e-01
6.544503170019537741e-01
9.697543126666210433e-01
2.624927510926101104e-01
2.564215808397333207e-01
2.376936685578318886e-01
1.425758675036930823e-01
1.689202117296737249e-01
6.987560313938360190e-01
1.025547040912185182e+00
3.155678769718998078e-01
3.373323301074865332e-01
3.467261849922880779e-01
2.601115770834722118e-01
2.494355294157793446e-01
6.534321637618442091e-01
7.381743379965339802e-01
5.561974805949866374e-01
3.512297806290229918e-01
4.636897188887522669e-01
2.082114216476425861e-01
2.630880773167418862e-01
8.468068727341889756e-01
1.043453399547315197e+00
5.176842465294265727e-01
3.530873600340778684e-01
2.429001807720668482e-01
5.408023333244362657e-02
8.431657170761119868e-02
8.151490111127909222e-01
1.551345143173788355e+00
1.292551769122888494e+00
7.459660191371620952e-01
6.878951604556050592e-01
3.717286576624983518e-01
2.831003483491319472e-01
6.939587909455235959e-01
6.202807241828268703e-01
5.067825398782683788e-01
2.315492198154625592e-01
1.987702597916125302e-01
3.397717327207979698e-01
2.808848358447526561e-01
7.691059210500604815e-01
1.331144627857409279e+00
8.855664280833517310e-01
7.979853641918194240e-01
1.891373410938484989e-01
4.133877596735747173e-01
3.686974219782106210e-02
5.152973136951980448e-01
8.621625636867582543e-01
1.111298899122807188e-01
3.046739121823465180e-01
1.181780134998160342e-01
1.879434612570039242e-01
1.457378015067518628e-01
5.809624682239192817e-01
7.987460778435715447e-01
4.624380987328525205e-01
3.202821121360462930e-01
1.747577393079286223e-01
6.004693522916202397e-01
2.132109585441905042e-01
2.258601135741274135e-01
6.772312422289632483e-01
8.257043392723948383e-01
3.418704818311085747e-01
3.011263757378738193e-01
2.632175681189451999e-01
4.996596602186516023e-01
8.452822796587164955e-01
9.567637174685291734e-01
4.339256801777840455e-01
6.993391366579787549e-01
4.097299459185622106e-01
1.788825015566502807e-01
5.747112096265314524e-02
8.038446664823227783e-01
8.909486034057964021e-01
3.564164936745259915e-01
4.800781572251317519e-01
1.285503291348566890e+00
9.474358371693925029e-01
1.791758930227774493e-01
2.030864291497336827e-01
4.490577577316330338e-01
3.770000783740983241e-01
3.823701849944925457e-01
2.295393461037431859e-01
2.143835952847899795e-01
2.873921407886789181e-01
3.277307428048789606e-01
7.807155923874266046e-01
6.945516305245721389e-01
5.461845847053913294e-01
6.309919754227414357e-01
4.129104706637193867e-01
5.934152247174661055e-01
6.393840981154975678e-01
1.030605453337050115e+00
9.591990727122995386e-01
5.005808979957222515e-01
2.763255619696809995e-01
4.700047471405010557e-01
3.214494182040014136e-01
3.913516419295532400e-01
8.685426799031271683e-01
8.385081039878019560e-01
1.519722231102300425e+00
1.359739954625689862e+00
9.019773961829495867e-01
1.036218150097237167e+00
3.757721730146935668e-01
1.091569737238077487e+00
1.366713926631371256e+00
3.517787049631965757e-01
1.376749444169452496e-01
8.621456552805507600e-01
5.170578523972034768e-01
6.577068099149410152e-01
1.014328614079502699e+00
5.899782968881437384e-01
1.182935993438534839e+00
9.198945978145763869e-01
4.805288959861447884e-01
6.104207912309222994e-01
6.977763066821128790e-01
4.372188505472912601e-01
9.100794343813859433e-01
4.085942929252345812e-01
1.579135177929406053e+00
6.047736235394438609e-01
4.106313087354408475e-01
9.988314048674503676e-01
1.304516360054116531e+00
8.755944037375235078e-01
4.315601277793661983e-01
9.492808878673210105e-01
1.103785245486744948e+00
6.143235425413378081e-01
8.959309649670800235e-01
7.849091050238724554e-01
3.111128533476598124e-01
3.083027094920878231e-01
4.830411331815674947e-01
2.545526892970751964e-01
7.161737737005618998e-01
3.014210876776370895e-01
4.898287401625677773e-01
1.260674683799897444e+00
6.828304041440423910e-01
4.999943281119909599e-01
9.388186186693856516e-01
7.335230551683969979e-01
2.886995137954341192e-02
5.111950215630424177e-01
1.233837133052940960e+00
4.876345467217343410e-01
2.792123214877721415e-01
2.671071923692112104e-01
4.801335875477720228e-01
7.947107188633469044e-02
1.924897068457983584e-01
8.148875682266923381e-02
9.761519137822239900e-01
3.024810584672276703e-01
1.666738397079689515e-01
2.168842114930647491e-01
7.210149528729885293e-02
8.747979243804323568e-01
5.371699609693301181e-01
2.060208364578854090e-01
1.179236710638003616e-01
7.750074357942395853e-01
8.907305112180716744e-01
2.535342353709958418e-01
1.792815048735786343e-01
2.101078752074014289e-01
7.926415136867097644e-01
1.078433815698615517e+00
1.045621002472501448e+00
8.014490108635436982e-01
1.088878221862057405e-01
8.232814197391312427e-02
1.936206237156462284e-01
3.519231298868543134e-01
4.686826118072991432e-01
1.808128160938113904e-01
1.094445911572916458e-01
-8.174047698370476289e-02
3.399036877958478975e-01
9.184645898071809311e-01
-1.104855638650142392e-03
1.407244057084058031e-01
2.302012444609468633e-01
1.419393741534570041e-01
7.456281012444290757e-02
4.661069404364845958e-01
2.699651397752034221e-01
1.205605242696251855e-01
3.428216881568866836e-01
4.668633252421738322e-01
4.405608698569994930e-01
2.678991701787131752e-01
5.630044928546052568e-02
2.270438319914225012e-01
6.888362308609473628e-01
8.603714084555734443e-02
4.702676227277475252e-01
3.325476527342854927e-01
5.899211835842869123e-01
1.703453583339539223e-01
