4.523222451612743944e-01
4.431102690318327042e-01
3.925032918201264431e-01
2.856918339187654032e-01
4.548214212199150897e-01
4.822763210027850578e-01
5.384452520619775751e-01
5.730626910318117329e-01
5.546338957614557197e-01
5.124942042796338804e-01
4.601417121857319659e-01
2.399120967018210648e-01
3.568494210796733235e-01
4.362496708159165348e-01
5.260771825265686541e-01
5.456511430686796782e-01
5.043466139180396990e-01
5.005502021074950125e-01
3.920928444939731916e-01
3.106152969084416959e-01
1.118805834709336727e-01
1.712804022022620665e-01
4.592881879435379844e-01
4.671470375789519291e-01
4.753169318461306636e-01
5.227684635585654327e-01
4.796223370093525284e-01
4.750789817824709882e-01
4.282638579632676579e-01
4.089618735333087063e-01
4.414085099011152979e-01
4.270073335665662828e-01
4.751629152940051171e-01
3.574440050609717368e-01
3.672416992741925901e-01
4.654753821017094673e-01
3.699816121699657234e-01
-1.077509313482364478e-02
9.715187406815971316e-02
5.269237134472750661e-01
5.416372517633429862e-01
5.658670564945984527e-01
5.430685139554585206e-01
4.944423005042313801e-01
4.462527580638595004e-01
3.872163615884959276e-01
4.666512348655205145e-01
4.302811185330257526e-01
4.263481928074398519e-01
4.050696704536179138e-01
3.215272086988881228e-01
1.754919154433371986e-01
4.280717488433744555e-01
4.252593370688184660e-01
2.618208850559475831e-01
3.815430497364349915e-01
4.402073651274318600e-01
4.377137783942210980e-01
3.877743405253479270e-01
4.543713731547894819e-01
4.660639438399842849e-01
4.748753948600520913e-01
5.094569245678314262e-01
4.956947806422646874e-01
4.235166204847912175e-01
4.148407026418672316e-01
4.963817807040531993e-01
5.146724231126807991e-01
5.225671137315477388e-01
2.205870862518677922e-01
9.349645492280890535e-02
7.065361861767331664e-02
-1.236587875497628837e-02
3.984162836252465034e-01
5.002488732811583017e-01
4.980036369616711589e-01
5.463383278093212336e-01
5.120128283163060123e-01
4.940223887134492786e-01
2.627212110432000092e-01
5.247159272110406558e-01
5.885465621728677155e-01
4.989072021699648696e-01
5.434253568832309034e-01
4.738840837668782391e-01
-8.396401924091607960e-02
-9.798006064211411958e-03
2.538955592906334546e-01
4.708390924595138305e-01
5.222046446179132717e-01
4.548174950152048535e-01
2.643377284890420231e-01
3.975846836154982022e-01
2.299101702148755588e-01
-6.625756920065144495e-01
1.501504635491191508e-01
4.734088462206186287e-01
4.771865456962032237e-01
4.382341608493557361e-01
5.734121501547305710e-01
4.647720484271853358e-01
5.490026139928791959e-01
5.537414484494007638e-01
5.786469995610692418e-01
6.035524891621817378e-01
5.727700241856407137e-01
5.767434363130303776e-01
5.916151521021818516e-01
6.474914562942046814e-01
7.148306479315507111e-01
5.769624156222992184e-01
3.001845499210622492e-01
5.722684516734137805e-01
4.489694785073201078e-01
2.410207992110091069e-01
5.384706996163362014e-01
5.411429299085839251e-01
5.676218092157263584e-01
5.527523223851582568e-01
6.302581082280426239e-01
5.559131077643703067e-01
3.436750482191242573e-01
5.539387451852060273e-01
9.874575308557367870e-02
3.730305640728251437e-02
5.563331138830645006e-01
6.470180266146418058e-01
4.418507517622654035e-01
-2.604253872864136232e-01
4.530927927529936894e-01
7.113065805603147052e-01
6.149897579935257319e-01
5.998412691950598674e-01
6.920287714791018008e-01
5.755500503376824728e-01
4.592824759853116334e-01
6.576081127783042213e-01
6.518858054650783496e-01
7.086404098004734919e-01
6.510349494328685482e-01
1.056703100821941022e-01
-5.868617647824328487e-02
-1.553953983931116375e-02
1.565785658478965336e-01
4.849518826118027759e-01
5.832116524320343220e-01
5.951767756987580427e-01
6.713732618079943926e-01
4.646449982107209165e-01
1.965925659880610188e-01
6.023667880072047787e-01
6.237578952086815232e-01
6.367697704312749174e-01
5.957260662048413646e-01
6.632454965106264755e-01
5.931214662245040126e-01
5.462116926611552126e-01
7.051833248770322804e-01
7.153064919113565345e-01
7.172928976748350616e-01
7.245341709270496366e-01
7.310478160015310145e-01
2.818791056770400538e-01
-1.691341118874445382e-01
6.239497578046335757e-01
7.596070414196658405e-01
7.974016079149988112e-01
6.711336398310716600e-01
7.284856304833421392e-01
6.345728950556125403e-01
4.459656097668281971e-01
6.624522894802093997e-01
7.308150205128555177e-01
8.160173730905684319e-01
8.448068433822201184e-01
8.377176571310349651e-01
7.597006854518018049e-01
5.214254859810050213e-01
7.995484694833123740e-01
8.252574797155667330e-01
8.572537091484482286e-01
8.112747344367632341e-01
8.998402528673594691e-01
7.696694766646097197e-01
7.727804017152064553e-01
8.188542870374639904e-01
7.846786624148127665e-01
8.661384483914777999e-01
9.049593474031089047e-01
8.642360988091262186e-01
7.686714626502799685e-01
7.207387113770291620e-01
8.889648427457679247e-01
8.972140367375133208e-01
8.339043585161038941e-01
8.576099416866924674e-01
8.093819925381875446e-01
4.935825257190878945e-01
2.874253210407319847e-01
7.838098397850646881e-01
8.557177632984037663e-01
8.371442136145852420e-01
8.082322357863856999e-01
8.328699536238648449e-01
7.475925379940875359e-01
5.125494901461662423e-01
8.091914795619037370e-01
7.925194761638738594e-01
7.301074628559399704e-01
2.239644935964558714e-01
4.951985864679947502e-01
1.191919761065799444e-01
5.408969423974645530e-01
6.066471634439943861e-01
8.821408086630757595e-01
8.754980800965448395e-01
8.836055832852403036e-01
6.616156616622175246e-01
5.888741517756286292e-01
-2.510151644165558027e-01
4.283668266341661424e-01
7.699794296926063542e-01
9.015904496665292367e-01
9.586528223736480170e-01
8.473147048358751210e-01
5.054815363802042105e-01
4.675008157298026767e-01
6.385052738496437286e-01
3.282471248689585730e-01
7.090131910459258613e-01
6.851293079426549193e-01
9.347530158653746257e-01
8.769123730972325781e-01
7.864449095168843940e-01
8.237185992490830833e-01
8.722532262679862924e-01
8.110316297854327505e-01
8.042574643008864044e-01
8.678084172322252376e-01
8.309797232000225575e-01
7.612589594967507090e-01
8.437613880127323718e-01
9.657278882473653292e-01
1.025524888536988311e+00
1.053847386284294307e+00
1.004578121417431635e+00
1.000536172296320192e+00
8.496126623714506110e-01
1.119385348920054701e+00
1.178082863586787932e+00
1.156291354617225986e+00
1.161555165319446026e+00
1.272060858634406211e+00
1.223133518919185647e+00
9.605054671401678235e-01
1.162300583189879166e+00
1.301759106717951919e+00
1.443997421803246528e+00
1.351361656124082877e+00
1.357753758399189437e+00
1.272316612720455486e+00
8.065827186674137117e-01
1.081259284726541647e+00
1.339499426646848956e+00
1.126143609852573446e+00
5.646077534724578406e-01
6.973894656913308676e-01
1.120279529793766660e+00
1.106373605476208333e+00
1.185981640140052473e+00
1.116143302769987855e+00
1.179908892696215128e+00
7.548403708672939416e-01
6.237058200452563206e-01
1.057724530000567986e+00
4.559370264444784215e-02
7.845282073293737835e-01
1.148374071353387871e+00
7.125783167487798053e-01
2.711097752578147890e+00
1.794998162119201712e+00
1.125210659706199490e+00
1.095536378430068236e+00
1.239318372554274239e+00
1.022712216887502912e+00
1.550699927481308249e+00
1.320978440783958874e+00
5.803346340177961693e-01
1.391829339182046432e+00
1.176646452971974677e+00
1.280274701918191704e+00
1.058779007784501180e+00
4.492873317701752411e-02
2.523665382847812833e-01
5.027720166621147957e-01
7.722845778934108729e-01
1.168657537547433733e+00
9.306635246565555519e-01
1.321251424139956221e+00
8.671672593655859185e-01
1.385372914463972593e+00
8.691640440347135899e-01
7.906816115936040612e-01
6.503915419295043243e-01
4.252048667228615075e-01
1.408786429671877505e+00
1.479907357798884604e+00
1.634224340868408287e+00
1.283581186539975993e+00
8.074069005901975959e-01
9.552733841409279114e-02
7.201992085185038306e-01
1.572964892506444112e+00
1.138645003640303521e+00
1.710826445671604024e+00
1.671674983086886446e+00
1.169341323462357307e+00
1.727132446475586391e+00
1.701897466767083866e+00
1.855452086658319732e+00
1.821021604560744578e+00
1.120349157071522939e+00
7.305068890587267383e-01
9.677919303401205653e-01
8.454936168164419730e-01
1.692423114188203348e+00
1.653790248032711796e+00
2.009850218690244716e+00
2.167324399186981498e+00
1.580208617650144198e+00
1.698023938203820471e+00
1.944414757673909921e+00
1.571458085611026956e+00
9.557302690052856819e-01
1.028105355083976713e+00
4.150910733435425604e-01
1.275431037853868244e+00
1.649144699689887972e+00
9.490107869939610197e-01
1.960236552515561170e+00
1.319162979321672147e+00
8.209336968568159421e-01
2.022582592147704528e+00
1.804344889487947468e+00
2.189842155766310583e+00
1.244859908696429596e+00
1.608900018500438955e+00
1.689555153008960975e+00
2.260209267027220026e+00
2.555205271483087959e+00
2.784184105449068802e+00
2.615110324065006431e+00
6.632739905473327147e-01
1.628937826453012550e+00
3.216701260153644881e+00
3.556221902556761627e+00
2.770736405146650760e+00
1.121062581279682391e+00
1.672568296422798806e+00
1.465474061397383121e+00
8.916660045961428693e-01
5.365389739051791285e-01
1.033553456521219882e+00
3.893781009120259040e-01
5.019612365914185789e-03
