-1.379317199892655943e-03
6.225836857750486342e-01
1.280261408979758819e+00
2.225570336260623838e-01
2.135183450971093466e-01
9.558795273975456697e-01
9.180238106018134836e-01
1.454207025798966435e-01
6.055953595426848413e-01
1.045380251796268922e+00
8.964874317358161038e-02
1.683957041215504158e-01
1.832463806221176494e-01
3.995416364245818475e-01
5.379913995573452207e-02
7.678373178782693653e-01
1.043652325596749808e+00
1.331096488514088794e+00
1.184267896125126507e+00
1.581560826964583999e+00
1.437977401366739905e+00
1.336635525887952536e+00
1.653042733395274855e+00
1.691206637811292879e+00
1.621479126092554068e+00
1.507471026020796412e+00
1.433536543046056266e+00
1.400953073345343025e+00
1.328120876606916356e+00
1.906386989805233800e-01
1.098166334925808396e+00
7.305520185976277503e-01
9.447723078073074765e-01
9.728857057582733781e-01
1.326084311760360457e+00
1.340890010282893785e+00
1.552121633404572876e+00
1.540320525704408361e+00
1.552337208012282144e+00
1.281640212560429148e+00
1.249613384388586379e+00
9.223074482491454562e-01
1.340076603237056574e+00
1.432917073838065658e+00
1.428829313409980095e+00
1.372329761798970260e+00
1.249154016241828202e+00
8.756485259334076954e-01
5.977395560228986326e-01
1.030456308432468271e+00
4.242184234268757126e-01
7.670888246028690904e-01
1.404313875932996947e+00
1.368300147647465437e+00
1.239964531711458040e+00
8.508506945902485352e-01
1.093382182990240370e+00
1.359708755225562449e+00
1.365794172850671062e+00
1.381578005861712199e+00
1.385503894414527259e+00
1.354000599033389873e+00
1.045510456317240155e+00
1.148448187506946327e+00
1.358195167349597332e+00
8.987465331348265529e-01
1.230721818179240312e+00
1.193714271202543920e+00
1.080036082206031534e+00
8.867452974715341885e-01
9.743923539238422693e-01
1.582491528603889031e-01
1.435856088223882165e-01
1.129713739418950924e+00
1.049789069631821281e+00
6.909774272526587602e-01
1.027091879186812884e+00
1.076886813720787650e+00
1.185431939183411831e+00
1.164041109651117178e+00
7.041568477261193060e-01
4.850814161476920128e-01
3.880517803431290380e-01
1.522109338406496364e-02
4.686672365921886740e-01
8.692097547189586715e-01
9.863672252028596876e-01
1.060406207727784711e+00
7.886249111945086154e-01
7.162355342030521932e-01
4.490290714450205778e-01
6.062820891666369505e-01
1.067533487535913039e+00
1.217180922585279212e+00
1.283424792269293402e+00
1.233645054135473984e+00
1.083007245095296778e+00
1.175570152216801834e+00
1.180155842994988546e+00
6.042208600375840177e-01
8.355859993826397769e-02
8.972256329659074048e-01
8.494995529047859595e-01
1.202526589817943137e+00
1.110038913224196344e+00
1.093356183999450337e+00
1.167376456681559205e+00
1.059028750761750626e+00
9.142506105123928695e-01
1.023055918956133237e+00
8.669725911694616816e-01
8.942202974448166808e-01
8.505625949921730156e-01
8.647519347909249365e-01
9.492714820394509978e-01
1.001805158468483503e+00
1.032614103150531149e+00
9.988787117380226732e-01
1.058284949210344772e+00
7.613342815281614051e-01
8.931172821524601124e-01
9.107923355708891222e-01
1.041318957343869922e+00
9.666680034327734816e-01
8.597381978917323364e-01
9.277464095471819050e-01
7.509012283181779601e-01
8.861935363469368721e-01
8.826252611418494709e-01
9.581954267234044087e-01
1.057008315016358946e+00
9.514717371040694038e-01
8.899640658295894236e-01
7.946499439908063511e-01
1.135282198433067435e+00
6.814825334477963015e-01
6.897322846581925848e-01
9.177177463825327841e-01
8.319360380294100743e-01
5.786350192063597353e-01
2.605677726433346386e-01
8.475619746445457459e-01
6.937341387656450475e-01
8.393836796579097204e-01
8.370395804528262262e-01
6.905268313905139621e-01
7.096488621688403775e-01
5.029807448889576094e-01
3.435437944543544564e-01
7.655577893340285156e-01
7.415666891336778477e-01
6.795327405837174872e-01
7.840244692913673763e-01
4.939354166513839073e-01
6.132670891197762320e-01
7.787680751113499333e-01
8.754865797866447918e-01
9.384479269987662242e-01
8.368066328834968814e-01
8.262266471046464389e-01
6.822786277230435958e-01
4.301312112601665683e-01
8.721191107936867581e-01
8.536943097414888548e-01
9.151158869197213441e-01
1.043533538291011808e+00
1.161000560842202045e+00
9.310800875262696952e-01
1.031380654498911698e+00
9.819529347181358281e-01
1.077470764231029499e+00
1.106303782291730542e+00
1.176751355368089058e+00
9.796121140847418030e-01
8.695869770481567951e-01
8.739807498855054479e-01
8.432966514039577088e-01
9.577767295018384530e-01
9.627477110067471644e-01
1.073715196920795201e+00
1.042934684068524742e+00
8.759792690855870978e-01
-4.523006940127914377e-01
2.033973762036791477e-01
6.736049863462092446e-01
5.504869309913956732e-01
9.044965083841445264e-01
9.931809473933528309e-01
8.301515662281080399e-01
8.287238074286005229e-01
9.507659987440809646e-01
1.010417531052681062e+00
6.842705759719126535e-01
8.449517153238704781e-01
9.610807315661822336e-01
2.206264654468200748e-01
-5.088674991062260532e-03
8.336337962995120643e-01
9.454439434373145268e-01
8.965745185140818752e-01
8.515475719923151221e-01
9.987469534177814134e-01
8.717349521908204224e-01
2.994103341939465812e-01
7.957475795877819724e-01
9.481975494309446972e-01
8.706016950683228561e-01
8.171386729881633393e-01
8.643709943165427401e-01
8.524109027131946403e-01
4.571360935995714692e-01
4.407937671857805606e-01
6.534992570556865665e-01
6.824319641280911508e-01
1.449831212117109192e-01
8.753447555811710856e-01
9.307042094776398766e-01
7.517979956372695671e-01
9.010332986080482609e-02
-5.042649434039972456e-02
7.552950364817359041e-01
7.583539432552275361e-01
8.236316080940760953e-01
8.963370646470066871e-01
6.520984789167150186e-01
9.407692751260827713e-01
8.886978347091997188e-01
9.920174280937489319e-01
1.006719023815149772e+00
1.057572941696636848e+00
6.927760927823035653e-01
7.429927342894224740e-01
1.029196455920819542e+00
1.066611376708546999e+00
1.133320128737805410e+00
1.235177199907341539e+00
1.036878700584754620e+00
9.966349759080773696e-01
1.014712442654346125e+00
9.498179328425931933e-01
1.055300215509089368e+00
1.014544210750717212e+00
9.567307156546250857e-01
9.895210160326379789e-01
8.856294226513454770e-01
6.738516642757264030e-01
9.708097127577963725e-01
9.081608142082991941e-01
9.538305246423797179e-01
8.619542228906853509e-01
8.541841888700978380e-01
7.196067128214190811e-01
6.481402555672450827e-01
9.890680422699054120e-01
1.087826043672834198e+00
1.001241042755678379e+00
1.004101214006510423e+00
9.306860688982270258e-01
7.791239226110938665e-01
9.389641940214897842e-01
8.662488819625173697e-01
8.073304935944094693e-04
3.049775785962020869e-02
6.292119634785598992e-01
9.405583322797876900e-01
9.482174461171054558e-01
7.050896057522698657e-01
2.515791092505960669e-01
1.092062182294788908e+00
1.059750111127525596e+00
8.667027757534724319e-01
9.841167113083943985e-01
8.652542785738635001e-01
7.945166815533069027e-01
9.940312610515301683e-01
2.572972632962384210e-01
2.451049768881767843e-01
7.482172808430311850e-01
6.892917667541187399e-01
9.147575710307703778e-02
7.617814402452554035e-01
8.925412256514466680e-01
1.042521326299460593e+00
1.129572581933690617e-01
9.753591269925195872e-01
9.948621097681091818e-01
-1.346391993608806945e-03
9.717550899872115511e-02
1.068572453570674430e+00
1.168402929241555643e+00
9.349714520630232339e-01
3.402190348523461694e-01
4.639787397879261976e-01
3.712093501337845325e-01
2.642222651945396739e-01
1.079182183049895105e+00
1.017897217073574501e+00
1.010294410088090400e+00
1.002974414823305294e+00
1.067684809564848347e+00
6.619664133282383567e-01
3.299035160442206210e-02
2.961706497742366828e-01
7.681289340083674588e-01
6.350056184060455244e-01
1.909179424000770342e-01
1.312424029144422521e-01
2.582473129858144922e-01
6.439013929315012819e-02
1.507339893771960371e-01
7.890773185992756567e-01
7.291878774741888947e-01
8.200445523218533594e-01
6.214780646960639254e-01
9.091388181240904753e-01
9.226080537135618043e-01
9.422848853708385430e-01
1.360939826042519840e-01
8.330762361526884430e-01
9.241589127350979815e-01
1.052601475826817845e+00
9.276721606017158672e-01
7.189673923377738751e-02
7.569674398961109274e-01
1.052550358746445536e+00
1.022763905758089509e+00
3.614199411952803698e-01
1.441274845679130223e-01
7.978447570050801740e-01
1.088892895730262822e+00
1.008055240090542259e+00
8.346158724419416863e-01
1.015611551687081615e+00
1.210671099483768387e+00
1.168093429913284353e+00
1.089272059876913890e+00
1.050276243273877697e+00
9.811746901207927252e-01
9.658356369920215734e-01
1.046832139258334848e+00
1.046374319506389927e+00
8.969684111739189003e-01
8.030025598084773453e-01
2.106932828476578423e-01
2.114863068929694889e-01
9.596172072430292355e-01
8.257918291826338297e-01
8.975571322949800201e-01
8.486476119971759768e-01
6.294088821703507364e-01
3.513347570303242406e-01
5.872926545416333743e-01
6.283568185401243733e-01
4.490519479304869721e-01
7.357764191148138955e-02
2.423180378271727609e-02
3.055096078203545229e-02
-2.354175697656881935e-02
-1.071676840062055908e-01
-2.340977254010642369e-02
5.592762872717056410e-01
3.223439313054918612e-03
3.764407844159862668e-03
1.042812968840539367e-01
4.103930040428719478e-02
