4.705687313455096943e-01
4.685301812231551510e-01
-7.166574915569786861e-03
1.133160979399407298e+00
9.094085290786897424e-01
1.226797107550265498e+00
1.309949720428459141e+00
1.589471502930365432e+00
7.054738307045599344e-01
2.080965898801209413e+00
2.150026669438360294e+00
1.998242793424600539e+00
1.680926768867841758e+00
1.242746500232586149e+00
2.054603933315771513e+00
1.554012300881639996e+00
2.236206535996144440e-01
2.040991530326345504e+00
1.654881404622449370e+00
8.171525370275193323e-01
1.271625824227444301e+00
1.341504937332547609e+00
1.963142465381487733e+00
1.958100434944045398e+00
2.210877881835439762e+00
2.199522547676031614e+00
1.134285952935813135e+00
9.024014480942033067e-01
8.328879695474166178e-01
9.516260164238708741e-02
1.138301578318603013e+00
1.542812958608719143e+00
1.552032331611699623e-01
1.723715197934459820e+00
1.258373671206868716e+00
7.368111450021601616e-01
9.268079181901202335e-02
1.443809142184430960e-01
1.198919463139208386e+00
1.270146657046617555e+00
1.917189665091669326e+00
1.748933931507199002e+00
1.422587521966619306e+00
7.716063441871239270e-01
2.538339904711239270e-01
1.237938116086417129e+00
1.097785369195905192e+00
1.635955430003888100e-01
8.455068043804165878e-01
1.078452115847177983e-01
9.557191562119058403e-01
5.638631019188731358e-02
8.976096242337030517e-01
9.687971623447884095e-01
1.160716658490550168e+00
1.078445108602905655e+00
2.053698717414297548e+00
1.595500409240866446e+00
1.888640848434756769e+00
1.692432577426259854e+00
2.577919518570305435e+00
3.158368537179481184e+00
3.489478655913330840e+00
3.337685185689059253e+00
3.150547849133894296e+00
3.749814745889759493e+00
4.083213601593266517e+00
4.131997072334485210e+00
2.670436153875355156e+00
5.574042900402506051e-01
7.781944244912240016e-01
1.389396090008152340e+00
2.349706339123866172e+00
2.718637501083588148e+00
2.378252614214813043e+00
1.805732544390520555e+00
2.184434874132433535e+00
1.094268460139935284e+00
2.116042091790616975e-01
1.382057900703740350e+00
2.301373716323181995e+00
2.116067559486733529e+00
2.179426029967368006e+00
2.230276105310825763e+00
1.545097278303286803e+00
1.680356123428420112e+00
1.978817586454628685e+00
2.315667428395450589e+00
2.686660640448494952e+00
2.007342528601378628e+00
1.256782132043548827e+00
1.423385472617433312e+00
1.615517706743998971e+00
6.721631180555556195e-01
3.730552569769758353e-01
1.127296886703252010e+00
7.560022643852321034e-01
1.997427900766713879e-02
4.450622674604224338e-01
1.895383478999760896e-01
1.982078114532150881e+00
1.669371656940713322e+00
1.901159577845365156e+00
2.137244028905053383e+00
1.923932752461428475e+00
1.218248523156576502e+00
7.377733709650670102e-01
7.943300859962889593e-01
2.005854974482127684e+00
1.873638017022345892e+00
1.935377542650677185e+00
1.566530624549151263e+00
6.460499317078521875e-01
6.821162558670584852e-01
2.016965396392402354e+00
2.218738819955921482e+00
2.153205785695814445e+00
2.215802628925363393e+00
2.162801696213971780e+00
1.939402989127311905e+00
1.820132893707125721e+00
2.054478225604216668e+00
2.031438568475360640e+00
2.169368513399088982e+00
2.271612992407102904e+00
2.161077327393228664e+00
2.017880394263555033e+00
1.434834785565911153e+00
2.024117484083583829e+00
1.518130433343502173e+00
1.162324316781537359e+00
1.292944655634049145e+00
1.316842508156849778e+00
1.006613485215495318e+00
1.082819450254677296e+00
1.902908041193756672e+00
2.058089266936290240e+00
1.897433858977904730e+00
1.911993586577260817e+00
2.048729527736601330e+00
5.676094139086425017e-01
1.438749683621675990e+00
1.796067263308021467e+00
1.137488076542458648e+00
1.685982590743534182e+00
4.140332598469641523e-01
2.595121827579268681e-01
-7.316263042400536487e-02
1.394375825525555168e+00
2.127026726215770935e+00
1.971656742026511200e+00
2.021480349260428966e+00
1.770334490243012926e+00
1.689535224631070864e+00
1.421846262228491975e+00
1.280128173518102486e+00
4.964365560346054584e-01
1.679467911405475800e+00
1.831186959791864632e+00
1.795038153745979637e+00
1.735431285861444461e+00
1.073219288252561743e+00
7.469720948733150623e-01
1.408576850700896665e+00
1.751418221164322109e+00
1.876301642016253268e+00
1.740489373683890673e+00
2.170682266520056025e+00
1.473996071086078219e+00
1.086639350382991198e+00
2.324939252048705995e+00
2.398110874502911383e+00
2.847220665141701357e+00
2.708177611812863539e+00
2.374331530199231377e+00
2.134124909130224790e+00
1.675402244916354810e+00
2.807191856941346764e+00
2.779998077424475245e+00
2.841167949088963418e+00
2.942719342320859077e+00
3.033372679790169002e+00
1.636329763252774683e+00
1.402981797880124892e+00
2.457576946937363171e+00
2.903521375969739360e+00
2.643193143415262902e+00
2.001310964330932585e+00
2.262426104108244296e+00
1.461622834883006261e+00
3.754429128614815703e-01
3.112022940366053536e+00
3.338651547152421628e+00
3.224267577441633836e+00
3.300913194175633780e+00
2.860464585976809193e+00
1.291427684381088348e+00
1.342251042970166841e+00
3.116979191423876916e+00
3.574760815018553473e+00
2.598580209475308322e+00
3.527795701083033642e+00
3.320070784559664645e+00
2.914466424082036156e+00
1.843230220821562293e+00
2.686690826992522929e+00
2.611886523984749076e+00
3.790647153672645153e+00
4.380978590654801330e+00
4.065577082730026603e+00
3.458383647759772472e+00
2.686735587414962989e+00
3.832264032391737185e+00
3.312521660427538706e+00
3.093284250012127590e+00
3.876172709759988955e+00
3.476799374958673194e+00
2.333264050180147375e+00
1.453666388276519505e+00
3.097058922300427675e+00
3.036765785525575190e+00
2.972199958420962851e+00
3.146269079834416615e+00
3.972069481473155861e+00
3.299737807145708857e+00
2.514546427947984775e+00
4.040822823738209557e+00
4.528383588158082063e+00
5.182369335838588498e+00
5.524298777100689506e+00
4.998692880762032331e+00
4.422848055643689769e+00
2.362866937228092823e+00
5.202229819944610867e+00
5.517943136589110509e+00
5.915973422254191760e+00
5.568558119835911313e+00
6.329375131550806444e+00
6.141146002900102374e+00
2.670021624359619761e+00
5.777107206737404077e+00
6.417149834705799805e+00
5.705091460759087241e+00
5.239865872096768129e+00
3.827624259851261534e+00
1.837614569088623862e+00
1.466619224382344377e+00
2.436541074376895821e+00
3.364137906553742674e+00
4.144584261499943523e+00
4.218871840127841111e+00
2.798885927103709648e+00
3.818591908485942987e+00
3.570569248589179345e+00
3.752193910815601718e+00
3.349334449028719796e+00
3.779490134075105701e+00
3.167937590940181902e+00
1.159867559250520763e+00
5.076650936866856645e-01
8.018557654803235568e-01
9.938231982912464346e-01
2.949528448292467964e+00
3.262174084248055550e+00
3.317174764518721730e+00
3.388012037799867482e+00
3.327578485178396939e+00
2.312779741050657201e+00
1.522395198211059286e+00
1.815855153002918110e+00
3.194782769416497192e+00
3.573815212194757507e+00
2.919314888561700183e+00
5.174127351361790250e-01
6.498465093172389739e-01
9.573177136136077348e-01
1.875770620439681569e+00
6.983860105205403901e-01
6.357816948535616013e-03
1.246942943178140251e+00
1.040152291183614075e+00
1.297465966168033447e+00
8.298109645811646562e-01
1.857835357129091980e+00
2.378251518883246707e+00
2.166025616143080867e+00
2.368953285453286206e+00
1.465724445490191652e+00
5.343562663347953823e-01
1.044758226443502025e+00
1.546236259017393699e+00
1.376744726954930220e+00
9.665618120187362550e-01
1.314982937467447988e+00
1.328973373577073236e+00
9.148041972995232252e-01
4.138597906256116787e-01
6.273638982197968783e-01
1.021494970171715755e+00
1.094879844899956822e+00
9.718047886065184215e-01
9.661708366027674799e-01
1.061926882369935932e+00
1.285902826978907010e+00
4.996858478631161504e-01
2.245834124623616868e-01
6.264360968236637461e-01
1.103727841820847377e+00
1.288001734411792221e+00
5.302027536049889189e-01
4.167759341938690951e-03
8.185884192640352497e-01
7.698797881236090213e-01
1.104370437110588021e+00
7.729279782557598732e-01
1.426336844466261855e+00
1.373613256226888790e+00
1.129709009362450223e+00
1.328574539026317058e+00
7.975115301558195480e-01
1.363365104125509319e-01
1.300409485398014819e+00
1.590758878875366378e+00
1.935421819927180431e+00
1.636243076009574526e+00
1.038359319056556762e+00
1.422272000781659163e+00
1.373205831458934156e+00
1.817810720336092256e+00
2.198635098146846545e+00
1.377321412570730264e+00
1.360455451068838251e+00
2.590339188530002890e+00
2.959460722142830402e+00
3.121754134299789207e+00
3.165293962339016609e+00
2.548676072283665217e+00
2.314075506185328646e+00
2.048234164203285523e+00
3.137967042713369459e+00
2.370240077171843485e+00
3.082879756611834221e+00
3.319648158107470604e+00
3.110262450534635459e+00
3.042836953112653120e+00
2.986041407378411172e+00
3.158438122351002075e+00
3.073630259343900661e+00
3.158278148468550484e+00
3.050594364731886721e+00
2.626401690998840799e+00
1.806776790947976608e+00
9.303863002955240491e-01
9.385562343445934541e-01
1.905879460100432965e+00
1.494085533198410864e+00
1.571285054854226981e+00
5.210035589034236470e-01
9.907779690194049582e-01
2.478602846072326948e-01
9.676835982450929241e-02
6.175437409943045075e-02
-1.911257536661166434e-02
1.922117094758710523e-02
-1.176505610335472525e-02
