8.174129267428648093e-01
-5.127378942229649655e-02
1.242197796784832109e+00
4.504156705904134306e-01
3.432500330823233803e-01
1.037399903748029928e+00
7.892030124928500756e-01
4.251517970814631259e-02
1.400218151443433312e+00
6.594677572812558397e-01
4.043914440904466390e-01
5.469662947698070710e-01
1.898392431737362107e-01
1.020758916269267846e+00
1.806147830273132637e-01
-5.862723849537238019e-01
1.931992267640345373e+00
3.879305356635129320e-01
4.038204543918048062e-01
7.719873001158140680e-01
3.642846776327239300e-01
5.904657704329546730e-01
-5.494025167661129028e-02
8.483223579069751885e-01
1.115452304800331307e+00
3.370528849968411622e-01
-1.719160755868362200e-01
1.310232972251900607e+00
2.521963786695083920e-01
1.394338588288710046e+00
1.014065282414170266e+00
3.216135283015436053e-01
2.143242267209799934e+00
2.364916235689664692e-01
2.651393003216002686e-01
5.914545484691993149e-01
5.659719820662240108e-01
1.433168375098711866e+00
3.798798647032716191e-01
1.076950632696132226e+00
1.052819087386834274e-01
5.684322503863379339e-01
-3.284227613536745694e-02
1.551505355524288032e-01
1.132349187453483230e+00
6.610902901726466441e-01
4.169876111279386399e-01
1.219239049443564982e+00
7.275054366748148205e-01
9.503715862600643494e-01
-5.068754322390847111e-01
9.368574440039332263e-01
7.694675988463064442e-01
1.152721838910613306e+00
4.093793272040932574e-01
5.736823719418990830e-01
8.507703184535868601e-01
8.600280450478970939e-01
1.000536954438048243e+00
1.282232617243903583e+00
7.404489008961675500e-01
5.479386103686848530e-01
2.414163324946173028e-01
3.604040755744417068e-01
5.633097579424524159e-01
1.177064959901131358e+00
3.208569573648705653e+00
1.523066334420125401e+00
1.022095838347164998e+00
9.090134498398168006e-01
1.191068548002135241e+00
4.869119762310282762e-01
1.209643972715704674e+00
4.623928834389815501e-01
7.845926388468664470e-02
9.201476305579707748e-01
2.677467452405603021e-01
1.312617420731901907e+00
1.075514567024837387e+00
1.807399189443964493e+00
6.634380014475250720e-01
7.855823890107525020e-01
8.350941954653487986e-01
9.726520549124331172e-01
1.064416577374941664e+00
1.110972726596847426e+00
1.128922631461288573e+00
2.853851442694476104e-01
-2.346419068859040835e-01
3.033141690206829222e-01
3.969453935190820348e-01
7.622719538279486562e-01
5.681328578826726483e-01
3.850429829057429032e-01
1.831839582169488168e+00
8.417352713068989578e-01
5.700867614893827262e-02
2.330821214990414170e+00
7.913981068010936815e-01
1.779389433385552666e+00
9.439922215618663515e-01
9.400954269960902776e-01
8.528999350907101595e-01
2.125014657105254445e-01
-3.234844324222180267e-02
1.061748712474520406e+00
1.652124308788595508e+00
1.365546094979967373e+00
4.729202905295263881e-01
4.481423698512114195e-01
1.576304363462349145e-01
7.738577529437483671e-01
1.399331657512828064e+00
1.478111482803437848e+00
4.512326980276144539e-01
3.175599272203264434e-01
2.222174221015304763e-01
2.901594083254732670e-01
3.111048786046389791e-01
2.227185892208253803e-01
3.618705205225383192e-01
2.524456731752993122e-01
2.140474687426567324e-01
2.731519474836859862e-01
2.388142151966578947e-02
5.034105387349663285e-02
-3.421130412772837581e-01
1.087944405651489310e+00
4.726566911198321619e-01
1.174609601951093651e+00
1.706959751277062454e+00
1.451034215357512869e+00
1.698373345687685276e+00
1.748163918392561911e+00
1.587113933472898308e+00
6.377181557981076443e-01
5.561399448294961356e-01
4.299073245062485782e-01
5.007286108077858566e-01
-3.883766694722952644e-03
1.943178567473425433e+00
7.771285159930901854e-01
1.672001623703262552e-01
1.208110644873938710e+00
3.294937173510238404e-01
1.218225451912865909e+00
1.010987765293063001e+00
1.546030493698964170e+00
4.920912888758563475e-01
3.161437662530517945e-01
3.208070101581745881e-01
2.804886796525367654e-01
3.755004567008600191e-01
3.770604306882153200e-01
5.070695691728925869e-01
3.254583414923153395e-01
1.707654149364245644e+00
4.170220470881350061e-01
8.093929119814796680e-02
-9.252434330499357401e-03
2.789802275808640486e-01
1.479944848949090508e+00
1.747368323727424455e+00
1.055719086021276176e+00
8.961599152053283390e-01
9.399121913795371874e-01
1.136532379728919961e+00
1.057874329533963653e+00
1.948438218276583145e+00
1.810491821493793063e+00
1.356872076352455547e+00
1.827666245671365708e+00
1.578247065534489790e+00
1.081370480430645431e+00
7.576383773924521003e-01
5.521114637212649612e-01
1.183799157110533962e+00
9.681696320850425863e-01
1.399473188655985023e+00
5.586582273435632962e-01
9.749482359636961748e-01
-1.531924484412833243e-01
2.004615074263975671e+00
2.227708839579889410e+00
1.785552446071652755e+00
6.380797584898706409e-01
1.379695200101289876e+00
3.151614671218403579e-02
2.313014341330650758e+00
4.638825217253787492e-01
3.170943014092110879e+00
5.501265790364243680e-01
1.294342474777902430e+00
1.789068234129373547e+00
1.061915639497658104e+00
1.842252901377405605e+00
2.829337534963610956e+00
3.065618326958831741e+00
2.944770979458339433e+00
1.311158046822942902e+00
2.182870396118418821e+00
1.516423395360998239e+00
1.320499043526454530e+00
9.742455198610942002e-01
3.000030430619426536e+00
1.611207881154240074e+00
2.303459822879113883e+00
1.095159325062850852e+00
8.066782985093317038e-01
5.558107381384784773e-01
8.797698051556825938e-01
1.602389726465800690e+00
7.899949130336285652e-01
2.029784706377284476e+00
2.496886464653850890e+00
1.023214489872333433e+00
2.364483384080183215e-01
1.746915820513732065e+00
2.757486860984999844e+00
1.451373758489596488e+00
1.415325424965935719e+00
1.262616219378261295e+00
1.644039408901565302e+00
9.906254529866429515e-01
1.483357135533108551e+00
2.683039939098811999e+00
4.485762862740669821e-01
1.012240182544900335e+00
7.949377175446959987e-01
-4.069700596357198746e-02
-1.366464973728082066e-01
2.040809372043678183e-01
4.070912873332497739e+00
2.192693534813543732e-01
1.035839022990210578e+00
1.068651685958969644e+00
1.011745824733942145e+00
5.003241094436621239e-01
4.092238479547382624e-01
5.141334580717493274e+00
1.561779910457543163e+00
6.272432606101687735e-01
8.404852203647802389e-01
6.605490243477186718e-01
1.670339971360371489e+00
3.590533200011896575e+00
3.176973385189815424e+00
4.284626153644439661e+00
3.484638514625144179e+00
1.032585409441025837e+00
2.550431567609943162e-01
1.788297491140180551e+00
3.184172145526109610e-01
8.637719775099960140e-01
1.223244264342258525e+00
1.578760332199470762e+00
9.792110442816909233e-01
1.381372194327874059e+00
4.339847280730921852e+00
8.361431093049556118e-01
1.047130471402487162e+00
4.143706441690075515e+00
1.996188780665094420e+00
2.075995454191826628e+00
2.026058614222678411e+00
7.352379379058192610e-01
2.398806249635818677e-01
1.030030649304576773e+00
2.661718990518300743e+00
2.066351305274685135e+00
1.815373867955931697e+00
1.918681803216717441e+00
1.380075255079422192e+00
9.602849079392624665e-01
1.418553542166538284e+00
3.396267480677945816e+00
3.189623235316591199e+00
2.045270891829551019e+00
3.703525345599008922e+00
1.894203485223587613e+00
1.654791815935378052e+00
7.603927849264239258e-01
2.058595973741455865e+00
2.178149690109763892e+00
2.359487776067765274e+00
6.751163034757597936e-01
7.718476736338168998e-01
2.189047195140075008e-01
1.097221789288751026e+00
1.319563060137503463e+00
9.724815379649435210e-01
8.404767170093757622e-01
5.941559551218081880e-01
4.347774731675134174e-01
1.158694239147748661e-01
1.040955820439250779e-01
8.705362766162716426e-01
1.072897234198202154e+00
3.052979703830432934e-01
2.041161609561615853e-01
2.219739586785510199e-01
2.083063553483959218e-01
3.323783790976549968e-01
4.310056648617104774e-02
4.634631437652675379e-01
1.190430929112946457e+00
4.617621838822318359e-01
1.005728558697644770e+00
-2.199896773594543775e-02
6.040412432685747512e-02
1.403535764979611411e+00
3.811182110020339131e-01
9.138176372244279921e-01
7.931265397970169717e-01
1.035342600875438057e+00
4.188739760191235173e-01
1.934912047057734674e-01
1.046613137463239918e+00
5.025572113219428649e-01
9.305117297516424246e-01
1.442277406769383319e+00
2.957194122259405034e-01
8.252751399871628424e-01
4.038897724490140284e-01
1.297449986413536038e+00
1.323935301985786461e+00
6.368327537637489266e-01
1.369328332748301014e+00
1.138342698475403258e+00
1.830664123045136760e-01
7.999532432982378594e-02
1.444439587823945548e+00
1.563092197471285916e+00
1.422502775921113072e+00
1.105003209029268740e+00
6.097370944770779122e-01
2.440083196829520573e-01
6.760671120252442767e-02
1.820469720572211569e+00
1.002010545011008169e+00
9.537925513092070373e-01
1.967971858580871425e-01
9.795515700323769170e-01
2.305145701865265739e-01
5.260246776345834929e-01
1.800921952075185128e+00
1.624962138409136836e+00
2.009257155759534896e+00
1.250455571935608745e+00
1.573350723218778002e+00
-2.208355590876480146e-01
-1.365051162821233344e-01
1.083633305139584113e+00
1.001277609585456529e+00
5.061106020597148231e-02
4.243262442071202289e-01
2.936215496067888231e-01
9.112922625221258066e-01
2.273492003704696840e-02
2.297909491262447867e-01
1.296722723297161872e+00
6.571167521419261082e-01
4.115944939603933261e-01
2.142756344727518858e-01
2.137383736440241766e-02
