3.468383987765715215e-01
9.020208095568212903e-01
2.036531422458149332e-01
3.863702598707750568e-01
1.405332541457798401e+00
3.077379885485200250e-01
-8.761676983716649991e-02
7.765445897780635098e-01
1.027745235275291824e+00
2.334491193124722253e-01
1.129296258746947501e+00
9.312320551476833685e-01
7.717697883755202382e-01
-3.464025527713733288e-01
1.424016646534400077e-01
8.657411772236049963e-01
4.897635762112036995e-01
9.232108782144494985e-02
4.832073369775455873e-01
3.333898176596400975e-01
-8.446006059204959338e-02
2.767670025968410608e-01
5.383642508600086085e-01
4.848146542704672157e-01
2.340867922471980278e-01
1.586544948686381684e-01
3.391758387912190975e-01
4.872959888597744489e-03
-1.153701925893829416e-01
8.729023639666477763e-01
4.411261386174048643e-02
2.943271946701637165e-01
7.080251357834453918e-01
-2.777486067196305829e-03
2.714311941864571143e-01
-3.314669275662518455e-02
3.160351033171814317e-01
4.976228908673087092e-01
4.287100853109354626e-02
1.078286991569630954e-01
-1.933835123112028972e-02
2.189243013225509182e-01
4.668298666787503576e-02
4.155115508743053021e-01
3.398077404483603181e-01
1.402075328365209594e-01
1.543634763546475885e-01
-7.868356846492201295e-02
7.134577215318960164e-01
2.263352007093110685e-01
4.488338443818198908e-01
9.105364740134678225e-01
1.587194987315324046e-01
6.225661068411118132e-02
-8.745299220009401797e-02
1.787559635132205393e-01
9.375775518923140650e-02
3.125431558207352745e-01
3.358471886077106228e-01
2.504547250349776211e-01
1.926915818152222792e-01
9.568186889329245715e-02
1.164319434652666685e-01
1.517878583095455813e-01
3.435033775135699630e-01
3.088251252731907259e-01
2.939212153681491357e-01
6.734080905622770452e-02
1.245788813018672420e-01
3.072849773849555821e-01
4.966664476578791163e-03
5.478018519643117479e-01
1.123228478029339117e+00
4.805820037462033567e-01
6.565332595177260366e-02
4.975842622717017161e-01
2.002908141384803498e-01
9.703569713855868251e-02
1.596516634011961033e-01
2.996378384015424556e-02
3.696287515891427677e-01
6.644137219182801868e-01
4.975301901421680939e-01
4.328860824838905996e-01
4.693561205479287457e-01
1.678411641852763370e-01
3.962562375626029754e-01
2.092439973862602887e-01
1.397089251787361486e-01
3.803141804782139701e-01
2.064485510057735007e-01
2.768989755290089394e-01
2.134385915595378991e-01
3.515735848143162201e-01
4.056790392919321642e-01
3.417034480405632679e-02
1.699002012200016495e-02
-6.492978148315797782e-02
-1.762529698461248184e-01
-3.041377012920722933e-01
1.589360048922629387e+00
3.501252915595575166e-01
4.413064910717705569e-01
1.893211286107346070e-01
-9.620572538338033330e-02
1.330254846304387492e-02
4.131690448535390442e-02
1.790844025414120230e-02
-5.470841509049317181e-02
1.947507663063100525e-01
5.233593468944465199e-01
3.092972600098297664e-01
3.828301369147983357e-01
3.648587663920977997e-01
2.431535903037990165e-01
2.947284920793016294e-01
2.969912188878860992e-01
1.069115273006538691e-01
-5.561839643497113600e-02
2.761897817614923922e-01
1.730578566194352907e-01
3.374155505977701197e-01
2.544041108936334061e-01
1.435742415225944313e-01
2.386430251612851328e-01
8.761190008181310093e-03
1.483484946031906615e-01
2.310956581744695315e-01
2.378045152138486273e-01
3.000675956914839460e-01
1.542023525850108601e-01
1.925322368319897226e-01
1.245773173665701977e-01
2.211361995940541725e-01
4.709006057110561722e-02
4.111118243884231971e-01
5.146581067838162937e-01
1.263928622421502668e-01
1.115807098362453925e-01
4.985393981008277159e-02
4.413612633250242334e-01
4.256804180662723258e-01
2.623440587291858139e-01
5.889353202935022624e-01
2.946589588018114214e-01
4.618892798906659158e-01
2.783415762751490496e-01
5.229619850334691344e-01
-1.477820200440205060e-02
4.255929547004923541e-01
3.315268179753147471e-01
1.606545840994205721e-01
1.950313925609758192e-01
2.052723961447121548e-01
4.313710733695748090e-01
4.536592202868511836e-01
3.406904314942781342e-01
3.008963726829494423e-01
8.315964888375232400e-02
1.167428635851726765e-01
9.707921964608888510e-02
4.520056371120061978e-01
3.476520173775655143e-01
2.378332781522649597e-01
4.589490063714646850e-01
5.093630716486808874e-01
3.323182202769776050e-01
2.656963071078576877e-01
1.940806124294706669e-01
6.145419967206559031e-01
4.180252395439814639e-01
4.742993581647835244e-01
2.190076946926189372e-01
2.540853295861795202e-01
6.154396127225624236e-01
2.952206049212843242e-01
3.448985322875921522e-01
3.534368179550218536e-01
4.321865029043153728e-01
3.249221752463865576e-01
9.680667129165744511e-02
-1.782720335897662045e-01
2.128400977562413754e+00
1.046785908599482395e+00
1.091890465335282778e+00
6.891209040390010587e-01
5.773491780644856020e-01
3.408480973294485961e-01
4.357327240209387109e-01
2.521693093970708843e-01
5.896884391754776411e-01
6.795389191130660755e-01
7.633537812042402448e-01
3.821547257098087957e-01
1.686907206042529972e-01
5.611586789354258142e-01
9.365115498105620606e-01
5.463545518795506206e-01
4.772653679920023095e-01
2.566803755908995122e-01
3.631313748552930654e-01
8.987633276196320409e-02
1.887677875558997909e-01
7.367193017580393744e-02
2.846173726966048090e-01
3.377542897818922030e-01
2.165238423129563494e-01
2.336668520244597480e-01
2.755098694000735482e-01
-6.779743412413979237e-03
3.990554366500159017e-02
4.946128820453998820e-01
2.837826091059520994e-01
9.969379146175801065e-02
9.594151271400332970e-01
3.746158481279377450e-01
1.065768743257554524e-01
-1.178437384826458018e-01
1.180811126624695395e-01
6.149645096890032914e-01
4.360763854412794127e-01
1.069206773860849724e+00
6.691896070373964944e-01
2.899005226117284950e-01
5.408157029751561318e-01
6.457947487500047545e-01
7.014957387843204772e-01
4.439301704836142726e-01
3.522595863658504189e-01
3.563031104969376917e-01
5.359140888217720500e-01
6.228976904437473205e-01
7.054705879966080007e-01
6.416797299587214676e-01
1.342252473101047450e+00
9.993088657722459800e-01
3.909486354937423136e-01
1.398425716123372908e-01
-1.933838405345883818e-02
6.730948941771330851e-01
5.723082459145190093e-01
5.040083269175147374e-01
3.652059076346058641e-01
3.439714724228966070e-01
1.805998941311072747e-01
5.516719966030453337e-01
7.334699001373827798e-01
5.530024474744854590e-01
6.862924172556502667e-01
6.137082898279766496e-01
1.051177015071450116e+00
7.036190612430870406e-01
8.667362780552417822e-01
2.827983320377976728e+00
1.176725137076164884e+00
3.414595717278436915e-01
1.016575744712058027e+00
6.825463516207016523e-01
6.937783753572697165e-01
5.635399065931840923e-01
5.424199213259575103e-01
1.266656012027021383e+00
1.914942247126810493e+00
1.328803651237073113e+00
5.284276618926024849e-01
4.063667587076515431e-01
8.577972337664656610e-01
2.628559380150210067e+00
1.237989742363550638e+00
1.118839756142449238e+00
9.904743480007249801e-01
3.838768986192460653e-01
7.975622183518417119e-01
5.888023424237898151e-01
8.489291119030084598e-01
-2.990372561433476614e-02
1.317412771108703584e+00
9.711084892543581093e-01
3.913466219650617028e-01
1.077151147525311048e+00
5.778679923062898238e-01
8.683679112498839947e-01
2.592924982139165335e-01
1.722749289547932383e+00
6.594496845158976939e-01
-6.159235268624405624e-01
1.032696991660399410e+00
1.213131426766964616e+00
8.294324921310235466e-01
1.949265173120051375e-01
-2.398298010918275755e-02
1.044908511217405911e+00
5.899424071651406809e-01
7.151742851978266646e-01
9.886010419094259927e-01
4.324865695831893730e-01
2.603182239308877710e-01
3.615341664093356111e-01
3.218468958955127412e-01
1.347013667181949648e-01
3.848030730006897215e-01
5.594020834100198458e-01
1.122685713501631710e+00
5.813843347549437768e-01
1.641685248846862233e-02
6.742233912628731174e-01
6.456354186388241212e-01
-1.826867590674062514e-02
4.059986897360672864e-01
1.139696503244105763e+00
4.222760807413157291e-01
3.577325745832308779e-01
2.811431799307406165e-01
5.364787152258738701e-01
1.246158222084920580e-01
1.959086469861567037e-01
-2.751336390790425079e-02
9.987703222838993922e-01
3.227400135299363648e-01
3.294206594893528406e-01
2.058220211122057941e-01
-1.241241531800820058e-01
6.545670538212170486e-01
5.036992004308156190e-01
2.058143735068599656e-01
3.694400966116757890e-02
2.506552858307836695e-01
8.563059668460395457e-01
2.573269482703703925e-01
1.048121691128995336e-01
1.710143726497819761e-01
6.434809558979373012e-01
7.882043596227729099e-01
8.422833108396182711e-01
6.114891985870377633e-01
8.236589575851686884e-02
-2.626526649110024966e-02
1.424259626258530809e-01
2.896331056029488038e-01
4.436568814275806960e-01
-8.627042169819851281e-02
9.839992334958787279e-02
-1.500426548976687702e-01
5.573639878766827316e-01
9.010367302695145852e-01
8.587006252272129381e-02
1.178452255110851860e-01
2.584476934742237497e-01
5.936799877232877901e-03
8.990962770741646459e-02
2.308876144874307812e-01
3.685089980011946320e-01
2.309861210251627217e-01
2.684001920979479094e-01
2.728267639108006848e-01
3.513402334408993744e-01
5.685800995829828341e-01
-4.553643286226539272e-02
2.540078596548142054e-01
4.903150572168966659e-01
6.071479923440780725e-03
3.187951506791690259e-01
1.625553600753494587e-01
5.520761145798045444e-01
9.055249710433525834e-02
