4.542151258954827964e-01
4.521623363121385353e-01
3.662284785232614581e-01
2.827106929733843033e-01
4.425889489316409686e-01
4.687301560272403855e-01
5.221672090190558890e-01
5.196151604802365931e-01
5.427145120133356482e-01
4.874380568187057228e-01
4.562850849174507895e-01
2.313315576040319010e-01
3.512437252518108011e-01
4.155679562108810510e-01
5.301568518019975640e-01
5.294850944616553701e-01
4.945770235593021091e-01
4.986533721353642035e-01
3.829820692888639688e-01
2.937637496861018049e-01
5.397949535118849729e-02
1.343128925445426503e-01
4.524829883378204687e-01
4.461473591002014238e-01
4.725940201299114740e-01
5.063351413801419065e-01
4.730457277289407125e-01
4.753966798973350838e-01
4.368494498088710820e-01
4.035995019215231072e-01
4.390070088848576080e-01
4.250343798548928964e-01
4.702877099750470968e-01
3.510392244057795597e-01
3.635755113736390265e-01
4.601584494541857140e-01
3.582383463147198466e-01
-1.077515196712319073e-02
1.122315853143668885e-01
5.088191557587757874e-01
5.274656539539526179e-01
5.576450029665740438e-01
5.265475087388393760e-01
4.925143516621878770e-01
4.389792393412765281e-01
3.836248901847360560e-01
4.663929357633060935e-01
4.253133181143198271e-01
4.161735206321036662e-01
4.025422367378121979e-01
3.219508996775947152e-01
2.102888635958735097e-01
4.151071721338365772e-01
4.077707425596158730e-01
2.481815910898745314e-01
3.796286966119288286e-01
4.328540091734840445e-01
4.181827958928940325e-01
3.591045005375350652e-01
4.411109475215821418e-01
4.595023354086510414e-01
4.713753792661545816e-01
4.889385472624276363e-01
4.702939632929422631e-01
4.168078259735816804e-01
4.127373220642648333e-01
4.941217809785075632e-01
4.830403077057331407e-01
4.957856644087328957e-01
1.555038028262463456e-02
7.319429297508567300e-02
6.059421719376557880e-02
-7.834625014205580731e-03
3.890235559063692783e-01
4.838619375940028111e-01
4.969817606944986754e-01
5.341225249407153264e-01
5.140173315557664546e-01
4.912250480073629966e-01
2.618750627164754263e-01
5.225022615222252309e-01
5.670351552540768836e-01
4.863146257037783138e-01
5.328433641305111435e-01
4.630432645525144331e-01
2.794326082387751931e-02
-1.588976879259615393e-01
2.353998710788122728e-01
4.752039467978558807e-01
5.085277270860782961e-01
4.518052420301138516e-01
2.634465620723947521e-01
3.163586284804127402e-01
2.319053678942152030e-01
-6.791050301525577426e-01
1.501505299617315325e-01
4.725786628763960495e-01
4.687861777528440355e-01
4.551201226877594763e-01
5.629297831993105294e-01
4.496636717926357218e-01
5.478890292113162142e-01
5.007059417651069655e-01
5.759720596309410023e-01
5.891073320581662331e-01
5.689640150794731399e-01
5.775253641473377941e-01
5.836572926264452787e-01
6.253394673421681649e-01
6.882276971394434284e-01
5.701174650103650876e-01
2.938122205927105046e-01
5.402004458879476889e-01
4.398700014470219299e-01
2.319055075548622780e-01
5.351003653099870583e-01
5.207565375109143302e-01
5.658914187471945079e-01
5.343637836470559455e-01
6.330408699271234951e-01
5.522695534374648663e-01
3.253887951167128145e-01
5.528766263668483116e-01
1.190554497212242130e-01
3.876463930610937747e-02
5.432580717101366252e-01
6.429171020131572156e-01
4.190557524738122708e-01
-2.631621432055226695e-01
4.273338700157794379e-01
6.454632990439526097e-01
6.130426671027288110e-01
5.848031740901467046e-01
6.741267245240573081e-01
5.525023567610994890e-01
2.182401941297261450e-01
6.165314989644767874e-01
6.503431048390095892e-01
6.959990083180942477e-01
6.287217646889400324e-01
9.405871703460588762e-02
-7.597226875603532159e-01
-1.284573137820175515e-01
1.553482319548761259e-01
4.820868190647591423e-01
5.698159154978510443e-01
6.012554339263618264e-01
6.731652950967687010e-01
4.669135828537993027e-01
1.928434687605660169e-01
5.937603311743636647e-01
6.082400589941567848e-01
6.147300131383004462e-01
5.650463844822344317e-01
6.564333450154040683e-01
5.897918252756016999e-01
5.450472198342157792e-01
6.750667837985422359e-01
6.865912933887605707e-01
7.036574961059391953e-01
7.253865494342057740e-01
7.309204739310513066e-01
2.811611305691081308e-01
-6.042217390586911846e-02
6.139150692913034613e-01
7.509103149909830410e-01
7.458787489164182549e-01
6.631287978907772773e-01
7.269392805455903162e-01
6.284742512167323936e-01
4.471572417146722489e-01
6.699386676509553329e-01
7.261075355049675384e-01
7.807891758732821152e-01
8.254281114419158571e-01
8.286161238996314626e-01
7.621073750571816241e-01
4.997168885781861913e-01
7.724497207529203990e-01
8.212650231519724731e-01
8.250109093329087706e-01
7.979339737089623519e-01
9.075063203624189612e-01
7.589813600153535456e-01
7.686461807190705375e-01
7.998058489687294159e-01
7.123200817378042560e-01
8.371191625695545424e-01
8.829481850895630757e-01
8.370712454430923044e-01
7.494581732616460990e-01
7.142313537968135728e-01
8.167630750179200039e-01
8.654688118859463763e-01
7.992495350264883225e-01
8.429985595497100359e-01
7.989773300281559631e-01
5.083943585171805113e-01
2.908860842710564998e-01
7.384320144364854288e-01
8.418677333080231140e-01
8.245947781165371415e-01
8.116090111928431217e-01
8.284928337503717488e-01
7.216810068496450903e-01
5.076512868551692481e-01
7.802207758603365573e-01
7.887835977063581971e-01
7.324988239387872913e-01
2.215466304992891322e-01
4.953244953216999757e-01
1.151665376223984794e-01
5.377407589526833620e-01
5.919291483075354021e-01
8.335629008967551101e-01
8.589077168820136166e-01
8.600569871654749621e-01
6.540224954671602919e-01
5.835206035160377391e-01
-2.502516620901931166e-01
4.044377837186864388e-01
7.372560309579335724e-01
8.924297797527223075e-01
9.431948357970832975e-01
8.450120185583920307e-01
4.455280215902119312e-01
4.382648058871488339e-01
5.871806192835955507e-01
3.485455463745712468e-01
6.841220683889654985e-01
6.883804751017928991e-01
9.195088623917004877e-01
8.574714037206081496e-01
7.362897652597044651e-01
8.212701398882613635e-01
8.589154839484796078e-01
7.939007657620866798e-01
7.868850768663271378e-01
8.656742016047227484e-01
7.985066879612663371e-01
7.434202564925895818e-01
8.209190237507639765e-01
9.644173676185923139e-01
9.961348433215946319e-01
1.049459192590372680e+00
9.770324153518510357e-01
9.760751795981268408e-01
8.332620795576524131e-01
1.089104221182742638e+00
1.156966326568296788e+00
1.151193178490636182e+00
1.132104986034744298e+00
1.244838303466768714e+00
1.206994165308701072e+00
9.118427000928583936e-01
1.149688848904981020e+00
1.222099372872363254e+00
1.401017509908821790e+00
1.293426026678632601e+00
1.350473618142369103e+00
1.215219939686918771e+00
7.990890246314328316e-01
1.079972970051457759e+00
1.308244757009238590e+00
1.079975001185683903e+00
5.075855819402070868e-01
6.815431488948135996e-01
1.115218789171872116e+00
1.089884576896411605e+00
1.135051539054048986e+00
1.111584644297181512e+00
1.007205512603384090e+00
7.524471085842685536e-01
6.234344135522009722e-01
9.591987751670678630e-01
1.412437347991710446e-01
7.732775204096544730e-01
1.076416108069445432e+00
7.224961992142056033e-01
2.672739824592443192e+00
1.753515859445207825e+00
1.119541511440891313e+00
1.104683936001162436e+00
1.288377994363076873e+00
1.006394153752600884e+00
1.546832900060048477e+00
1.343028718819807565e+00
5.780490429873381686e-01
1.402220659657777757e+00
1.179766773485137810e+00
1.259725521933152015e+00
1.064465680013708448e+00
7.386423544338696634e-02
2.504014591629535325e-01
4.775167134619527909e-01
7.921105264835213156e-01
1.075259806354010195e+00
9.408744358159779608e-01
1.317739887596995674e+00
8.514929016008085938e-01
1.326493494208174528e+00
8.648572606332015633e-01
7.428293609311192869e-01
6.178700187644092789e-01
4.364687325297466614e-01
1.369718208569899787e+00
1.465832802776894317e+00
1.567355821887434608e+00
1.282308245656563539e+00
7.638623294857194157e-01
9.080638090963100151e-02
6.692533926520762844e-01
1.607647304605536620e+00
1.138646396655604853e+00
1.704245635143619486e+00
1.619113711250317333e+00
1.196050910385908050e+00
1.686871437630849790e+00
1.698541019539060448e+00
1.763432164006261793e+00
1.706493349319182506e+00
1.006708083004178134e+00
7.731042439803613719e-01
9.662653480195328992e-01
8.558545027671700112e-01
1.604987180368260047e+00
1.644033277700553075e+00
1.991906399221814228e+00
2.102243924755370585e+00
1.601752841988910436e+00
1.708777450126409470e+00
1.948119110206434135e+00
1.545202979362002793e+00
8.749442700981082677e-01
1.054419663236308757e+00
4.986721629148279100e-01
1.260370136980840439e+00
1.894684298155791202e+00
8.944427758319337673e-01
1.962481285068402137e+00
1.300175963269551538e+00
7.952320106686968648e-01
1.990410545695463718e+00
1.744980763596329254e+00
2.194810382050459197e+00
1.204018315221419888e+00
1.596996473587946497e+00
1.715923811915493147e+00
2.196999193624112667e+00
2.514198601659704213e+00
2.735492693634786310e+00
2.674902726268602926e+00
5.523023491143791430e-01
1.622064121681077165e+00
3.209311034780566896e+00
3.573725347480808612e+00
2.831545460343219744e+00
1.134371671355070665e+00
1.671896313550026214e+00
1.463654352333488173e+00
9.076259591123441162e-01
5.278748030857720597e-01
1.034517399312525843e+00
3.463722483200079583e-01
2.464594497242833786e-03
