-6.143977077477125529e-03
7.478009912816156735e-02
7.304258411425569595e-09
2.698734082930102640e-01
1.359235988396707562e-01
6.934595192494640015e-02
3.071938413585425520e-01
4.560583447486838415e-01
7.336943919421828886e-02
3.532410486425653640e-02
9.282587708946661575e-02
3.321164556550300628e-01
1.435071491992965520e-01
4.044859002480959975e-01
3.492980402953997920e-01
-9.712608689416684827e-10
1.075634930067197598e-01
1.607022524283739928e-01
7.509328437396552147e-02
1.454517723705583410e-01
3.454680797309230278e-01
4.419801370592014167e-01
1.068686727439905060e-01
1.202928667161833470e-01
2.073613783354099904e-01
1.272639682223548341e-01
1.393956391374155945e-01
1.022469273471218465e-01
3.453736412290075997e-02
1.066198293346643650e-01
1.075742796272820545e-01
2.214342629052503675e-01
1.360081917077599067e-01
1.399691613974602955e-01
2.612936584504461091e-01
7.929105026509392085e-02
5.723480077731017021e-10
3.734554672895352700e-01
4.608133932669922217e-01
2.034512509201361896e-01
3.497885135718166172e-01
5.401173515941353198e-01
1.700478379583763855e-01
8.856086760661825708e-02
1.252521309451578237e-08
1.774988342601642732e-01
1.210879196983692951e-01
1.606580581101814120e-01
1.092613802535043199e-01
1.367816242468112287e-01
5.123071437007691020e-02
3.147123712199712542e-01
1.926189320856918630e-01
1.031496383068016831e-01
3.028077470737290944e-01
1.797746991379101378e-01
8.721582257935496518e-02
3.642743656379707901e-02
1.777547827333603170e-01
1.848397010770846394e-01
2.713344986852467278e-01
1.624503654582821754e-01
9.003736640279989822e-02
1.198214649913373342e-01
9.011205678411013387e-02
9.238737679314318330e-02
3.699424315922981710e-01
2.544435123043731761e-01
3.799169177060728736e-02
4.507385563477399604e-01
6.133518622968703315e-01
3.677479456406385072e-01
4.701102070236433672e-01
2.269257765980072505e-01
1.406874604447333754e-01
1.860474275216469353e-01
2.621880219391475308e-01
1.578530111123698509e-01
7.682143407303829163e-02
2.484300109405742363e-01
1.950720651133708849e-01
1.160758328398845407e-01
2.411878279110312440e-01
1.402921715180779350e-01
1.553206390018746774e-01
8.501540026991882826e-01
8.562460080631744130e-01
6.667903089035751574e-01
3.226194103224062637e-01
3.116539041623906381e-01
2.090826534762932898e-01
5.619382581680438804e-01
3.162612290275351734e-01
3.528847880472489873e-01
7.333212919892178050e-01
7.133960910839705072e-01
1.604352766445385492e-01
2.910632608052398096e-01
2.669273753142042405e-01
6.323624306039377269e-08
4.984798892376049451e-02
1.503622875860691210e-01
2.975790047455359466e-01
5.096804046544328726e-01
3.744154248856261802e-01
2.259479157493350099e-01
1.196244817129947097e-01
1.494965549950303951e-01
4.531344972063435783e-01
3.342460237213636942e-01
2.420786632942921179e-01
7.958829164301178816e-01
3.406574785254589122e-01
3.549062398834754162e-01
6.274105196674580887e-01
3.090014658304718886e-01
3.135233289597967876e-01
1.963907400485660482e-01
2.730776177596446752e-01
1.285848108112281341e-01
5.003905941568036198e-02
5.381415884262186200e-01
3.341259137680856472e-01
4.617483181193557384e-01
1.093904074230514611e+00
2.489888532043907643e-01
2.497459810378988010e-01
3.209935635925511010e-01
1.045781454915704733e+00
4.508280170419316502e-01
1.072451149192261005e-01
1.240596194881727898e-01
1.093587199922411574e-01
9.674197462645471590e-02
1.388824651235758545e-01
6.787671783887524457e-01
2.690137513131162228e-01
1.766784336758969176e-01
2.315632107227656167e-01
1.939137769967083924e-01
7.348713369160483344e-01
1.081709956436998743e+00
8.775480197740436195e-01
5.452077964485162465e-01
3.980801342042501467e-01
2.204517976335367280e-01
2.120264757458930061e-01
1.739597087158296917e-01
4.007758488042542089e-01
7.914001530669142470e-01
2.502981689084737837e-01
2.233556731250390393e-01
1.522462761488903027e-01
1.296445560881463455e-01
7.716559183362829699e-02
5.471760039734881176e-02
1.474856769535247969e-01
1.359226251240709671e-01
1.588636469663883277e-01
1.338817198046712009e-01
1.087468669750296518e-01
9.026983264154730957e-02
6.512019440756248168e-01
1.017677729999307834e+00
4.286987514365854235e-01
1.613536121086369679e-01
2.301034174441244917e-01
3.848835594849343011e-01
2.098339212944837773e-01
2.263623793236586301e-01
4.740028488353529301e-01
1.992172676855268332e-01
1.582270704830332497e-01
3.879337748183775414e-01
2.768793143100246601e-01
1.147735690125816499e-01
1.204404671330319282e-01
5.193814696252979646e-01
2.736405595371075861e-01
1.142736030495068306e-01
6.273429456759314904e-02
1.049562275688307456e-01
1.220109003931191954e-01
1.997568985197801517e-01
1.305816792944848315e-01
2.099523246980451729e-01
2.598745897711132735e-01
3.145908001963672596e-01
3.605103056291162344e-01
1.062028550772792929e-01
1.289251764970108238e-01
1.861579814393156673e-01
1.932599362073646465e-01
6.743121608479930862e-02
8.300843764705111150e-02
5.090074408007460444e-02
5.806473613147042356e-02
3.884859459639548040e-01
7.927728576111465753e-01
3.137097686448017120e-01
2.124473931956489536e-01
1.965460404663068872e-01
9.434147066452581998e-02
1.627946400579234898e-01
8.195032654273291806e-02
2.948071803083999742e-01
1.750968888162207360e-01
1.704361699841649147e-01
2.970751671794170656e-01
9.678268816369284266e-01
6.090221653502099208e-01
8.080889906087813657e-01
1.252690108013149728e-01
5.065219649319337991e-01
2.205463555970546830e-01
2.630886350653048322e-01
2.336263854600932610e-01
2.016989021709992558e-01
8.298805980268300631e-02
1.126461417908466878e+00
6.470017076358746122e-01
4.675191146126247421e-01
4.053955531566869053e-01
3.277024463915755859e-01
3.578055987606421628e-01
6.743121700948740971e-01
5.590486154467677604e-01
2.886160218117612697e-01
5.772056172592574530e-01
2.626986470620318315e-01
4.297633566610191136e-01
2.594029083817224746e-01
1.379728550261738185e-01
1.017475558610862196e-01
1.922813068085604538e-01
2.364249337924921590e-01
1.486108188104780237e-01
2.559565323069734055e-01
2.020965455221514218e-01
8.195446346146911809e-02
1.267229968682720698e-01
3.413853447381833273e-01
2.444837603324201136e-01
3.138095011280849778e-01
4.194679633803414243e-01
3.951772372644919984e-01
2.786439312798644763e-01
4.711729998319652002e-01
6.321543610518196576e-01
4.272874646043196556e-01
3.115636106007814710e-01
3.752114563222492261e-01
2.070552741837136113e-01
1.290566993622669634e-01
4.767498285019139970e-01
5.842685590025515907e-01
3.970181101957109826e-01
3.263163556910731455e-01
4.727367761989491046e-01
3.478684828089644299e-01
2.715544359171470634e-01
5.381323651778822104e-01
6.756882365574891081e-01
4.416403564028655304e-01
8.173493577628349049e-01
1.023208695455498862e+00
1.301113821187431796e+00
5.340703199871876805e-01
5.576776745195263230e-01
6.617459295740190095e-01
9.143382460518409971e-01
9.780885237047329817e-01
1.538520510139066211e+00
1.517517530892119604e+00
3.995864700352280141e-01
1.107172802516880994e+00
1.327574570767731998e+00
9.650280777715688485e-01
1.710330468195796261e+00
8.675116428478301112e-01
8.137199866384587921e-01
1.146423291773973840e+00
1.089289798460876257e+00
1.446587423146727724e+00
1.362974230153903399e+00
9.036826377682023459e-01
9.068228743870004882e-01
2.037840625400392014e+00
1.214808582690173777e+00
9.364281943635793803e-01
1.287764692746266482e+00
4.678833550916521866e-01
1.414220622144694239e+00
1.198564674326718205e+00
1.017951344370999767e+00
1.275453123162354707e+00
2.627307547159981604e-01
1.375504571668439535e+00
8.874318203351838630e-01
1.624387270267459993e+00
9.765217712926372862e-01
9.557520619557982045e-01
2.941447029613450947e-01
-1.765681646744686473e-01
1.162122580991548526e+00
1.088397291021135027e+00
7.254171146731021036e-01
2.124149719362883049e-01
5.137262756254651341e-01
-2.852856645426003410e-02
6.723910974124183149e-01
1.884316228656525594e+00
1.625518448631561030e-01
1.112619593099344328e+00
4.329590257275198750e-01
1.537146076231041547e-01
7.769320080235099235e-01
-1.522086811787732273e-02
8.785530430346697450e-01
8.467134311528053958e-01
4.094368241879991349e-02
4.278496572907791728e-01
6.649380965159842338e-01
5.160494616445813199e-01
1.253696195190855178e+00
1.111378986999702612e+00
1.298859609777260893e+00
1.148642443322548390e+00
4.952364546984164839e-01
6.842068815555834016e-01
5.932167521787212738e-01
1.765446197301667464e-01
1.910485792013338013e+00
1.024480369242542155e+00
-2.940214382905674828e-01
2.404559072078025661e+00
8.373957495508814741e-01
1.110501396647944200e-01
1.287343307568272754e+00
5.827926058366446060e-01
1.131164537894262301e+00
1.653522203238774191e+00
1.086739291071281421e+00
9.774051460958563808e-01
2.845698727543721773e-01
1.283839375967268603e+00
1.404404366573475338e+00
1.831833738177867765e+00
1.034025303752595715e+00
1.196814707584649806e+00
8.374827399139305184e-01
2.467071339067817420e-02
1.207162168763872945e+00
2.480177620036467356e+00
1.921777902278595906e+00
1.002419091386156369e+00
2.215679350733994746e-01
1.191864489431411434e+00
3.716249218750138361e-01
3.870022817903069345e-01
9.181745521975189783e-01
8.042544922399548213e-01
7.484446124763748376e-01
5.365918453296221191e-01
3.807215887911113428e-01
