5.299503065320877448e-01
9.763531412346281302e-01
2.328112151160643961e-01
4.766745572562725020e-01
1.690438858723245508e+00
4.343070079024521357e-01
2.478107141080534981e-02
9.710026921268198885e-01
1.017237930938440726e+00
3.690754593923600835e-01
1.150979353474437694e+00
9.569096432149047926e-01
8.594399469211581044e-01
-5.624649495586268172e-02
1.925290222053766820e-01
8.441802531504802865e-01
6.196168654031974921e-01
1.863562345940446008e-01
6.112110748011660988e-01
3.608575174187846901e-01
1.704598219363286635e-09
4.584188418147288058e-01
6.323898787910198216e-01
5.485498050502685130e-01
2.682725031938670290e-01
2.827242699742293919e-01
3.724963749002417335e-01
4.872692825335807664e-08
-9.730278035962806979e-05
8.612947127367782674e-01
4.548914633700714694e-01
2.219303840383836934e-01
7.886491392881486151e-01
-8.173235549396515309e-02
3.854349118381490413e-01
2.908475784478960491e-01
2.997529868932585773e-01
7.257168817619239487e-01
3.099239111687888681e-01
2.407288954135167192e-01
2.230183296304282248e-01
2.318740497069059214e-01
1.418361702258893464e-01
5.282089508763696539e-01
5.573620974305275588e-01
3.363789115929164963e-01
3.189242934397622520e-01
3.396222638910225688e-01
7.945649290492814432e-01
3.119076546295446173e-01
8.312997783674387353e-01
1.073384905550381685e+00
2.022848138151102371e-01
1.364462805405507462e-01
5.336443328347462850e-02
3.684800731362122272e-01
6.157354375082275677e-01
3.952007451000139060e-01
5.246391044980930340e-01
4.568503782379009226e-01
3.663272055694332119e-01
3.583944776541500565e-01
2.439436754551587982e-01
2.272932089475034612e-01
3.936625280149627648e-01
4.095663920174663075e-01
2.890399129484705343e-01
1.313264076117675594e-01
1.441527532286797086e-01
5.781407601300738719e-01
3.498903957437439760e-01
1.122456988927055255e+00
1.408755352107095016e+00
7.729061696609339505e-01
2.984621754392383641e-01
6.459138090931756393e-01
4.482903640038472526e-01
2.625325550692895193e-01
3.228576751228477426e-01
1.074682906371182273e-01
9.371735679593595769e-01
1.009252174104455113e+00
1.108638526611561481e+00
6.277459819703470334e-01
6.474991781046144368e-01
7.178758445234952879e-01
7.303399601180859957e-01
3.407505018510128547e-01
9.190190437230938425e-01
5.342391263434662640e-01
3.598562840021184983e-01
8.912074819450910290e-01
7.311056552189878488e-01
5.620119999003774236e-01
6.884820140780311126e-01
2.163267038490699901e-01
1.311629362482611971e-01
1.262422537540386358e-01
4.938995256589668315e-01
4.260135007959960363e-01
2.288135132115628689e+00
4.254757850989447920e-01
6.255147338428563852e-01
3.619398430253479848e-01
2.384942516678571489e-01
1.631649440501388992e-01
5.290005720278815327e-01
3.855946012722016869e-01
1.161892481211633577e+00
4.569463615651007671e-01
1.262803965059876132e+00
9.726333863673817248e-01
9.868538231878812850e-01
4.843612393003380867e-01
5.942277160029758587e-01
3.661997313184629510e-01
4.244925955110051552e-01
1.725188660444732236e-01
2.696697626959555505e-01
1.128364950681265189e+00
4.259749307070185842e-01
4.872566398624863515e-01
4.888161434453170973e-01
4.417374228274634218e-01
3.038014884516754277e-01
3.320862807052071819e-01
8.875603576729874655e-01
3.358281943605146425e-01
3.979347540467347288e-01
3.432870208317747029e-01
2.949488428475536272e-01
3.918603568428716266e-01
9.375847287899961024e-01
1.094139779664149437e+00
2.873219941460663507e-01
8.569881756676500650e-01
1.183032556444370664e+00
6.066604081721568287e-01
3.636898427016932445e-01
7.484186933317051871e-01
1.102306979751928040e+00
6.811960889418644527e-01
8.839123322846730302e-01
7.308968553087633602e-01
8.354797346365957500e-01
1.054106035196081148e+00
1.033273552420561181e+00
1.889124419191534399e+00
1.714844267093309949e+00
7.005741553044136927e-01
1.116241768084712982e+00
9.426058830657078058e-01
5.902819922186073320e-01
8.511981428525545734e-01
1.165355241483696958e+00
6.839756800748283405e-01
7.366770427423009471e-01
5.243288010893641937e-01
2.275993262778327475e-01
2.720269232247525815e-01
8.783096322284398294e-01
1.229950171846588391e+00
5.738348817879103114e-01
5.721756270471127781e-01
6.418491414468706635e-01
6.645195035092397173e-01
4.503827777088309503e-01
7.935538529303005628e-01
8.456271205765664156e-01
7.508130403281938481e-01
4.538216563017454797e-01
6.116296371391812814e-01
2.015531583649552150e-01
4.137562842196780832e-01
1.203551658197641983e+00
1.378823395334979551e+00
5.612582900890079607e-01
4.948209834819940478e-01
5.273303712594868964e-01
4.200847637539603663e-01
2.443329446618749679e-01
7.616467167577457564e-01
4.882511652116143352e+00
1.818319977139700949e+00
1.635301253539463540e+00
1.108248458150339788e+00
8.272371862982259572e-01
6.215571346383794715e-01
8.635820419279084392e-01
6.873109881041290503e-01
8.372522376517456122e-01
8.563923181906570870e-01
1.101377787795818408e+00
5.041721643003512776e-01
3.238599192397183524e-01
7.735300510252571815e-01
1.591129898483418126e+00
1.095211513680165227e+00
6.186521801418721767e-01
3.937002627575300062e-01
4.671348017216915838e-01
3.139075853948486983e-01
7.052572334576989732e-01
9.256763199822980459e-01
4.521327969646927736e-01
3.660209599795088975e-01
3.224156387624259046e-01
1.688976007704775795e-01
3.740792619639489169e-01
5.741067690393634182e-01
1.237992527401055254e+00
5.926897913724170630e-01
4.863430737134381010e-01
5.644289939272626455e-01
1.075715156339313694e+00
4.695541566975268144e-01
3.714637667916563801e-01
5.512262771353365620e-01
7.213036098230461990e-01
1.103421557690849930e+00
6.977130895323608861e-01
1.276176475275937472e+00
9.181028272066034113e-01
7.903999329888634628e-01
1.027728948921402763e+00
8.091927378643835045e-01
8.929389753743915970e-01
4.773681268645078024e-01
3.375253291079596263e-01
3.910357311167398930e-01
9.690392913090318805e-01
9.957808598740616191e-01
8.444490445936204681e-01
7.518679866087261132e-01
1.466959688284082297e+00
1.076715444879528860e+00
4.086600017585045319e-01
4.821240641585169961e-01
1.581786670843358666e-01
5.725912081600057491e-01
5.297313649242587630e-01
5.191344655849772227e-01
3.839205758961711235e-01
3.381911361844519015e-01
3.719835738680438153e-01
1.008680701091982046e+00
8.443761844514036108e-01
6.103436162842977852e-01
7.319772950037404247e-01
6.327795084156878636e-01
1.038536909507899342e+00
1.048823546565906373e+00
1.222671082923372010e+00
2.878076002143413081e+00
1.274175617212650824e+00
3.635490708660965575e-01
1.097340480138354835e+00
7.870565044069446348e-01
8.213916849941023113e-01
1.011285301466035014e+00
9.167037676737863627e-01
1.857346851628468576e+00
2.269198620164062596e+00
1.390479371191850388e+00
5.840545903285335738e-01
5.130204895918177854e-01
1.280786410921423979e+00
2.666799820478075844e+00
1.366015405594543930e+00
1.208615696203340750e+00
1.085898944781415576e+00
4.469552565254707455e-01
9.912967261177371148e-01
1.067907483883164366e+00
9.993614268918957766e-01
5.245253552277894249e-01
1.497545956632500452e+00
1.035514221640264632e+00
8.657715664515499565e-01
1.448296270257961815e+00
5.865020498626521972e-01
8.905041521872739674e-01
5.990346159929256231e-01
2.057138853591185423e+00
7.467229288285763822e-01
5.519502366766760870e-01
1.137139126794642463e+00
1.145393361881542615e+00
9.036151125653740790e-01
5.589744932265841015e-01
5.583644456350242979e-01
1.037194414134129605e+00
5.825516854211840734e-01
9.968969154488219742e-01
1.009172732018784435e+00
7.062342653670942161e-01
3.050229431847215622e-01
4.300711767109863803e-01
3.566077652472700588e-01
3.432794698426420710e-01
4.687828688310659020e-01
5.260279197667407924e-01
1.355218194043884994e+00
7.074232322829415720e-01
2.431799672476864238e-02
6.851028302142968540e-01
8.159276014624917694e-01
4.223002442212067664e-02
5.629651689082300070e-01
1.310775028808714326e+00
5.391890558517006271e-01
4.381730688349146918e-01
3.232748869796892022e-01
6.054268092273662472e-01
1.777464410021896146e-01
2.413353600413666866e-01
3.029383832654866104e-01
1.034735023695930067e+00
3.369691593971352317e-01
4.963683964557105699e-01
2.652614910904578238e-01
-3.041336427962964759e-02
7.380174943845918545e-01
5.648702282877940961e-01
2.162211576258153412e-01
2.269050293637049076e-01
5.991294189524940528e-01
8.702830053140584443e-01
3.230404563663372142e-01
1.921652635078096305e-01
2.788529984518405835e-01
8.347151131401487900e-01
1.088612409391183755e+00
9.855288913184836463e-01
8.266871689219139618e-01
1.609515550843562959e-01
1.129604673441251261e-01
1.708205066563987795e-01
3.572436312430405936e-01
4.646333165125944853e-01
2.207744889781024233e-01
1.367602293172790751e-01
4.304031447459623003e-03
6.118400465248685638e-01
9.561882339278232612e-01
2.449589023593324588e-01
1.518404393000794550e-01
2.931177244621829270e-01
1.799238318651403823e-01
5.247572027631122737e-02
3.130193508683970505e-01
3.976653017904396292e-01
2.650143120966112487e-01
2.362517549946138717e-01
4.787084774207620574e-01
4.094902150942489882e-01
5.866581288725402077e-01
-6.702583771751400438e-03
2.933720082788066619e-01
4.592010352982082710e-01
1.458345399818797294e-01
3.508090454615330755e-01
1.958725827558970567e-01
6.201287002534283666e-01
9.343386294425812255e-02
