8.389808486098758733e-01
8.547563292551926817e-02
1.214389105335629715e+00
5.147744959515677676e-01
3.581228175977346773e-01
1.160240315441094738e+00
8.138039559622300967e-01
2.347770364498482643e-01
1.351025392578757200e+00
6.961448637474727530e-01
6.355126764050579302e-01
6.244113136111315576e-01
3.203434768049233106e-01
1.053028739732393637e+00
1.421050348714503475e-01
-1.947101214040263262e-01
1.981001789709927685e+00
3.742188153089708869e-01
4.181890186740954696e-01
8.206174983550842406e-01
6.675021436635368843e-01
6.488746398260759607e-01
7.352432061249300488e-02
9.185474957281044572e-01
1.277173744572101421e+00
3.972822301367001097e-01
-1.983341194199541579e-01
1.317439800880046974e+00
1.528903011278889399e-08
1.339491389498197460e+00
1.055888366927719257e+00
3.162409410864689963e-01
2.170392951348603550e+00
3.020789322389525466e-01
3.391544895259573922e-01
5.326034251916899054e-01
5.801502477496508492e-01
1.573115767790508990e+00
5.654805728778807827e-01
1.011430547746823505e+00
1.182672193991483461e-01
5.343793450302440906e-01
1.448328255409631615e-01
3.046354803993088223e-01
1.265871323216858135e+00
8.552092241288276053e-01
4.776634480027994734e-01
1.104842848021470259e+00
7.770416927990314582e-01
1.011422235241382195e+00
-1.064591383287527560e-01
9.100633322736488839e-01
8.164615408132733787e-01
1.214052913467914996e+00
2.962095357360384762e-01
5.849582685709242558e-01
8.998157385047309553e-01
9.823574129097890628e-01
1.284036930179222491e+00
1.355565052505799173e+00
8.570933602211484592e-01
6.373574958523290368e-01
2.813298413542726917e-01
3.053927075415163173e-01
7.877234071631147305e-01
1.163609558538534872e+00
2.931408822314329310e+00
1.755654558750609828e+00
1.167187591408340053e+00
1.493356499005634719e+00
1.144684001190329425e+00
1.300306011105898607e+00
1.508049705307883404e+00
6.966379524804710011e-01
4.371829245781844175e-01
1.415821213668994716e+00
3.896382449780912416e-01
1.198326003237146331e+00
1.153443518200135909e+00
1.812999335176364246e+00
8.506878440841737499e-01
1.145552324093915386e+00
8.653388017713758984e-01
9.433295610987845192e-01
1.409339328971102923e+00
1.117698801202102299e+00
1.269419088435441045e+00
5.536201241666488526e-01
2.279787893411026611e-01
4.842290724090795861e-01
7.666544551936967933e-01
8.037402068782759645e-01
5.562836361262433194e-01
3.900669054021590476e-01
2.215784664593417830e+00
7.564903308999653131e-01
6.057213056889998448e-02
2.197620601390594786e+00
8.440007731912380073e-01
2.138897399386535003e+00
9.752908611163255692e-01
9.397989653938375598e-01
9.510040867399939257e-01
4.065171505235173899e-01
1.535027843014638016e-01
1.189461748270172814e+00
1.649326775949240487e+00
1.484988462366731987e+00
5.301593139442372093e-01
4.587790953617668643e-01
2.861107201195201011e-01
8.974401980726878225e-01
1.397160563569318725e+00
1.478123241767885787e+00
4.849859150355192439e-01
3.963550514356689036e-01
2.789930327767868312e-01
4.499912902551188587e-01
3.429287972230752879e-01
3.421667820641798308e-01
5.290419607880403330e-01
3.603206396405589929e-01
4.140464203571167512e-01
4.397145772531273478e-01
1.362345020638327797e-01
2.631682284952319151e-01
1.932539728254681066e-01
1.137624982022775066e+00
4.910103650658424468e-01
1.307641248481240082e+00
1.701170883987253468e+00
1.398754881767675373e+00
1.739338483682778547e+00
1.745309683664561184e+00
1.598167820139845929e+00
6.789283854434839949e-01
6.320416908976250747e-01
6.343826298833604715e-01
5.248755701192526768e-01
1.184530577777158367e-01
1.954067873529719224e+00
7.901019729083185172e-01
2.577057568206942983e-01
1.134729882938005030e+00
3.637104941193630703e-01
1.467483312940980555e+00
9.944412173847767544e-01
1.474018505922991107e+00
6.014816988112149376e-01
4.515018015723920586e-01
3.674011243713544705e-01
4.046571042968583609e-01
3.926569601349472749e-01
4.232690365805002464e-01
5.618315214314880679e-01
3.257205394731919612e-01
1.862187492786879783e+00
4.571958508882573158e-01
1.206585919100655324e-01
1.236362888335175159e-01
2.991769322375767981e-01
1.501285392496513493e+00
1.796017564973545699e+00
1.009370843703551790e+00
8.422252462547940022e-01
9.200676600470761857e-01
1.204554707602121466e+00
1.373065127702989718e+00
2.017379329910861330e+00
1.827936685140999939e+00
1.643907962583372573e+00
1.889605891999665888e+00
1.795638451076899678e+00
1.260159403100460818e+00
9.992239640388511646e-01
8.868606477368152774e-01
1.995118764083318563e+00
1.095226475464648797e+00
1.538163032549032527e+00
7.814708919313205771e-01
1.166276561853390348e+00
3.385286340259083260e-01
2.277101917832944800e+00
2.301725721963196136e+00
2.007372793133981759e+00
1.110816626555220843e+00
1.756750124477601149e+00
5.263113578376530377e-01
2.576884727172394474e+00
5.343831149812370285e-01
3.220264250757060687e+00
1.086467053942842709e+00
1.598599887925869600e+00
1.909101845448725632e+00
1.107261056729083926e+00
1.877345568219566552e+00
3.078357367739123163e+00
3.116775445041494841e+00
3.033971236588961951e+00
1.457897260946172002e+00
2.684685702069785851e+00
1.379781176609746751e+00
1.414443720984055686e+00
1.313500902195169795e+00
3.145306798570619122e+00
1.506301512059684988e+00
2.391845721380064571e+00
1.377123633018410676e+00
9.011342513608980864e-01
5.924705842463554584e-01
1.296105105541716096e+00
1.667888710444209055e+00
1.034081661970846833e+00
2.380993136017435674e+00
2.716034212055256525e+00
1.307912659352303830e+00
9.659153305601475559e-01
1.883885534386625205e+00
2.878713224018961458e+00
1.655702833770108073e+00
1.541173609857505067e+00
1.230124758443645883e+00
1.692062102487291275e+00
1.112796972383926608e+00
1.859250023255170969e+00
2.901492033077476496e+00
3.945328471643599344e-01
1.336209650110353531e+00
8.140556761833226407e-01
1.811950712528504204e-01
4.164894425604698247e-02
8.636935855516948424e-01
4.141554719952718067e+00
2.650878070952308874e-01
1.263680891348529567e+00
1.135201914887924657e+00
1.361845292332330981e+00
4.510347848279724903e-01
7.190632323903788370e-01
5.224853917119743230e+00
2.389657674753692618e+00
1.278070846054131904e+00
1.264857869835033233e+00
1.140995777664617794e+00
2.168098332678693563e+00
3.566752056400900539e+00
3.627141782642744783e+00
4.573760151499369542e+00
3.848954128115598561e+00
1.524738557865308985e+00
4.525803416589875838e-01
2.071668729777143891e+00
3.197557806626956656e-01
1.017671319630548465e+00
1.389767049978410940e+00
1.590692996506215096e+00
1.507489020511265432e+00
1.793050249800279605e+00
4.241705085843331169e+00
9.290489941449946443e-01
1.261100769279786871e+00
4.216624431745133350e+00
2.018118011996864247e+00
2.141184748293557760e+00
2.188764727903926843e+00
9.471805446646708315e-01
3.210307261143082735e-01
1.144132830474136719e+00
3.041277578969918238e+00
1.983763347089167350e+00
2.079950249280012819e+00
2.220727865486145980e+00
1.483144301051901426e+00
8.792141992002717732e-01
1.956606627393456588e+00
3.560348800115293866e+00
3.353647747780753807e+00
2.074988506567892355e+00
3.700866193830650630e+00
2.090194662441664075e+00
1.679856344349668573e+00
1.070641264252790270e+00
2.017625441783248430e+00
2.320196868011540570e+00
2.582635236059540151e+00
6.857388212510333592e-01
9.352876955626118205e-01
2.488456616786277054e-01
1.383748090471294212e+00
1.388040059893285161e+00
9.781718689419708346e-01
8.657764978175879200e-01
8.306655100266665537e-01
4.508965543059402226e-01
2.185314905099062233e-01
1.386959795742640500e-01
8.953854004434042002e-01
1.004076685535079339e+00
4.426053556996575877e-01
4.180780922340601169e-01
1.755075331013788709e-01
2.154308433122145705e-01
3.473332461146422800e-01
1.928257360310562663e-01
5.253596685495165453e-01
1.147809952288116664e+00
6.029451331155514238e-01
1.025880804833207094e+00
2.646714856823512206e-08
1.328970187253059043e-01
1.350043957277123452e+00
4.500292548378522772e-01
9.185602442889775343e-01
6.521026875535710365e-01
9.814571985517941410e-01
5.823831728605759483e-01
1.593731410764001599e-01
8.376467935091227446e-01
6.585835492932422541e-01
1.221691049501334891e+00
1.442273554377933920e+00
5.151168843334694714e-01
8.724966592933384169e-01
4.520771852563646442e-01
1.263159255724093821e+00
1.471009067360668610e+00
7.434820094541505497e-01
1.419930004538133561e+00
1.196412717717035390e+00
4.333489006958242129e-01
4.518394379283405815e-01
2.190069437251860318e+00
1.767683139368045664e+00
1.484481622863802031e+00
1.163262922824458645e+00
5.440759724241450712e-01
3.692656892029019255e-01
5.428991202270189165e-01
1.949645340527591753e+00
1.089249558666969708e+00
1.276470716808731698e+00
1.238775376522958993e+00
1.028991515751236596e+00
6.553055630741642101e-01
7.135346033752349992e-01
1.971046535615500250e+00
2.356108869216367196e+00
2.023021131013398310e+00
1.396279216678127710e+00
1.558486853919579973e+00
1.113778288584985066e-01
9.560388032632904931e-02
1.255614346261377356e+00
1.144095631509143729e+00
2.114960034668792455e-01
4.890788543050940684e-01
4.047960623772168809e-01
8.820250954725656900e-01
1.166179339202437909e-01
3.267131810059426544e-01
1.355284468889419003e+00
6.640910269334320271e-01
4.127457911486028808e-01
2.211660627510677324e-01
2.204473043310272579e-02
