-6.566122598921495523e-01
-7.328130177916902799e-01
-8.581963304188049424e-01
-9.576099660726326013e-01
-6.922307341319369201e-01
-7.310851094492970548e-01
-6.982077261708516946e-01
-7.505986925250967001e-01
-7.999776004733973878e-01
-8.122182602534874230e-01
-8.276005715652015038e-01
-8.462541275342191360e-01
-8.837733009506389958e-01
-8.203119400118338289e-01
-7.601925108897936711e-01
-7.207098052661088383e-01
-7.539249160842037556e-01
-7.928146349812945637e-01
-8.361615719888770837e-01
-7.686042828657169146e-01
-7.475944882479812481e-01
-7.107900405550058309e-01
-8.310328258635008014e-01
-8.855876047101518544e-01
-7.420494732946648631e-01
-7.177173821822369071e-01
-6.951956677649070437e-01
-7.606284150398063826e-01
-7.354912757223998065e-01
-7.491456786917206623e-01
-7.768903887803753072e-01
-8.637727618874375679e-01
-7.219978823940745860e-01
-8.570064299012023490e-01
-8.418833048408472797e-01
-7.173796546425873499e-01
-7.293964717510490470e-01
-7.769650030042514199e-01
-7.576948979221526104e-01
-6.574015998394702187e-01
-6.850756227686632949e-01
-6.445051203021535668e-01
-5.913915740956349198e-01
-6.035811820383361059e-01
-6.968332536257662024e-01
-7.577223873730544179e-01
-7.238043320247583567e-01
-7.792073567849480131e-01
-7.639939092430587664e-01
-7.677992346607384055e-01
-8.652257757208137168e-01
-1.012710606872903485e+00
-9.170198282840502646e-01
-8.164555627567653406e-01
-8.144056351323806231e-01
-7.359546693233144365e-01
-7.291647749505920650e-01
-7.313600039583141310e-01
-8.127562680782780546e-01
-1.062368336394635682e+00
-1.002845821063603982e+00
-9.676121991364405872e-01
-8.937087739193999569e-01
-7.228579095008565991e-01
-7.375058597670537397e-01
-8.845194431893997900e-01
-1.155113816672591387e+00
-9.051561666877550039e-01
-8.710339039899036573e-01
-7.857969708725294211e-01
-8.068499631988249599e-01
-8.478406615576893346e-01
-1.091350071773867336e+00
-1.011603174708005870e+00
-8.086524857650941867e-01
-8.499730575347790307e-01
-7.786300783160120531e-01
-7.148152815798992643e-01
-7.845795809040250202e-01
-9.931498990241294234e-01
-1.009832068657052995e+00
-7.644180321998278460e-01
-7.354834215935707187e-01
-7.037998658971424959e-01
-7.371563510341605507e-01
-7.898811178636405694e-01
-8.029700235572692080e-01
-9.159006149259091289e-01
-7.273386899978353526e-01
-8.580039042624929557e-01
-8.633015141576940721e-01
-9.618040708673506467e-01
-9.212649849161572702e-01
-7.918642853929782621e-01
-1.033319840920357002e+00
-7.831579835859652228e-01
-8.115074615944574132e-01
-8.281346523255775915e-01
-8.067203700731454541e-01
-8.402300107223300563e-01
-9.759375756952443082e-01
-1.086056388943080764e+00
-9.170669530570245698e-01
-8.843741418060621085e-01
-8.597789373778605970e-01
-8.676212850136769683e-01
-8.740381082670191093e-01
-9.429031098402177458e-01
-1.035524887589115650e+00
-8.573402303764373622e-01
-8.399040643759241309e-01
-8.569553780638134999e-01
-8.890866191034981769e-01
-8.647584550554846539e-01
-8.872605341507417975e-01
-1.051855584956938650e+00
-9.137446565623321693e-01
-8.552706674299800360e-01
-8.272549898967228588e-01
-8.555455619389972233e-01
-8.590485033967579787e-01
-8.805648893239680364e-01
-9.597894868226967136e-01
-1.227611352829230063e+00
-8.895735750908998485e-01
-8.870209832214553947e-01
-8.385217377020095508e-01
-8.153991824292567969e-01
-8.864201423660322821e-01
-1.007283403852022863e+00
-1.054117574059707962e+00
-1.229339261171623399e+00
-1.002896872900992831e+00
-8.155287755549363027e-01
-8.825009320803313129e-01
-9.182058017372383141e-01
-8.991006333605496836e-01
-8.367977564240308697e-01
-8.409408093813600660e-01
-8.598574786661512537e-01
-8.885918089872674175e-01
-1.015573436831095799e+00
-9.595656441510685974e-01
-9.446585076335125564e-01
-8.285273587670306528e-01
-8.724319389214763021e-01
-8.746193138003696133e-01
-8.525295764686381395e-01
-8.529772618118945937e-01
-8.699343259538352413e-01
-9.585681697897779907e-01
-9.445289145078331616e-01
-8.672010891213224326e-01
-7.966592310431195312e-01
-8.623707998914504902e-01
-8.784167850892201646e-01
-9.173222122439690374e-01
-9.879426116104624844e-01
-8.910580054395923488e-01
-8.538804866272364791e-01
-7.750446685055460971e-01
-8.925934876256734762e-01
-8.996347141209258824e-01
-9.803830126124922772e-01
-1.323412089221690069e+00
-9.015393403619729185e-01
-8.186507917644876287e-01
-8.613262007571854673e-01
-8.847472129254425610e-01
-8.632583164491341998e-01
-9.589726574244745727e-01
-1.061472965708122773e+00
-1.019916770073566070e+00
-8.100151771169360471e-01
-8.053184080771581543e-01
-8.268740646485135404e-01
-8.481037748734628900e-01
-1.014124350062134194e+00
-9.108425559599945265e-01
-7.814772000165464139e-01
-7.314542535042628524e-01
-7.815203977251062861e-01
-8.503343474609158514e-01
-8.818254770010321986e-01
-8.900998017224469594e-01
-9.027056784930883593e-01
-7.844539148427601694e-01
-7.555507207518190604e-01
-7.261919871887928535e-01
-7.773851988966061777e-01
-7.957638603566066227e-01
-8.501340671757748879e-01
-8.933474839932632472e-01
-7.983400146125383401e-01
-7.685414498350844337e-01
-7.418806095248401400e-01
-7.524365586710969334e-01
-7.491103351119898779e-01
-8.242507856196074068e-01
-9.158966878614946960e-01
-8.181245651329405177e-01
-9.041429840688062214e-01
-7.719030169739222735e-01
-7.103698446626512952e-01
-7.479047263367291087e-01
-9.319544542525078912e-01
-1.221681485563289815e+00
-9.425182575275937724e-01
-7.764544846303624848e-01
-6.886924490944453803e-01
-6.772921810990646385e-01
-7.320001154578825719e-01
-8.075646889222692915e-01
-8.436583379562149210e-01
-7.550284211846864935e-01
-7.306374241060408226e-01
-6.840192424411546401e-01
-6.582302104309361024e-01
-7.229678673044634962e-01
-8.036847492807136506e-01
-8.153088599477225085e-01
-7.664601056953834757e-01
-7.782334448101445590e-01
-7.533672729373405152e-01
-7.407417608446263957e-01
-7.834957111256147799e-01
-8.366053302677188830e-01
-9.583129106028334121e-01
-7.705167632355930385e-01
-8.606782351287879385e-01
-8.815702178140877310e-01
-7.414211429883400539e-01
-7.141869512735744552e-01
-8.103057798836112990e-01
-8.114407014994104994e-01
-7.310536929339808143e-01
-7.341207302417286362e-01
-7.981043907476664812e-01
-7.634676826115116555e-01
-7.380281593341863067e-01
-7.751664075023967371e-01
-8.082008733574231885e-01
-7.286071318037287137e-01
-7.350278821214851765e-01
-7.391081020481817809e-01
-7.134604443568862697e-01
-6.923446189999583611e-01
-7.768432640074010020e-01
-8.067792760393632800e-01
-6.967075875645011296e-01
-6.775788568013255686e-01
-7.168298656245531975e-01
-7.179765684335958076e-01
-7.773302199948026736e-01
-8.525413576618817713e-01
-9.232560065743239397e-01
-6.556383479173462092e-01
-7.146228554235871666e-01
-9.085177338265927327e-01
-6.406880136912302959e-01
-6.935266653887319777e-01
-7.412169356387845465e-01
-7.583821341946953565e-01
-5.678370417372838874e-01
-6.076810372871055410e-01
-6.075671524190842110e-01
-6.950817828968858247e-01
-7.159305678736258560e-01
-7.622031678700330604e-01
-7.488158052809000820e-01
-6.667637214037098747e-01
-7.227675870193225327e-01
-7.319019388475193066e-01
-6.309763833940975619e-01
-6.264838217038752877e-01
-7.767411603326231928e-01
-8.868481923872161277e-01
-5.765433435442969268e-01
-4.155179942909076884e-01
-5.737158571658353967e-01
-6.397926430047174984e-01
-6.800843238977956062e-01
-7.327698200831305186e-01
-7.235529999022283221e-01
-5.013086434907306765e-01
-5.746544255609079555e-01
-6.395452379466021187e-01
-7.172461344524931892e-01
-6.872040916813385580e-01
-7.648735716719134992e-01
-7.941341286245766629e-01
-6.317028903107857474e-01
-5.246550414351116576e-01
-6.034987136856310164e-01
-6.905578046913471990e-01
-7.408752810347203344e-01
-9.220386166058196498e-01
-1.010165869132287897e+00
-7.746637432573367787e-01
-7.524287045422678455e-01
-7.319608448137372436e-01
-7.959602135773331533e-01
-7.004068822429885266e-01
-7.827652771445121616e-01
-7.737958620217255667e-01
-6.350762386428669970e-01
-6.508316210739615304e-01
-7.409224058076947506e-01
-6.913118010589369700e-01
-6.347620734897045924e-01
-6.929965116927704338e-01
-7.891389026892944303e-01
-6.564198337358377877e-01
-7.451479271177291475e-01
-7.697392044815160039e-01
-7.718323298144604827e-01
-6.550728506416538810e-01
-7.888914976311791616e-01
-9.458130645713843654e-01
-7.164842839560745524e-01
-7.509678365800627198e-01
-7.949273956363117621e-01
-7.694328934571826872e-01
-7.925711569875937279e-01
-7.847602258670934861e-01
-9.174086076610886709e-01
-8.566255046529930306e-01
-7.402744401792972218e-01
-7.000181028659501203e-01
-7.127692810199290907e-01
-6.950346581239115196e-01
-7.356876289431263372e-01
-7.316584608538184709e-01
-6.541342822465812112e-01
-6.233225348501785223e-01
-6.524534986771622913e-01
-6.910761771940651110e-01
-6.932517708797149014e-01
-7.332764113926049099e-01
-1.008292659406557101e+00
-8.086092880565344254e-01
-7.106054685275229321e-01
-7.344859472322802230e-01
-8.284409633499109082e-01
-6.694066357546886170e-01
-7.915972450127902738e-01
-7.946642823205382067e-01
-6.659626002631456876e-01
-6.810268193572828199e-01
-6.353668414095421380e-01
-5.441725515753259579e-01
-4.670803500536869213e-01
-6.352608106703500068e-01
-6.503760816018759883e-01
-5.849590425846348252e-01
-5.709158602382754522e-01
-3.797856351830990462e-01
-6.247244968461658221e-01
-6.833673497483426784e-01
-6.398751113574225879e-01
-6.742369249845603374e-01
-6.555362442425685110e-01
-5.014696531317265338e-01
-3.700072447909193429e-01
-4.231443533839250315e-01
-6.454868864057859978e-01
-6.462251745157177041e-01
-6.702234651529108689e-01
-6.719081757867441107e-01
-6.020810434319856519e-01
-6.053562151537036362e-01
-6.569382062385555887e-01
-6.764714246364280648e-01
-7.706502834256869772e-01
-7.000927170898261220e-01
-7.115950887599845620e-01
-8.161531787968465679e-01
-6.634178625225300996e-01
-8.478367344932747907e-01
-7.479675593673615897e-01
-8.966383639726394073e-01
-1.203923300280784980e+00
-7.075580665418476078e-01
-6.416148008930594449e-01
-6.335407564567857586e-01
-6.369730107550850562e-01
-6.209780773947041199e-01
-6.005809048256351979e-01
-7.131148626884076247e-01
-6.245634872051699649e-01
-5.555806736995355655e-01
-5.805960740200919457e-01
-4.086456315654802274e-01
-3.388145721463071691e-01
-5.180536461542867288e-01
-5.854813421517672811e-01
-6.232950453992768258e-01
-6.426358376408373152e-01
-6.768327145625647745e-01
-4.119443656736853643e-01
-3.901334499153856217e-01
-5.507896551138090624e-01
-5.681944045990060532e-01
-5.497686183660311920e-01
-6.534391918452092662e-01
-7.351731835048228580e-01
-7.936785891524911207e-01
-6.762947067377741428e-01
-5.896636657532418058e-01
-6.137287164854818844e-01
-5.037434234277392564e-01
-4.986853644618245984e-01
-5.305652733789794073e-01
-5.558594952729671856e-01
-6.088552295470499587e-01
-6.202358622203578697e-01
-6.225253407740291012e-01
-5.354466144462401989e-01
-5.623548598145998723e-01
-6.574722869989316765e-01
-5.866437532184681780e-01
-5.928131714136947172e-01
-7.342346151097501883e-01
-8.945020409311350562e-01
-6.669718558176797041e-01
-4.709013837290246252e-01
-3.965738355552149152e-01
-3.297587616064009963e-01
-4.915184719053073414e-01
-5.755694315694934726e-01
-6.446268592990040958e-01
-5.988529964832419727e-01
-5.829444585399808920e-01
-6.090398015745329685e-01
-6.492333058572477000e-01
-6.274459524854351100e-01
-7.562379570243619176e-01
-7.668371038791784722e-01
-6.067895936650071764e-01
-6.475014704504399310e-01
-7.177291633754805389e-01
-6.420428509142432905e-01
-6.282117300462685128e-01
-6.536159097438631882e-01
-6.806026964005136293e-01
-6.080973061150458658e-01
-5.729029548320275778e-01
-5.878689973158015558e-01
-5.674718247467326337e-01
-5.719211887283951468e-01
-6.557757951718546918e-01
-6.546605088781283222e-01
-4.964901354541023659e-01
-5.030012082533931173e-01
-5.981343436953829862e-01
-8.185958128626842356e-01
-8.670832771888863366e-01
-9.647140255985174884e-01
-9.286557201443027543e-01
-6.127037526732893591e-01
-5.492266834768261274e-01
-5.338286639074537598e-01
-4.658511788919390550e-01
-5.450757763906678433e-01
-5.932176590483914103e-01
-7.433179151005582241e-01
-5.071364070818933367e-01
-4.896334809863329141e-01
-5.536681933296595526e-01
-5.224441041697313048e-01
-5.929623998614469427e-01
-8.443848448729027734e-01
-8.977359784765005513e-01
-6.925409722206847807e-01
-5.519167226007791749e-01
-5.236811294603083144e-01
-5.843110769562374074e-01
-7.331311100092672284e-01
-7.042711136268859917e-01
-8.161492517324320239e-01
-1.237322983126362796e+00
-7.436909862199384547e-01
-6.028350397995755339e-01
-5.344373588917059603e-01
-5.689248385801085606e-01
-5.228917895129877591e-01
-6.182487676266058552e-01
-4.859656028231618130e-01
-5.350421268115437279e-01
-4.221586602158779455e-01
-4.458938375372973884e-01
-4.829378361595591529e-01
-5.003622209668290299e-01
-4.868570464452601221e-01
-3.639674197213720319e-01
-3.630249242618848737e-01
-5.128070880964745726e-01
-6.445051203021535668e-01
-4.952845266788415413e-01
-5.784479697853439628e-01
-7.239025086351217331e-01
-4.935055664990595781e-01
-5.162197070727012616e-01
-4.954259009977647343e-01
-5.169030162808294637e-01
-4.254377590020104738e-01
-5.428766203185310113e-01
-6.642268377919233746e-01
-4.887695268151364125e-01
-7.919349725524398309e-01
-7.773537823812899372e-01
-4.648301421441612402e-01
-4.051466171721339049e-01
-5.989197565782889976e-01
-1.042976492315686343e+00
-5.356115511516503780e-01
-3.969154901592789608e-01
-4.292077408399594951e-01
-4.858517179551405940e-01
-4.004027233593817070e-01
-5.097361237243122067e-01
-7.013650859601338050e-01
-3.824756743070520937e-01
-3.779988208744878841e-01
-3.446933875748587894e-01
-4.174815264981727725e-01
-7.817638757188070109e-01
-1.143473997747924242e+00
-8.778395066202842045e-01
-7.788735563097129999e-01
-5.137024587829874811e-01
-4.587981712034431281e-01
-4.007247426413731439e-01
-3.834338780241973166e-01
-5.447341217866038532e-01
-7.204152754350190424e-01
-4.413502240096862650e-01
-4.338416768491048514e-01
-4.486231473053958196e-01
-4.931246412508501487e-01
-4.004498481323560122e-01
-4.875285744601447480e-01
-5.169344327961457042e-01
-3.482238184835211303e-01
-3.521587370268802752e-01
-3.538984265625170766e-01
-3.341295842997729637e-01
-3.410844153779056254e-01
-7.078997211459118200e-01
-8.942742711950922851e-01
-3.775864791109621033e-01
-2.985700160262034775e-01
-2.759736873849977790e-01
-3.465823055582475942e-01
-3.220067364521186914e-01
-4.164644168148093351e-01
-5.264065121639920353e-01
-3.454473839424483939e-01
-2.798811164774552274e-01
-2.020741892323715816e-01
-1.833892167480376811e-01
-2.314643393107144731e-01
-3.243119232634478211e-01
-4.648694127883066241e-01
-2.408539503258556869e-01
-2.133566452953165327e-01
-2.064882096343035878e-01
-2.346334802932401320e-01
-1.668327131763791549e-01
-2.891646967534040602e-01
-2.952005947585368273e-01
-1.926453075730852615e-01
-3.167641054587211902e-01
-1.430621922752289554e-01
-4.941348718193139256e-02
-2.154694059503336201e-01
-3.188965014358108863e-01
-3.444342013234997224e-01
-1.963563834448159573e-01
-1.816181106970849168e-01
-2.534912436118132995e-01
-2.313740168291801014e-01
-2.763428314399635211e-01
-4.957047225711963545e-01
-6.456400419179527672e-01
-2.363338991847317161e-01
-2.129207411453035437e-01
-2.290217052448767499e-01
-2.518654389441978836e-01
-2.401863493753855217e-01
-3.630602678416156026e-01
-5.049765216539018331e-01
-2.429942004317747484e-01
-2.550502881843818015e-01
-3.285806422820419792e-01
-6.426672541561535557e-01
-4.663381348793407266e-01
-7.960505360588672197e-01
-5.254365272536032361e-01
-3.222187979305033423e-01
-1.675238765133364727e-01
-1.518902330790924682e-01
-1.863816398319096679e-01
-4.023269849225014072e-01
-4.973540896252988674e-01
-1.024059823030895267e+00
-4.401053445902803340e-01
-2.216466782743892472e-01
-1.274521112274721035e-01
-7.297194660469689953e-02
-1.826587827669352293e-01
-4.798825800450548518e-01
-4.933052862139185590e-01
-4.399993138510878143e-01
-5.362123920070736016e-01
-3.359203256727986142e-01
-2.135844150313591927e-01
-1.140883110248265137e-01
-2.150963348309532230e-01
-3.414692676905295987e-01
-1.923232882910936858e-01
-1.779934302424735215e-01
-2.825161766996047152e-01
-2.042380017247776569e-01
-1.732063387211613403e-01
-2.786519453157072501e-01
-3.161357751523963810e-01
-7.266563558036369386e-02
-3.987464771903806438e-02
-2.286260467529392312e-02
3.684840974763520238e-02
-3.543313786620462535e-02
-6.983029507307304817e-02
-1.569797085603234499e-01
1.276028683674240993e-01
1.290990799093600094e-01
9.890780869045302792e-02
1.503130818766510723e-01
2.262114558162729716e-01
1.388578349794669653e-01
-8.541288666992809253e-02
2.547965576896370488e-01
2.728846163829625193e-01
5.082571491322341872e-01
4.208996012310136092e-01
4.022028475534362713e-01
1.835792445321351996e-01
-1.902105276360764319e-01
3.431987047251224277e-01
3.355959080185922372e-01
2.986932837152536657e-01
-3.876044204324283204e-01
-4.999076565086731788e-02
1.253762228443854598e-01
1.077515577519749107e-01
2.726961172910649656e-01
3.845506930101235121e-01
1.793458690932716870e-01
-1.615517865527671057e-02
-1.315558935406559993e-01
-9.640866703061221066e-02
-6.910565418719925024e-01
4.131515031411459038e-01
4.283060447168174356e-01
6.582278120587210513e-01
1.774165998478060446e+00
8.445513102705130004e-01
2.375724531675084683e-01
2.832363581796635832e-01
5.047620618033024087e-01
5.009056845482339204e-01
6.970507708607651676e-01
5.044636049077980688e-01
2.230649022063061621e-02
4.004827933398720785e-01
2.626821030340134033e-01
7.109879224679321874e-01
3.691762358272387412e-01
-5.105922237666795649e-01
-4.974640474289058201e-01
-3.997194141512533938e-01
2.364925104535126055e-01
-1.401836540593785208e-01
5.595092668062655594e-01
6.006531206772963705e-01
2.785238808822275702e-01
3.699734299033881624e-01
-1.236163443084053841e-02
-2.839888258550536393e-01
-4.991958828357135336e-01
-1.771766008442513529e-01
8.465855296372396532e-01
7.431859236026640003e-01
5.450066179234058783e-01
4.316951013065567500e-01
-3.537020733417906015e-01
-7.434160917109213784e-01
5.949824396627151346e-01
4.604215774988437149e-01
5.841083982988815038e-01
7.176325154573167664e-01
4.958594067755628942e-01
4.016216420200858228e-01
5.184714436744268795e-01
1.071362842596109033e+00
1.160966671342440915e+00
6.250087741762117011e-01
2.414563198734783478e-01
1.635119453738865525e-01
-3.833523846854235140e-02
2.879370542838560754e-01
1.120451147777734358e+00
1.202487523397266500e+00
1.504223517687681255e+00
1.216397185553531823e+00
6.982995773445856980e-01
8.351656263197865249e-01
8.188486736774137631e-01
1.429546460780978245e+00
9.004835137127358002e-02
-2.194200327513507187e-01
7.611208267838226460e-01
3.363420502573533644e-01
7.726467608404680165e-01
4.092911988216629271e-01
1.424182090790730104e+00
9.604075646279780498e-01
6.576269712032984938e-01
1.541911554873926171e+00
1.182789368293983845e+00
1.159867093306372388e+00
6.487792950773620948e-01
1.417301873936473333e+00
1.710940261404127583e+00
1.705120351941793455e+00
2.167909184936499756e+00
2.109823975181185141e+00
1.368771211901711471e+00
5.078556135480218753e-02
2.046020959638316761e+00
2.994214589591006170e+00
2.850460469632720262e+00
1.757197153142876722e+00
7.721283883377502155e-01
7.917676374748150447e-01
5.482660813874661310e-01
3.255661855038825547e-01
-9.480642474948394738e-02
3.894241799485553823e-01
-3.866383625864538431e-01
-9.628251076151285170e-01
-2.988331293419770329e-01
-6.308232278819310146e-01
-3.598243667640428356e-01
3.735274231985378224e-01
-6.047602763766246614e-02
7.522299529493264858e-01
4.985415917706868538e-01
4.864462333739343891e-01
3.041833197667667132e-01
1.387950994502276547e+00
1.330097481547420024e+00
1.121857036838136201e+00
6.208343047035663753e-01
6.076943471725487766e-01
9.586128961905375778e-01
1.772880873400579371e-01
1.416539048426124769e-01
1.145933868763619579e+00
5.456545835518032961e-01
3.214378657902822872e-02
4.239784197320052850e-01
5.793762856793730487e-01
7.484364087248907005e-01
1.240819599147494401e+00
1.724798871723004057e+00
1.137557440367426898e+00
6.058751413346905729e-02
5.660910267650179906e-01
-2.088169588321197867e-01
-5.559262553680142105e-01
7.626445277766602526e-01
3.389417668997720123e-01
2.444448158929359294e-01
7.471444045325099648e-01
1.704353599367031125e-01
-2.393027598821163837e-01
-5.796417973673611002e-01
-2.790642870792329200e-01
2.217031858683926049e-01
4.863912544721309961e-01
7.401856463899628702e-01
6.625318746570463269e-01
2.711135103320094775e-01
-2.894121018115194954e-01
-1.136798963257152351e-01
3.837770613204612435e-01
2.915136349515612055e-02
-4.302287775877371434e-01
3.149974801504535488e-02
-7.037527411241679687e-01
-4.430074451926179213e-01
-3.663354395633335869e-01
8.442872219408086021e-02
1.489503905248093230e-01
8.579141354592288715e-02
5.346381928551163787e-02
1.047576613437300797e+00
6.420600878641008480e-01
8.860525270032664213e-01
1.198065648866506017e+00
1.550323326849849304e+00
2.110385545392463591e+00
2.304331475632857895e+00
2.168847753331571759e+00
2.134874719081472527e+00
2.788043707828180562e+00
3.518226356808233923e+00
3.128799014141364410e+00
1.553849830694097323e+00
-3.189946780461743181e-01
9.392043688400000812e-02
7.662467018847937163e-03
1.575429049651939861e+00
1.755422120027508637e+00
1.234779774077946923e+00
1.047344916636843370e+00
1.080241935237361561e+00
1.570872679917156289e-01
-6.149029087454260800e-01
8.620974340746333509e-01
1.151761632354782128e+00
1.152189682375965862e+00
1.165993313793039166e+00
1.226128451172737499e+00
7.093935343156331230e-01
8.202840157209246863e-01
1.011164872185778663e+00
1.280832458467140889e+00
1.477287782868419885e+00
8.944760801724334076e-01
4.320956618768389546e-01
4.912136895731737951e-01
5.523148847988466059e-01
-3.671797584124575908e-01
6.478642890687765776e-01
6.643884011111883536e-02
-3.782383718037742870e-01
6.204838209567437035e-02
-5.132822628906326123e-01
-3.735219674419235636e-01
1.030454612589949637e+00
6.626457595250673238e-01
1.020095016664419818e+00
1.069018385140634742e+00
7.415483377418046196e-01
3.292144283449811026e-01
-5.149090425721776498e-02
5.604390060585792699e-02
9.304283548874555665e-01
8.384879228144785923e-01
8.031914678566826060e-01
5.485527570897268390e-01
-1.977230018610722506e-01
-5.419272457441437485e-02
1.029013379949817120e+00
1.170430896581458047e+00
1.017181134868838432e+00
1.092042763803024119e+00
1.071991172902434064e+00
8.198775645540208323e-01
7.582972674697754378e-01
9.871469462265131112e-01
9.789825793087048034e-01
1.102767576719106302e+00
1.132880306649722169e+00
1.046869741842685331e+00
8.213227242585681154e-01
5.422419645755769402e-01
9.662981612497730799e-01
6.506407236098492586e-01
4.223015632270008535e-01
5.168142224914950011e-01
5.136882792175293533e-01
3.645933516554821230e-01
3.274236869719554521e-01
9.170252840406644124e-01
1.050545474134685131e+00
8.735487539074029417e-01
9.097366524872968485e-01
8.948962760647882764e-01
-1.029472292808045197e-01
4.877146751798272506e-01
6.960611506283037597e-01
4.586190549325742105e-01
5.957639254812067131e-01
-4.368694435127074005e-01
-6.363682428352475107e-01
-7.298284488366475475e-01
3.963201050604702735e-01
1.052842806817185561e+00
9.037125356754076577e-01
9.519604490723239110e-01
7.029688569334616721e-01
6.622020012462258576e-01
4.543621171072240728e-01
2.572352646910601170e-01
-2.163608495724318181e-01
6.559461876338792408e-01
7.168903002829710713e-01
6.711203645316233812e-01
6.735983421771920554e-01
1.924190665292422886e-01
2.517324724323720397e-02
4.833045818423102880e-01
7.605553295081300957e-01
9.193540332384807501e-01
8.264514703839439536e-01
1.330297761832561099e+00
7.644588315361731112e-01
3.804586918901831649e-01
1.442835646759748069e+00
1.642852818585005759e+00
1.970342501305908156e+00
1.703989357390409465e+00
1.508134873844553470e+00
1.188562152983343445e+00
8.236082757478244698e-01
1.907258138550897764e+00
2.047387578054573165e+00
1.896847490787979318e+00
1.990480487623618622e+00
1.885930251715585149e+00
9.862044507670256754e-01
8.088542947424351981e-01
1.692769734358096967e+00
1.923512258162638044e+00
1.783677348490052550e+00
9.324468659965239326e-01
1.711859194477127311e+00
3.190590397690066249e-01
8.282943196343652351e-03
2.434560785747502898e+00
2.482309961963772960e+00
2.241950057408048647e+00
2.385390012213171929e+00
2.032382264926653637e+00
5.704657765228042798e-01
1.013858838374145810e+00
2.655768397153564830e+00
2.665381850840335076e+00
2.058595419893641587e+00
2.662067408474471542e+00
2.480330721498850810e+00
1.985842624550058222e+00
1.379280036274993959e+00
1.842826792701703686e+00
1.906555194020697286e+00
2.923684512706046679e+00
3.383261007009666255e+00
3.057126161511776630e+00
2.511649060204727224e+00
1.918053638626440849e+00
2.924909756803380834e+00
2.509182863752402515e+00
2.549843688700446531e+00
2.826305096418945340e+00
2.507286091640184900e+00
1.503508791964236924e+00
9.485281947740242803e-01
2.311592617735324318e+00
2.173273554926747675e+00
2.080983614120877068e+00
2.392627591929151087e+00
3.039674287253606000e+00
2.483099301911093626e+00
2.037401053248423022e+00
2.943598656352128806e+00
3.548570783539307882e+00
4.124997079497268793e+00
4.236282230876220467e+00
3.777636450838844251e+00
3.239251627864436767e+00
2.354798180423983478e+00
4.236788822185695302e+00
4.626172967144005277e+00
4.807261688491228924e+00
4.576244270177670437e+00
5.515075778566120412e+00
4.651726375289351623e+00
2.702586859103592420e+00
5.128358110345275556e+00
5.145566506609746682e+00
4.620168485654188473e+00
4.306384257739996002e+00
2.902580468542362624e+00
1.634912294338825900e+00
1.210420193514617493e+00
2.291855191987895779e+00
2.855608851080169153e+00
3.281644288219287553e+00
3.102998200937902684e+00
2.181076631918418496e+00
2.733547834947747113e+00
2.612637448688781561e+00
2.768541905945623327e+00
2.620939262861098573e+00
3.218893725939512507e+00
2.404126036534895317e+00
8.191392764440887930e-01
-4.290074605548183651e-01
-3.426238246284014632e-01
1.389227290436998441e+00
2.348133952112525957e+00
2.503791004311252788e+00
2.578719393340485055e+00
2.394379062658031465e+00
2.232108833985236185e+00
1.528909044597417166e+00
1.240701787215058305e+00
1.846569285088750734e+00
2.562779438881908955e+00
2.854367898725177710e+00
1.896313410027602675e+00
-2.965515049171350004e-01
4.344097588570002520e-03
8.959762187787835286e-01
1.244295051154353571e+00
-1.045691068840056831e-01
-1.271065295589935140e-01
4.675256370247287685e-01
2.926730939677789634e-01
3.057423643393353263e-01
4.505607187539589775e-01
1.372168122620280428e+00
1.585757229062153995e+00
1.349379367822762799e+00
1.379444972980404138e+00
3.991436643745172042e-01
-1.736461699355888455e-01
3.611768056148411676e-01
6.492898134512510300e-01
5.105387735570758867e-01
2.444173264420345104e-01
4.633786570029850838e-01
2.411107382050000081e-01
-1.746868420054391580e-01
-3.173335297988280623e-01
-8.376744668024016516e-02
6.702004564446928381e-02
9.803207332601308888e-02
-8.263252506444095091e-02
-1.246167707201813191e-01
2.782794278745976888e-02
2.915852971249543457e-01
-4.281749228989379374e-01
-3.988004810782533882e-01
-1.063009422908135909e-01
6.055737323887029344e-01
1.696695823758699040e-01
-5.955738976971094445e-01
-3.599343245676497327e-01
-1.803025441182172228e-01
1.171882935400904158e-01
2.164527007461659047e-01
1.045313649320601390e-01
4.521079821332840143e-01
2.883886666915268515e-01
4.383711108112575694e-01
5.938082474027709390e-01
2.777698845146376883e-01
-1.356046969520363910e-01
5.348512293474314561e-01
7.948621642334642301e-01
9.047767701317454003e-01
1.315103949612744350e+00
8.444177900804188397e-01
6.003271743308904451e-01
1.160943108955953651e+00
1.353816950611181458e+00
1.177067635442013760e+00
3.050315656803052611e-01
1.671532170004319084e+00
2.425583516495887437e+00
2.633494087794350236e+00
2.639647797731918821e+00
2.119830135309408448e+00
1.579956954921892809e+00
1.453517261967270047e+00
2.139221979388357564e+00
2.565088552757651463e+00
1.984334631814878458e+00
2.575298920235430167e+00
2.796922800469431980e+00
2.265359288383061998e+00
2.002619043728930848e+00
3.012671792339297383e+00
3.112042230284564948e+00
3.106379403398813022e+00
2.664223366838048612e+00
2.799483246467705744e+00
1.457892011725056447e+00
7.113452853296543532e-01
7.317778014784542817e-01
6.742305995479312974e-01
9.454690115951055462e-01
7.384655921763986219e-01
6.748628569186703174e-01
-2.279191751583231271e-02
-7.797895373322281942e-02
-6.951131994122020652e-01
-2.125398158970942253e-01
-6.445522450751278720e-01
-9.491510693237349416e-01
-9.392862835144355493e-01
-1.084595520980875527e+00
-9.365726820039952383e-01
8.986770640820510025e-02
2.984851493012835033e-01
-5.216076394494363333e-01
-6.436774847246179432e-02
3.005066124608374994e-02
-2.401117351515096310e-01
-4.273580935007157966e-01
1.414379162998132544e-01
8.336841480215764766e-02
-2.846721350631817860e-01
-4.103813940367025404e-01
-4.490315620045070011e-01
-8.005627330711623246e-01
-9.898629461091676962e-01
1.363209513676807150e-01
1.817295971928913623e-01
2.777659574502231443e-01
3.197776925568655004e-01
6.255781985163185732e-01
2.837547306823813842e-01
3.474595696148876645e-01
8.336301441337048423e-01
8.332413647566661030e-01
6.357807118652674117e-01
5.031401842001016478e-01
5.134369470949993186e-01
2.866489771558900501e-01
8.768033152931184460e-02
-3.776689474636672483e-01
2.862120979919478142e-02
-1.998750331602347496e-01
2.060459800476614201e-01
-1.100277264202024069e-01
2.990192300616596466e-01
1.609946970841729386e-01
5.530413917155345693e-01
5.526565394029103739e-01
3.564486200597470344e-01
1.720965081840493960e-01
1.096876005083380623e-01
-7.555988205387223489e-02
2.075736081049135429e-01
4.638145611529977952e-01
3.789585532838329884e-01
2.755510931204280811e-01
2.115556514212468542e-01
-3.123029602838151009e-01
-1.848422305814139410e-01
-2.174829339549672752e-03
-4.982769497627134170e-01
7.691624796908493045e-02
3.238696936768055146e-01
3.000481209382666048e-01
3.786551943099836226e-02
-2.355720486883129128e-01
-4.206202259793104248e-02
3.580508623408751312e-01
3.181872314689806469e-01
2.703398786423469313e-01
2.829536095418171415e-01
2.118619624455801986e-01
-6.421459296029526087e-02
7.070363206529857447e-02
3.429552267314215364e-01
-6.990490929694918865e-02
2.319056992173414433e-01
1.217161988100434467e-01
1.252417276403610877e-02
-1.477825237014939175e-01
-1.767406966942383639e-01
-7.270952120041345168e-01
-4.034383441518132885e-01
1.266682270367658625e-01
-8.209451723965029146e-02
-2.067591770789059258e-01
-4.662919851202985966e-02
-2.160987112705891125e-02
1.026188845621842788e-01
7.234416997664152270e-03
-3.214569474340845390e-01
-3.729957408103766192e-01
-5.765158540933952303e-01
-9.389014312018114650e-01
-4.236568352900211276e-01
-2.070340715879231686e-01
-1.068477792583626997e-02
2.124618282870740019e-02
-3.095540151936440054e-01
-1.573135090355584631e-01
-5.515397244169842894e-01
-4.425401245272888584e-01
4.834980640386344654e-03
1.676196547514849644e-01
2.515213859679190089e-01
9.424638323040597510e-02
-5.329342682348701260e-02
2.459204170988688737e-02
-8.706225372403067486e-02
-7.003715386632577422e-01
-5.117703430910386375e-01
-6.213324882059423349e-02
-5.533550031904264921e-02
1.367647096465227363e-01
-7.057251024741922896e-02
-3.944659769785414244e-02
9.378691669390597230e-02
-5.711053343441034602e-02
-2.522974160297962176e-01
-2.430383731542647141e-02
-2.338323591526759448e-01
-2.810317463509123814e-01
-2.684612131600017104e-01
-9.124850438991975732e-02
-1.252451010265063502e-01
-3.359134465578984124e-02
-2.072628163378965535e-02
-7.805356795709894602e-02
-1.285438351347114039e-01
-4.335314387603568798e-01
-2.519832508766338131e-01
-7.713070781968429934e-02
-6.113184739488905506e-02
-1.582010255932423670e-01
-1.718632826913920886e-01
-2.333650384873468819e-01
-4.458231503778359306e-01
-1.688237348345460742e-01
-1.851721039922344381e-01
-6.023647670837608409e-02
1.744085741102778531e-02
-1.298633287779937528e-01
-3.386535625053114229e-01
-3.985098783115781917e-01
-4.189413384203618911e-03
-3.297744698640591166e-01
-3.364818958840764540e-01
-2.596645888714545491e-01
-2.544769367798603854e-01
-6.359559010717217298e-01
-8.088566931146496941e-01
-1.597875596167123990e-01
-3.911309242766762839e-01
-1.132086485959715172e-01
-3.075826288575500000e-01
-4.175325783355616216e-01
-4.864525588105636511e-01
-8.268662105196843415e-01
-8.749413330823609947e-01
-2.501964365680227065e-01
-3.955410176141935241e-01
-3.900470544982659327e-01
-3.135517667676355758e-01
-5.458729704668173754e-01
-6.089651873506567448e-01
-2.217487819491670564e-01
-1.521729817169386323e-01
-1.258616501395874165e-01
-2.805526444923397977e-01
-2.601397636656127554e-01
-5.575559871000442813e-01
-6.930946883031335881e-01
-1.685763297764306390e-01
-2.286289988034238274e-01
-1.069292725971380947e-01
5.677040752254599448e-02
1.247400384092316183e-01
-9.186112643858641846e-02
-2.003776974052946802e-01
2.533425688423319305e-02
6.467951525340936980e-02
8.656111817117087548e-02
1.076926517857567517e-01
-7.425609666824838084e-02
-3.060078760273234333e-01
-3.657031821925942894e-01
-1.582952751391910051e-01
-1.162913941613777369e-01
-1.667355115799460524e-02
3.577632116246841354e-02
-4.013383397039707590e-02
-4.511757391748402735e-01
-1.584860329683441149e+00
-5.755262338609337114e-01
-2.748466198980274999e-01
-4.192761949356129669e-01
-6.673184125000886091e-02
-1.066622322169501619e-01
-3.024774451186609259e-01
-2.351793422468597128e-01
-2.814940839118154452e-03
-7.848161797828259734e-02
-2.523759573180868743e-01
-1.562178580639046466e-01
-1.632198139150115856e-01
-7.630553408479860966e-01
-9.401895083297774347e-01
-3.050496723101780439e-01
-7.370630765021428388e-02
-1.599210798068062822e-01
-1.675395847709945929e-01
-9.316491182421055006e-02
-3.539141348201751969e-01
-7.856791589400935472e-01
-2.238890320550858404e-01
-9.547795276436864265e-02
-1.794542982046788415e-01
-1.920209043311747465e-01
-1.730963809175546098e-01
-3.544678509026239488e-01
-7.778446654331061527e-01
-4.082489980596126222e-01
-3.285256633802385862e-01
-4.335196575671134145e-01
-6.490997856671537614e-01
-1.478807003118574603e-01
-2.259900115168596568e-01
-5.313349780042272430e-01
-8.939522519131009037e-01
-9.634927085655985435e-01
-2.444472142651507307e-01
-1.141589981842878604e-01
-1.304484613757586065e-01
-3.218614350687810655e-01
-4.625406635904902863e-01
-1.028569067992705366e-01
-1.953628361479399778e-01
-3.277844232198232760e-02
-2.754366545741374420e-02
-4.990437023374760112e-02
-2.779686361075791035e-01
-2.277336281169110022e-01
6.429859000519989876e-02
8.357262215171343267e-02
3.041204867361342878e-01
3.078276355434504952e-01
1.862290379980131860e-02
-1.674767517403621675e-01
-1.167351524402197582e-01
4.134882556668654369e-02
8.123209176065365744e-02
6.056297673305143826e-03
-9.413882379901378217e-02
-5.384714290593577840e-02
-1.805028244033581863e-01
-2.981812366491651267e-01
-5.503704342353823303e-02
-1.012507374537277433e-01
-8.168610254053927655e-02
-1.253432776368693935e-01
-5.709482517675223967e-02
-2.146250871012095052e-01
-2.732011799083395309e-01
3.636155126162642359e-01
1.618193806112240285e-01
-4.098207988393546414e-02
5.825091080682380518e-02
-5.748360455379062511e-02
-1.798705670326189165e-01
-2.513588476347236034e-01
-1.789084362510589832e-01
-7.234823127427668643e-01
-6.109915525885541987e-01
-1.058179133678261719e-01
-9.713910101171506495e-02
-1.391626173116005671e-01
-4.285519210827328784e-01
-7.993463181165885723e-02
1.364741068798472623e-01
9.609995763406420366e-02
-1.663820757826386595e-02
-8.492593068252654587e-02
-2.147193366471585319e-01
-3.792672626803810232e-01
3.643214091969500246e-02
-8.607803388035657477e-01
-4.221704414091216329e-01
-1.194683892727325808e-01
-4.022916413427705118e-01
-6.534391918452092662e-01
-2.228287246631629193e-01
1.626666515108330172e-02
-1.790272231974245759e-02
-5.135650115284789985e-01
7.939815267906778773e-02
-4.324043712733868228e-01
-8.271018343845562004e-01
-7.037409599309244479e-01
1.829744766122975985e-01
1.492841910000443362e-01
-1.492944435010880588e-01
-1.967569440150980509e-01
-2.549285491875312171e-01
-5.651705649998179926e-01
-4.744239605088581557e-01
1.012169225661967292e-01
3.488095047595557441e-02
9.444666351554709127e-02
6.654487085031117466e-02
3.831320477425491366e-02
-2.914109775985151973e-01
-8.510333649267022293e-01
-2.016814827909185204e-01
-8.798118679703080536e-02
-4.844104853150080214e-01
-5.137613647492054181e-01
-5.439330006460396660e-01
-8.432420691282747072e-01
-7.952179984029870141e-01
-3.981407342566122831e-01
-1.370302213345108155e-01
-2.314879016972016534e-01
-1.608557211374644080e-01
-1.907249730743799387e-01
-1.648573997758706056e-01
-1.535592354552678118e-01
-1.827569593772985224e-01
-4.597210313408576221e-01
-1.119402067900785308e-01
3.156650811009230340e-02
6.650167314175126076e-02
-2.157207380728637380e-01
-7.171361766488865142e-01
-7.728779039626548775e-02
8.495102176121341331e-02
-4.332653733941003310e-02
-4.961484808500380983e-01
-4.751465403611316307e-01
-1.855608833692730941e-01
1.947114971333983521e-02
2.125306194360679878e-03
7.216057296308923952e-02
2.425794602960342494e-01
5.134055305796828561e-01
3.968973835294061780e-01
1.998166808722881202e-02
-9.016463461150939218e-02
