-5.397326004924788423e-01
-5.344740863453252278e-01
-5.269391227830301228e-01
-5.206599864811175538e-01
-5.250994828497607125e-01
-5.444115020579174402e-01
-5.575577874258013100e-01
-5.190051505594094339e-01
-5.132132248334311253e-01
-5.215294053536899677e-01
-5.160566865567720596e-01
-5.120918004905476995e-01
-5.218192116445475870e-01
-5.211723976040829598e-01
-5.107645716802438063e-01
-5.133560279332739507e-01
-5.210841956894741722e-01
-5.374855517155402440e-01
-5.414924386934830691e-01
-5.739591434518674928e-01
-6.230960100713162086e-01
-5.533408958892660490e-01
-5.517154606057609323e-01
-5.683688221021379050e-01
-5.876094397603731645e-01
-5.795704652574562576e-01
-6.168798751369812816e-01
-5.814605062847878481e-01
-5.794360623399571475e-01
-5.666341844481647128e-01
-5.709308777169651572e-01
-5.865216161468645995e-01
-5.888400664737246659e-01
-5.943421859088453552e-01
-5.909359119684767236e-01
-5.707376735230601517e-01
-5.626440978349090960e-01
-5.739045422666334550e-01
-5.888946676589585927e-01
-6.034311832047243307e-01
-6.187237151614225494e-01
-6.163338632846411258e-01
-6.045064065447173229e-01
-5.953040067871985253e-01
-5.986304789953020844e-01
-6.136962060287205478e-01
-6.137718076698137626e-01
-6.133055975497385681e-01
-5.987480815481138752e-01
-5.869038244435026419e-01
-5.969294420707037530e-01
-6.178584963800217711e-01
-6.183247065000968545e-01
-6.181819034002541402e-01
-6.335332366333582543e-01
-7.022971292988521297e-01
-6.508124117143405662e-01
-6.256202648655968535e-01
-6.290181386236216587e-01
-6.213949731467177662e-01
-6.202357479832878440e-01
-6.136752055728613708e-01
-6.195007320282144292e-01
-6.046324092798727179e-01
-5.930191571897132086e-01
-5.924311444256545878e-01
-5.934685669451010837e-01
-5.862822109500692713e-01
-6.063712470250178788e-01
-6.037335897690973008e-01
-5.854127920774967464e-01
-5.729889223911706075e-01
-5.620938858913970826e-01
-5.539163083798092080e-01
-5.447643097163527015e-01
-5.525764792959897420e-01
-5.580491980929075391e-01
-5.029398018270911930e-01
-5.388169806170159948e-01
-5.336592686579867406e-01
-5.573855836877555925e-01
-5.741271470987413528e-01
-5.753913745414676040e-01
-5.696372496360359028e-01
-5.665795832629306750e-01
-5.601996447728937456e-01
-5.560163539657331233e-01
-5.531476916953610434e-01
-5.442182978640123237e-01
-5.559113516864370164e-01
-5.423870581130867397e-01
-5.267417184979531486e-01
-5.327058479619772857e-01
-5.338356724872044268e-01
-5.428658685066773959e-01
-5.503210303367074285e-01
-5.468811556669639362e-01
-5.375485530831178860e-01
-5.143766500880330161e-01
-5.145488538260787337e-01
-5.118019941996901911e-01
-5.191857544797987556e-01
-5.341296788692337927e-01
-5.355157089559434702e-01
-5.281067481288037602e-01
-5.038134207908355755e-01
-4.833127757810457559e-01
-3.835144094467676790e-01
-4.574024133419162252e-01
-4.451339470289484290e-01
-4.944388172952710048e-01
-4.896213127211613836e-01
-4.771260414849138876e-01
-4.890122995012434748e-01
-4.507746694727400860e-01
-4.518708932685924773e-01
-5.001719417448433624e-01
-5.077153054894822937e-01
-5.040570260788026502e-01
-4.923765725298935858e-01
-5.042040292698173332e-01
-4.709015063682353008e-01
-4.967782680779902482e-01
-5.082655174329943071e-01
-5.299547882444168856e-01
-5.190261510152686109e-01
-4.864250433393850770e-01
-4.659831996060014303e-01
-4.907091363346700041e-01
-5.034312124941973110e-01
-4.959214494789332961e-01
-4.945018186628486467e-01
-4.992689221428960877e-01
-4.741439767529018190e-01
-4.611026936643141672e-01
-4.999871377332820721e-01
-5.175645192874654965e-01
-5.331468575350213346e-01
-5.380777645707708334e-01
-5.364313288314064287e-01
-5.268971218713116578e-01
-4.970806746423632738e-01
-5.288795649044238933e-01
-5.232472426429758405e-01
-5.384179719556904109e-01
-5.439326916643267840e-01
-5.476287718955529238e-01
-5.158718825452108803e-01
-5.251456838526510351e-01
-5.249188789293712798e-01
-5.374099500744469182e-01
-5.435756839147196651e-01
-5.524210759226313439e-01
-5.436470854646410222e-01
-5.435672837323759499e-01
-5.461713402589216670e-01
-5.516020581441209991e-01
-5.441006953112006439e-01
-5.332140589937708341e-01
-5.643073339389609311e-01
-5.778610281505142110e-01
-5.748453626891274482e-01
-5.839259598026625975e-01
-6.034773842076145423e-01
-6.046240090975290027e-01
-6.209035624796116482e-01
-6.242090342318559193e-01
-6.058882365402552539e-01
-6.085510943432068665e-01
-6.169134758663560314e-01
-6.461083096018709337e-01
-6.385061445808262182e-01
-6.325042142962555847e-01
-6.609136309826347810e-01
-6.667937586232218772e-01
-6.432732480608736036e-01
-6.683309919921182063e-01
-6.670499641847046357e-01
-6.683687928126648137e-01
-6.688644035709427893e-01
-6.808472636842248793e-01
-6.849969537620106408e-01
-6.842997386274839444e-01
-7.028893421540827191e-01
-6.964548024788118630e-01
-7.060940117182026299e-01
-7.140783850358856100e-01
-7.084754634126405604e-01
-7.142883895944780459e-01
-7.058126056096889478e-01
-7.029061425187701495e-01
-7.034647546446259891e-01
-7.032925509065801606e-01
-7.256874370348732617e-01
-7.524504179818881644e-01
-7.443442420202216470e-01
-7.265862565456487898e-01
-7.253598299234691460e-01
-7.428280091071846059e-01
-7.501235674726843827e-01
-7.525512201700125248e-01
-7.775333624601638016e-01
-8.010160722019654678e-01
-7.942497253241185273e-01
-7.874245771698656915e-01
-7.828758784307543461e-01
-7.791461974701533455e-01
-7.820694609257595742e-01
-7.980634081081563469e-01
-8.241921752882221952e-01
-8.074842126066112957e-01
-8.067995977456000611e-01
-8.042375421307729200e-01
-8.162204022440550100e-01
-8.274556461287481124e-01
-8.361666352191606810e-01
-8.344991990239370994e-01
-8.217813229555815946e-01
-8.183414482858381023e-01
-8.121883147190809282e-01
-8.077782189886406616e-01
-8.065433921841173026e-01
-8.182406460977138529e-01
-8.220585289729235301e-01
-8.149225740719540090e-01
-8.163800057085851547e-01
-8.152039801804676911e-01
-8.126125239274376577e-01
-7.996048415682245336e-01
-8.106048803472942765e-01
-8.203532919571533411e-01
-8.144815644989099601e-01
-8.183666488328691369e-01
-8.240451720972077343e-01
-8.296144929910779231e-01
-8.315675353859871555e-01
-8.310551242630217494e-01
-8.453606347943357635e-01
-8.322311497911393241e-01
-8.396611110741382111e-01
-8.460326493818314253e-01
-8.447054205715275321e-01
-8.391655003158601245e-01
-8.390772984012513369e-01
-8.484561019879875987e-01
-8.386572892840664650e-01
-8.457218426351146290e-01
-8.482544976117389890e-01
-8.480276926884592337e-01
-8.530300012741300897e-01
-8.623080026727419911e-01
-8.669743039646651273e-01
-8.509005550500031712e-01
-8.629212159838318685e-01
-8.653950696840503332e-01
-8.696203614029293094e-01
-8.740850583186036138e-01
-8.696497620411322016e-01
-8.718338094504931579e-01
-8.713549990569025017e-01
-8.704393791814396542e-01
-8.694649580295709113e-01
-8.684863367865304218e-01
-8.653950696840503332e-01
-8.656512752455330917e-01
-8.768319179449922673e-01
-8.903436112448268602e-01
-8.680579274870018347e-01
-8.699353682408179633e-01
-8.691919521034008334e-01
-8.655882738779552277e-01
-8.644206485321815903e-01
-8.668525013206814789e-01
-8.646516535466332032e-01
-8.689273463595743596e-01
-8.628120136133639040e-01
-8.655210724192057281e-01
-8.663232898330287535e-01
-8.664240920211531138e-01
-8.663946913829499996e-01
-8.618459926438387653e-01
-8.602079570868180758e-01
-8.614595842560287542e-01
-8.632572232775796994e-01
-8.635428294772653501e-01
-8.576501015631627922e-01
-8.562640714764528926e-01
-8.481158946030679102e-01
-8.448692241272296455e-01
-8.453774351590231939e-01
-8.355702222727583450e-01
-8.354736201758057312e-01
-8.335247778720683565e-01
-8.401735221971036172e-01
-8.328065622816823721e-01
-8.111634924731501162e-01
-7.701370019065396644e-01
-7.692297822134204210e-01
-7.870759696026022878e-01
-8.209707053594149651e-01
-8.211765098268354324e-01
-7.808304340300644686e-01
-7.901714367962541230e-01
-8.135827449881344320e-01
-8.291650832356902701e-01
-8.431345864732564532e-01
-8.761767037221838139e-01
-8.915238368641161815e-01
-8.667684994972446599e-01
-8.998316172020314196e-01
-8.971939599461108417e-01
-8.941026928436307530e-01
-8.907216194502932671e-01
-8.927082625745772493e-01
-8.982985839243068371e-01
-8.963245410735383167e-01
-9.000122211224208524e-01
-9.008354389921029437e-01
-8.990672006087550017e-01
-8.997224148315632331e-01
-9.014024513003024985e-01
-8.981389804597765814e-01
-8.973871641400158472e-01
-8.980255779981366482e-01
-8.968117516494727992e-01
-8.975551677868897071e-01
-9.013100492945217423e-01
-9.022466696258438779e-01
-9.028220821163870369e-01
-9.004868314248396510e-01
-9.004658309689803630e-01
-8.984497872064933777e-01
-9.000752224899984943e-01
-9.006800356187445455e-01
-9.012932489298344230e-01
-9.020534654319388723e-01
-9.010958446447575598e-01
-9.008228387185874819e-01
-9.003692288720278603e-01
-9.008018382627281939e-01
-9.009068405420244119e-01
-9.057915465748834771e-01
-9.062367562390993836e-01
-9.044265169440329766e-01
-9.039813072798170701e-01
-9.036873008977877042e-01
-9.014780529413957133e-01
-9.028094818428715751e-01
-9.021206668906883719e-01
-9.058545479424612301e-01
-9.060015511334759131e-01
-9.043551153941115084e-01
-9.016838574088161806e-01
-8.994452088142212975e-01
-8.994746094524241897e-01
-8.996426130992980497e-01
-8.995082101817990505e-01
-8.994242083583621206e-01
-8.995796117317204077e-01
-8.995502110935175155e-01
-8.996552133728137335e-01
-8.998820182960934888e-01
-9.005204321542144008e-01
-8.999996208489052796e-01
-9.001424239487481049e-01
-9.000542220341392063e-01
-8.998946185696090616e-01
-8.993948077201591174e-01
-8.998190169285158468e-01
-8.998694180225779160e-01
-9.006212343423387612e-01
-9.000920228546858137e-01
-9.011336454653041672e-01
-9.034100948804456577e-01
-9.025616764637324207e-01
-9.019148624232679046e-01
-9.051069317138722425e-01
-9.047289235084060577e-01
-9.020744658877981603e-01
-9.025784768284198512e-01
-9.038385041799742448e-01
-9.026792790165442115e-01
-9.024566741844362028e-01
-9.026288779224819203e-01
-9.001466240399199625e-01
-8.974669658722810306e-01
-8.947285064282360922e-01
-8.955139234773716872e-01
-8.920488482605971603e-01
-8.874623487009392075e-01
-8.854505050296240798e-01
-8.797845820388011662e-01
-8.726066262261131801e-01
-8.681419293104387647e-01
-8.726696275936908220e-01
-8.788437616163072841e-01
-8.768025173067891531e-01
-8.817376244337105096e-01
-8.830102520587804760e-01
-8.780247438377969393e-01
-8.703427770844870404e-01
-8.617703910027455505e-01
-8.500689369979773646e-01
-8.308451197044294245e-01
-8.155777882947622404e-01
-7.911626583128104073e-01
-7.629464458203361055e-01
-7.360910628675405576e-01
-7.323865824539707026e-01
-7.458226741127121917e-01
-7.514507962829882759e-01
-7.749293059336181955e-01
-7.873657758934599071e-01
-7.877689846459572376e-01
-7.989118265248696948e-01
-7.971645885973810408e-01
-7.974459947058947229e-01
-7.953375489376270924e-01
-7.967739801183990611e-01
-8.066357941898980588e-01
-7.906250466428137447e-01
-7.932123028046721425e-01
-8.015410835984465576e-01
-8.101764710477658005e-01
-8.298832988260761434e-01
-8.470238708983874876e-01
-8.533786088413934934e-01
-8.461250513876121815e-01
-8.493255208605602347e-01
-8.487669087347043950e-01
-8.568226836023087323e-01
-8.669659037823214121e-01
-8.859125150585273056e-01
-8.942160953052706862e-01
-8.960011340533059476e-01
-8.953501199216695738e-01
-8.958541308622912647e-01
-8.907762206355271939e-01
-8.816704229749608990e-01
-8.834512616318245248e-01
-8.736608491102468843e-01
-8.572972939047276419e-01
-8.529123987213182989e-01
-8.481746958794739166e-01
-8.345748006650303141e-01
-8.002936565204077368e-01
-7.885460015127491173e-01
-7.481621248954314352e-01
-7.347386335102054078e-01
-7.272456708596288788e-01
-7.194167009153042969e-01
-7.184464798546074116e-01
-6.582213725414802763e-01
-7.210673367458405592e-01
-7.335458076174007358e-01
-6.545588930396289973e-01
-7.196687063856151978e-01
-7.397955432811103016e-01
-7.720102425691838244e-01
-7.149394037261144197e-01
-7.694649873190440026e-01
-8.121799145367372130e-01
-7.712248255200482294e-01
-7.824894700429444461e-01
-8.159137955885100713e-01
-8.045945498803799278e-01
-8.092482508987874912e-01
-8.236587637093976122e-01
-8.593721389436204117e-01
-8.771931257857711328e-01
-8.561800696530160737e-01
-8.675371161816928245e-01
-8.875253500685168495e-01
-8.607623691215021688e-01
-8.786421572400585633e-01
-8.611025765064217463e-01
-8.465492605959686889e-01
-8.296144929910779231e-01
-8.367630481655630170e-01
-8.518497756548407684e-01
-8.765799124746812554e-01
-8.873111454187526670e-01
-8.978407739865753578e-01
-9.010286431860079492e-01
-9.017048578646755796e-01
-9.053253364548085047e-01
-9.047541240554370923e-01
-8.996678136463293063e-01
-9.048339257877021646e-01
-9.036747006242721314e-01
-8.952409175512016093e-01
-8.890289827080385399e-01
-8.932794749739485507e-01
-8.747444726325837028e-01
-8.407069337759282002e-01
-8.052035631002979477e-01
-7.824936701341163037e-01
-7.792175990200749247e-01
-7.650086905857134134e-01
-7.529922297430564626e-01
-7.435252242417113022e-01
-7.359608600412131940e-01
-7.186060833191376673e-01
-7.259562428698715930e-01
-7.426726057338262077e-01
-7.093196817381819397e-01
-5.956274138074307833e-01
-5.074590999279995351e-01
-6.915994970841556899e-01
-6.916540982693896167e-01
-6.875422090121505736e-01
-6.891592441133119751e-01
-6.886300326256591386e-01
-6.798266415294659248e-01
-6.968748115959965128e-01
-7.091222774531050765e-01
-7.404591576862623592e-01
-7.606783965875382192e-01
-7.368638796431605797e-01
-7.587505547396600214e-01
-7.294675190895363315e-01
-7.520640095940780423e-01
-7.221215596299742634e-01
-7.323781822716268763e-01
-8.369856529976711368e-01
-7.296229224628947296e-01
-6.958247888030345552e-01
-6.791084259390798294e-01
-6.625222659014524673e-01
-6.522320425304249936e-01
-6.446886787857862844e-01
-6.554367120945451264e-01
-4.958752484760429180e-01
-4.514760846984387510e-01
-5.014235689140540408e-01
-2.357930028417046797e-01
-1.429499874880066634e-01
-3.591286801030186271e-01
-4.917171582159134413e-01
-4.960180515758857989e-01
-4.633959434441430325e-01
-4.909737420784964779e-01
-2.055565464955715627e-01
-1.826366489707975937e-01
-3.655212188665712403e-01
-3.869794846635422059e-01
-3.657606240633664574e-01
-4.596158613894799072e-01
-5.620224843414757254e-01
-6.031539771873822842e-01
-6.025533641498079795e-01
-5.192067549356580436e-01
-4.332182883744158941e-01
-3.087401863143592329e-01
-3.098658107484145163e-01
-3.325673035322524451e-01
-3.510141039590085610e-01
-4.109326046165908131e-01
-4.226802596242493770e-01
-4.286947901823356388e-01
-3.321850952356143472e-01
-3.646013988999364797e-01
-4.558693800641916982e-01
-3.875002959688512716e-01
-3.971269049347267432e-01
-5.146286555583439171e-01
-5.285309573371603786e-01
-4.048214719615522150e-01
-2.709519660412437192e-01
-1.880001653972475095e-01
-1.159896022559149531e-01
-2.856522851427113485e-01
-3.788901090665630633e-01
-4.527571125058523216e-01
-4.029188306607049408e-01
-3.887771236850929846e-01
-4.146832860330509907e-01
-4.667518162904495393e-01
-4.444577323502808541e-01
-5.522656725492729457e-01
-5.622282888088961927e-01
-4.890122995012434748e-01
-5.244022677152339051e-01
-5.915743258265976356e-01
-5.918641321174551440e-01
-6.087484986282836186e-01
-5.585196083041544801e-01
-5.676926074234702746e-01
-5.330082545263502558e-01
-4.870928578357089367e-01
-4.850768140732220068e-01
-4.960936532169790691e-01
-4.280647765065583865e-01
-5.445207044283854048e-01
-5.366161328429677191e-01
-3.381366244261228005e-01
-3.547353847372657354e-01
-4.763700250739812958e-01
-5.640301279216189956e-01
-5.539079081974656038e-01
-5.498884209460070949e-01
-5.416730426138725019e-01
-4.736903669063422528e-01
-4.348563239314365281e-01
-4.029104304783612811e-01
-4.632237397060972595e-01
-4.868912534594602715e-01
-5.330208547998658286e-01
-5.456799295918154380e-01
-4.852616180847832972e-01
-4.853960210022823518e-01
-5.173965156405916366e-01
-5.085931245443984228e-01
-5.257714974372563743e-01
-5.462595421735304546e-01
-5.366581337546860730e-01
-5.480235804657066501e-01
-5.258596993518651619e-01
-5.120413993964855193e-01
-5.148386601169362420e-01
-5.822795240632981928e-01
-5.455581269478319006e-01
-6.466291209071800550e-01
-7.296355227364103024e-01
-5.794486626134727203e-01
-5.194083593119068754e-01
-5.176569212932461417e-01
-5.428784687801929687e-01
-5.020157817692846303e-01
-4.981474978000127174e-01
-4.697800820253519305e-01
-4.741145761146988713e-01
-3.528495438011060026e-01
-3.230666973015325349e-01
-3.909233702739073335e-01
-4.269685527107061618e-01
-4.226676593507338597e-01
-4.362171534711152265e-01
-4.514970851542978170e-01
-4.913097493722441977e-01
-5.061108706618363540e-01
-4.560541840757528775e-01
-4.505142638200854699e-01
-4.740473746559493162e-01
-3.408204826849336455e-01
-3.766766610189992148e-01
-3.375906125737825891e-01
-3.811497581170172899e-01
-3.534627571121958245e-01
-4.004659774163458752e-01
-4.458773631663655035e-01
-3.085385819381105676e-01
-4.630431357857078267e-01
-4.217184387458963180e-01
-2.788985385383799254e-01
-2.639294136019138537e-01
-3.912551774764833068e-01
-5.129150183602299018e-01
-4.060142978543568315e-01
-3.673146577969502169e-01
-3.742868091422177357e-01
-4.055606880077973209e-01
-3.969925020172275221e-01
-4.134358589550121699e-01
-5.573855836877555925e-01
-3.764960570986098376e-01
-3.561256149151474371e-01
-3.677262667317913736e-01
-3.846694345190257436e-01
-5.646937423267709422e-01
-7.323529817245959528e-01
-6.424374299176757175e-01
-4.868702530036010945e-01
-4.162079191284316915e-01
-4.049264742408482665e-01
-4.023812189907085002e-01
-3.949428575253658424e-01
-4.369059684232982632e-01
-5.358265157026602665e-01
-3.717877548949681810e-01
-3.612077252330834209e-01
-3.649500064671998278e-01
-3.925446054662405926e-01
-3.409842862406357034e-01
-3.486368523557425991e-01
-3.649962074700902059e-01
-3.344153436478655705e-01
-3.335669252311522781e-01
-3.340667360806022224e-01
-3.395730556068949357e-01
-3.500732835365144568e-01
-5.302571948087899667e-01
-6.957659875266287708e-01
-3.971059044788674552e-01
-3.884537166648607265e-01
-4.049810754260823598e-01
-4.085595531044966533e-01
-3.979165220750341958e-01
-3.804819436206934302e-01
-4.221174474072217908e-01
-3.797973287596822511e-01
-3.623837507612008291e-01
-3.526017384219670703e-01
-3.012850244843292558e-01
-3.042922897633722479e-01
-2.861898968127078446e-01
-3.511527069676794732e-01
-2.921036251826697461e-01
-2.986221666813776432e-01
-2.951654916469468315e-01
-3.174805760429747492e-01
-3.254901499076888194e-01
-3.224618841727864282e-01
-3.177241813309419904e-01
-3.175225769546931587e-01
-3.290098263096973841e-01
-3.341591380863828120e-01
-3.226550883666913228e-01
-3.306478618667180180e-01
-3.382500268877627336e-01
-3.250239397876136249e-01
-3.231086982132509999e-01
-3.180769889893771962e-01
-3.053255121916468307e-01
-2.986515673195805909e-01
-2.961399127988155189e-01
-3.573814421755299175e-01
-5.096515475197040956e-01
-2.977905486293518367e-01
-3.056363189383637380e-01
-3.066821416401537825e-01
-3.157081375684550606e-01
-3.093155988049023919e-01
-3.145825131343996661e-01
-3.641141883240021637e-01
-3.158089397565793099e-01
-3.142591061141674635e-01
-3.263469685067457160e-01
-4.106679988727643393e-01
-3.755720370408031639e-01
-4.667014151963874147e-01
-3.550587917574979935e-01
-3.341465378128672947e-01
-3.168715628230568404e-01
-2.984163622139571759e-01
-2.922800290118872657e-01
-3.022216448156513358e-01
-3.171949698432891540e-01
-5.061948724852732839e-01
-2.894995686561239734e-01
-2.156157648521473125e-01
-1.887813823552110803e-01
-1.821032373919729552e-01
-1.939264940407248172e-01
-2.369438278227911088e-01
-2.620813734863007838e-01
-2.132931144341155272e-01
-2.697171392367203602e-01
-1.955435291418863575e-01
-1.641940486352134188e-01
-1.187406619734754087e-01
-1.257716145951487119e-01
-1.601367605632083024e-01
-1.261034217977246852e-01
-1.039647412309142871e-01
-1.362928429806277708e-01
-7.866759210287455062e-02
-4.586488005074212254e-02
-7.669354925210582208e-02
-8.424531317908838524e-02
1.057248105235926161e-01
1.622160367849469209e-01
1.480701297181631348e-01
9.784123939403394088e-02
3.677611384653741572e-02
7.046504513592952157e-02
4.769215080217008990e-02
2.481457020697835358e-01
1.806376366646718634e-01
1.454534729181021224e-01
1.566299155263892739e-01
1.701794096467707518e-01
1.566173152528738677e-01
6.362309661698904717e-02
1.316141725068630808e-01
2.500231428235992759e-01
2.331429764039426866e-01
3.119828877906998810e-01
3.035113038970826405e-01
2.041203464064736683e-01
1.105055541896872266e-02
2.361502416829857898e-01
2.708093940330744687e-01
2.215045237667521150e-01
6.952002462226360147e-02
8.155748592077979864e-02
1.746945076565070420e-01
1.615566224709666654e-01
1.655635094489095183e-01
1.919820829198332079e-01
1.216893570677864689e-01
3.063978064446761310e-02
-1.059177836258236582e-01
-5.205581443804590397e-02
-3.951192613545834731e-01
9.619480365466948069e-02
1.332816087020866069e-01
1.427654145681194475e-01
3.230543281196908145e-01
3.102398499543828625e-01
2.945903102480777469e-01
2.837918758452567247e-01
1.784535892553110736e-01
2.635642367616370940e-01
3.920870266201830212e-01
8.738301237613284311e-02
-3.817031302391687281e-02
8.547197089294192307e-02
2.061447903513042301e-01
4.421185126592353520e-01
5.517870932473560863e-01
-8.579514682150028715e-02
-7.814678079756531837e-02
-3.278999623277958214e-02
1.713344347190288997e-01
-4.190839416686140823e-02
1.072200429807702582e-01
9.217951649438295425e-02
-9.978565051492570281e-02
-1.338483899186123649e-01
-1.132679431765575423e-01
-1.697339688908807986e-01
-2.777393133749498366e-01
-2.127597028552907776e-01
-9.202284211681821188e-03
6.314848631457023465e-02
1.528582336540698361e-01
-1.908089864786828918e-02
-1.259690188802256861e-01
-2.127681030376344651e-01
3.266580063451364757e-01
-7.049001459128652336e-02
-1.791747339326618671e-02
-6.480625132324557836e-03
1.611166528104557988e-02
1.005933390241280090e-02
6.842380082641114081e-02
6.639935688158057903e-02
5.986821510935699808e-02
-5.094595045614574991e-03
-7.686051298644813908e-03
-7.240105607447730462e-02
-2.041652764051557142e-02
2.150878243687010666e-02
3.276660282263797463e-01
1.951867524839529799e-01
1.785795919904665241e-01
2.145953737890621271e-01
2.572010986362874285e-01
5.497626493025256078e-01
9.326009596164622772e-01
1.602922910369873666e+00
4.394472546739399688e-01
2.589315361990887632e-01
9.465620626716851893e-01
5.690746685106822245e-01
4.240707208938049866e-01
3.720693920951560485e-01
7.578225656823553980e-01
8.065940243698533907e-01
4.000713999378657793e-01
4.078751693351592711e-01
5.861774397624470723e-01
6.991892929233586296e-01
4.228736949098282905e-01
4.508463021143354066e-01
1.153744159996598739e+00
3.708933665670386959e-01
6.169137069580301613e-01
8.951319462724075526e-01
6.556007467419210366e-01
5.645511703186020247e-01
2.164189493846254031e+00
2.990255025342956952e+00
1.687000335447925492e+00
1.551459193241221390e+00
1.100104795640929112e+00
1.104145283348247242e+00
9.668863038522568232e-01
8.928932976778126696e-01
5.625561270119744384e-01
7.692006126668913257e-01
4.890293309576047021e-01
4.540887724990019247e-01
3.664160693778487077e-01
2.377336760547721362e-01
3.879289363600536555e-01
5.696038799983350609e-01
4.292998344027554869e-01
9.594731429339453666e-01
6.833507491143201440e-01
5.503254615195531940e-01
5.213112317044279465e-01
1.036998425783914213e+00
6.114199877052529652e-01
4.812801627455454700e-01
3.682683095846335242e-01
3.926750393842417530e-01
6.561425585030895569e-01
3.721743943744522665e-01
4.185854018233717277e-01
7.134066015400637450e-01
4.520937291923742829e-01
3.975387449612418078e-01
4.731445861456760604e-01
4.839346203661532564e-01
4.569910354987490320e-01
4.373976101820783446e-01
6.454617266530803255e-01
3.981687586370190046e-01
3.588811058155535472e-01
4.555294037709458621e-01
1.694065928711504521e-01
3.010836511997544429e-01
7.267334908283373807e-01
5.341257098697357319e-01
4.491410650985652731e-01
5.726111452773779975e-01
3.289134553044186227e-01
2.512285689899199648e-01
2.090260528951919938e-01
3.125499000988991027e-01
3.236297406102341401e-01
3.012096539349098934e-01
3.355874001764850290e-01
3.736738269228017661e-01
2.129321376850104308e-01
1.206771350953710353e-01
1.794364105895234485e-01
2.205217024325396014e-01
1.931581084479506993e-01
1.103491109037969681e-01
1.909320601268711948e-01
1.091772854668517506e-01
9.203671339454025380e-02
1.559999018506120771e-01
3.067915751022957105e-01
1.915410733467889925e-01
2.554160598882521116e-01
3.403251030183293002e-01
5.023100192429880151e-01
4.765844608154194972e-01
5.264227426605664339e-01
5.750345978835343930e-01
6.086185268936303849e-01
7.044898079822307091e-01
1.129131625729570265e+00
9.603803626270646099e-01
1.016800187338497530e+00
1.495707183026111942e+00
1.741336914938121483e+00
1.365521157063514401e+00
1.234461512137172035e+00
1.016858988614903536e+00
9.071694075709236804e-01
7.500943979261553984e-01
1.100340000746552693e+00
1.257700616591006293e+00
1.041173316408731120e+00
8.546556676493088922e-01
9.371538584467455912e-01
7.822250953907922133e-01
7.391363600588041205e-01
8.712502278692800806e-01
1.060514736255090851e+00
1.135393961666795404e+00
1.013162908383677729e+00
9.797553832027990905e-01
9.227181450891047687e-01
9.460622518222354671e-01
9.613253831407306826e-01
1.129551634846754693e+00
1.273463558758951564e+00
1.192527801877442339e+00
9.716114064205862988e-01
9.620603990958042084e-01
9.274390475662616096e-01
8.293963193418159019e-01
9.192404695988144470e-01
8.346884342183442662e-01
7.978032335471756387e-01
8.057918069560305874e-01
7.553403117997935512e-01
7.807718638453323701e-01
1.005619544639038576e+00
9.311771287092062144e-01
9.625392094893944206e-01
1.040324897992018105e+00
9.901674092178103237e-01
7.995924723863829797e-01
5.510142764717362862e-01
5.198243994295933534e-01
1.082468612810339792e+00
1.000852441158991191e+00
9.706621858157483684e-01
8.363894711429422646e-01
6.611700676357914475e-01
3.822462130045434225e-01
1.135095755193594069e+00
1.073115009770634787e+00
1.138153421566699519e+00
1.183623608593124876e+00
1.260367674485129985e+00
1.068746914951912430e+00
1.028850248910529119e+00
1.162887758477711975e+00
1.251610484391826983e+00
1.328409151469066352e+00
1.320714584442240991e+00
1.219958597320781379e+00
1.045310406213001198e+00
9.150739791563411440e-01
1.094157466541592516e+00
9.440504081509198953e-01
8.381787099821496057e-01
6.565037663438684223e-01
5.198538000677965787e-01
4.881347115380010870e-01
5.109874076040253899e-01
8.684697675135172323e-01
8.914526664058687322e-01
8.904992457098589442e-01
9.928134666560741728e-01
9.260320170236924220e-01
4.250241415898144415e-01
6.869418270662500658e-01
8.017177185193380407e-01
4.060355294018901384e-01
6.048300446566235999e-01
-3.897893456575084459e-01
-4.625433249362579380e-01
-5.186271423539431380e-01
5.239782895985511946e-01
8.522490154078401492e-01
8.502035710071503827e-01
8.940987238441328033e-01
7.363180988824941098e-01
7.088285021627496185e-01
6.372799490503204822e-01
4.795791258209471941e-01
-2.950972502756662313e-02
7.716114649995321484e-01
8.120541428932558370e-01
7.735939080326446060e-01
7.095845185736822103e-01
3.095468349110280237e-01
1.958587670714485862e-01
6.098743541540129209e-01
8.843335118695864194e-01
9.030953191342309117e-01
9.562894738256847438e-01
1.156990830472437448e+00
7.626736709858399355e-01
5.528161155844590890e-01
1.517325052287613163e+00
1.478629612321378461e+00
1.324868474611198499e+00
1.385450589673932642e+00
1.099100973850857255e+00
1.070200146497372051e+00
7.379855350777176914e-01
1.261237093357702621e+00
1.202524018866440336e+00
1.579641805004321053e+00
1.810604818544237382e+00
1.391868328984516179e+00
1.076743888543111094e+00
9.086562398457576073e-01
1.305741259414602728e+00
1.395060398275120628e+00
1.393254359071225856e+00
1.035305789041659486e+00
1.132298494473143569e+00
2.248435962483711636e-01
3.222647109793833620e-01
2.026535705780110330e+00
2.096618427073564384e+00
1.658947926511152859e+00
1.737073822398696121e+00
1.491843099148011831e+00
5.652315850884414017e-01
1.236506956537861912e+00
2.301532475165680491e+00
2.340316117046523647e+00
1.841017678719587547e+00
2.403241882983149225e+00
2.224187796236100745e+00
2.190162857652961037e+00
1.636078430080441404e+00
1.727871422641177324e+00
1.167789264875257915e+00
1.846944007363065632e+00
3.358712223484486614e+00
3.272971562302383397e+00
2.816018443170018593e+00
2.248153516462664925e+00
2.799625487326296014e+00
2.222087750650177274e+00
2.103346973130864939e+00
2.596017667588624622e+00
2.595853864032922509e+00
1.755331618722718590e+00
1.459519197489470566e+00
2.587793889074146314e+00
2.467016067336488039e+00
2.377545725193783710e+00
2.664802560709978341e+00
3.226598355674010765e+00
2.831092570385780771e+00
2.606748900532695590e+00
3.191330190104003428e+00
3.595261358282961339e+00
4.103745396002729251e+00
4.445910023408490730e+00
4.049980028911902785e+00
3.532285191252273471e+00
2.821297957773031051e+00
4.568926493740742778e+00
4.582828795519560572e+00
4.813186995930731626e+00
4.764314735055108940e+00
5.640247949035161135e+00
5.053377609775197676e+00
4.101834354519537484e+00
5.622384961281293059e+00
5.689930827506952227e+00
5.147283248195373417e+00
4.820272549737638634e+00
3.357700001512071264e+00
2.944692436310751393e+00
2.228060280296544349e+00
3.026405210059052386e+00
3.294392027278807866e+00
3.684618297964025402e+00
3.411637572340942892e+00
2.630983426594259100e+00
3.236010759990122221e+00
3.120319248661570732e+00
3.200721593964255263e+00
2.951479783644457733e+00
3.367868422239114423e+00
2.634948312660482905e+00
2.367998917960173699e+00
1.522213958411644308e+00
2.421521719675564233e-01
1.922516247818124802e+00
2.824427025696057303e+00
2.900818283929627928e+00
2.805652618157897571e+00
2.635280119863059323e+00
2.523490493233154996e+00
2.000847948173087421e+00
1.613805346596131285e+00
2.073496925172541694e+00
2.090444293050947699e+00
2.427081600474557899e+00
1.770065538553560858e+00
-5.300923513405551152e-02
8.156872217569041128e-01
1.307538898436153785e+00
9.784659552130418048e-01
-4.243518959106449828e-01
-6.855261652496634772e-01
-6.226970014099906248e-01
-4.018058065001652857e-01
-2.798929202335762728e-02
4.141543056370718956e-01
7.822376956643074530e-01
1.015733364180848364e+00
1.342357654250772914e+00
1.193930632328839669e+00
5.963164598512878944e-01
1.861901571938548994e-01
5.074299303814703288e-01
6.815447099104254836e-01
6.345078888769009051e-01
4.630223664215223356e-01
6.122558058484505183e-01
4.596244926634973083e-01
5.281626203182446938e-02
-8.771038839586291214e-02
1.568945212702157199e-01
2.609349796880601202e-01
2.297829034664644055e-01
9.156210309212144127e-02
8.265790980780395036e-02
2.376622745048509455e-01
4.938384353493704970e-01
-2.065225674650967014e-01
-2.110712662042080190e-01
-6.405127482484365697e-02
-2.074927885257935589e-01
-4.472381927060441464e-01
-5.636395194426371269e-01
-4.842325957476804610e-01
-4.119490266801779654e-01
-4.977946901415775116e-01
-6.478807480763907334e-01
-8.959087320475254135e-01
-8.920572484429407645e-01
-6.208825620237523601e-01
-3.873196920484618944e-01
-3.899615493955541079e-01
-6.458185033110134254e-01
-4.396654283232023785e-01
1.773573654594586269e-01
6.907429095767726457e-01
6.442016993015255988e-01
1.091540809741531115e+00
7.595992042480471662e-01
5.312066465053014719e-01
7.570623491802510596e-01
1.034776577554006538e+00
1.002389674527887520e+00
5.094543743263011404e-01
9.900288062091389119e-01
2.605837480748404822e+00
2.641702059264814384e+00
2.516925750731556555e+00
2.283787089964623096e+00
1.725939380702126824e+00
1.741538519314369982e+00
1.930164613842059396e+00
2.471778970725363678e+00
2.306118974725338333e+00
2.893325321279050844e+00
3.092178637810189645e+00
2.556448608658645316e+00
2.310566871276325429e+00
3.334746503257922434e+00
3.458976799938840330e+00
3.431840010877530656e+00
2.935935246217448391e+00
3.096114123238211668e+00
1.528661098360430515e+00
1.067965697993948915e+00
1.116846359051914650e+00
1.054718610437940685e+00
1.229278599631111746e+00
1.036498614934464380e+00
9.589691319933237867e-01
4.556554065061012015e-01
3.310093007991707914e-01
1.603931972163649966e-01
4.457221908846810687e-01
2.582217207910465495e-01
1.304139863442482609e-02
4.470168588781437552e-02
1.993406426529106545e-01
1.631064561133787338e-01
5.146372868323616512e-01
5.672140281215535262e-01
1.842287146166018408e-01
4.406106799285421927e-01
2.712714040619778610e-01
4.245463711087563846e-02
-1.980047825685889995e-01
3.459742256444648945e-01
3.246839634943678998e-01
-2.469538063209725937e-03
-7.179624294573118404e-02
-1.374016670499956239e-01
-2.278117897026608538e-02
-2.489224878449013412e-01
4.005544104226287372e-01
3.471166504432074973e-01
3.822630133692307974e-01
4.897979476420527556e-01
6.060858719170058029e-01
4.975849166746588725e-01
5.097021797054399617e-01
9.409675412307834108e-01
8.228483772049048905e-01
3.801587676921349135e-01
3.244529584799162869e-01
5.257969290759614278e-01
1.792642068514775644e-01
4.293764759563813843e-02
-7.289246674158349204e-02
6.746618003922998097e-02
4.536530029296631517e-02
4.372548070822356303e-01
1.238776045683192412e-01
3.589441071831313557e-01
2.083246376694933288e-01
5.609894930048748840e-01
2.916586466101276920e-01
1.739300910632308184e-01
-1.540581887250127256e-02
-1.486820720250451276e-02
-3.891792925250597834e-02
1.216557563384117191e-01
1.603133954840998132e-01
3.942458734825131650e-01
2.203578988768373770e-01
2.026881153168735294e-01
-6.579011256998867907e-02
-1.855168716021536254e-02
7.251468962779102079e-02
-2.034018997244136651e-01
6.614315132009780662e-02
1.751859183236134931e-01
1.512201980970490633e-01
3.932556918784892858e-02
-1.585942871906086474e-02
1.157924290625120672e-01
2.323407589901197445e-01
2.253098063684463026e-01
2.864757341040672367e-01
1.854887419681562344e-01
1.349910458090290144e-01
1.066656309460865537e-01
2.666765043199764151e-01
4.773194767704928010e-01
1.351884500941055445e-01
4.425721225057951402e-01
3.262925984131855861e-01
2.241673815697036998e-01
7.135966455553274801e-02
3.795633946582646634e-02
-7.037661212964659019e-02
-4.913991125224992200e-03
1.623294392465869929e-01
8.721080863808709782e-02
2.776375810428413811e-03
4.749054642592114711e-02
5.383268409541159399e-02
1.125373584043298930e-01
6.687396718399953033e-02
-9.439273345027301976e-02
-1.514551721109986815e-01
-1.676633239431598033e-01
-2.636228069463691370e-01
-9.054965002803208596e-02
-1.502781066703473209e-02
1.864631631200249218e-01
2.182368528350545345e-01
1.150416526552845708e-02
7.821001325681690985e-02
-4.678890010854868525e-02
2.269320814733128550e-02
2.135789517254751413e-01
2.746902782758621209e-01
2.564450822253547813e-01
1.975136029931569004e-01
1.252216337433106341e-01
1.493805581637796254e-01
5.723895803578016306e-02
-4.355283385189321343e-01
-1.704857852106415883e-01
6.144744938997195177e-02
2.400363659294764418e-02
1.308833566429616346e-01
7.107405835584734710e-02
1.022051341215841069e-01
1.935193162887294260e-01
9.927347048363406590e-02
4.124501085338353606e-02
5.421069230087799395e-02
2.252100440928539102e-02
-6.571871102006733578e-02
-7.052361532066141192e-02
9.081028677236063773e-02
-1.129812970643402636e-02
7.259869145122818668e-02
1.446050545013886079e-01
1.303499450641369961e-01
4.813316037521400692e-02
-6.207723197407521293e-02
-6.060616015139718912e-03
1.260868525247111072e-01
9.582519563154706654e-02
3.563788913896666355e-02
-8.415291117330780946e-02
-9.707659170908382318e-02
-1.525177951774762397e-01
-3.111835994638434064e-02
-7.730256247202380027e-02
-9.636677630104159564e-02
-3.126116304622718334e-02
-1.136165507438208905e-01
-2.690325243757091811e-01
-2.831196301660869885e-01
-9.071765367490614018e-02
-3.664620392890650113e-01
-4.439117204979405318e-01
-1.571000946459623071e-01
-1.155569928652147305e-01
-4.628373313182871929e-01
-6.051280200381509156e-01
-1.926118655039363303e-01
-3.765842590132186807e-01
-2.119700857149834916e-01
-4.238226844229920354e-01
-3.859000612323772450e-01
-3.912005762912493245e-01
-5.299967891561353506e-01
-5.599014382996925221e-01
-1.891341900136462584e-01
-4.063335047834173430e-01
-3.523161322222814196e-01
-2.318113164107930280e-01
-3.848164377100405376e-01
-3.925614058309281340e-01
-1.652020705164568559e-01
-1.473852837654780479e-01
-9.295630226950105102e-02
-1.543532350195738478e-01
-1.532864118619244320e-01
-3.785373014081278575e-01
-5.083579194387749522e-01
-1.410095453666129761e-01
-5.515968181404169030e-02
8.527340537219580460e-04
1.102903096273912947e-01
1.651014994200065422e-01
2.494025692426988031e-02
-2.157575280394568445e-02
1.000000862563639598e-01
2.233231632441621817e-01
2.235163674380672982e-01
1.957999657950429129e-01
6.457231722182682487e-02
-1.319919496206555520e-01
-2.396234859904300685e-01
-8.170005792894856345e-02
-8.108264452668691169e-02
2.994256550994063223e-02
7.161167002584381547e-02
-4.321778269994545896e-03
-3.879413055418953760e-01
-7.953207485729397730e-01
-4.814983363948075468e-01
-1.981643860331193663e-01
-2.154183605670705048e-01
-7.699175572530704559e-02
-4.082057055335278767e-02
-1.622494064226478738e-01
-9.632477538932301964e-02
-6.012838967033769244e-02
-1.324875603789335832e-01
-2.406441081451890507e-01
-1.741062638007745134e-01
