-1.012916721242264860e-02
1.890270373190912623e-01
1.760407464181209660e-07
2.289814546960057262e-01
5.876739740075013207e-01
2.415591533479354291e-01
-2.260191261264025628e-02
2.807868656911626572e-07
7.484167999995808840e-01
2.909801284114853503e-01
5.636216921444887618e-01
7.950340763616425832e-01
6.410032238655726244e-01
1.728588264551956036e-02
7.737691854366608446e-01
3.198314144849122020e-01
2.313234928177924921e-01
3.785704225380408239e-02
3.067847794763595703e-01
-3.384913984943781901e-02
-3.808790189768825865e-08
2.603985077846828755e-01
1.202534282417351322e-08
4.740783771874666486e-01
-9.280678472962256703e-03
1.286450814811971634e-02
4.752559470751350212e-01
-1.230879831223499037e-08
-1.117083478653080122e-07
6.723244085313033469e-02
-4.803590127179058200e-02
1.145674490332175832e-01
5.234865936934885999e-01
-3.535975775315814557e-02
-5.962206696527799256e-03
-1.233825002971762122e-08
6.788380151305476118e-11
-3.000680751169311489e-02
-1.940208104328170606e-08
-7.971196008052591998e-09
-1.735249460142904150e-08
-8.011690747289967614e-10
-3.729010773820124678e-08
-5.965981771056998782e-08
1.813789412575679724e-07
-3.194107052873166090e-08
1.106679602935459195e-01
-1.308964874741421375e-09
9.565643021649933297e-02
-4.675329715057093140e-09
6.079345012377618177e-08
5.446827652962561439e-01
-1.025701418117398733e-01
-4.628473333115386973e-02
-1.227799761543507117e-08
-5.626713711174002146e-08
-6.606865166083455047e-08
-2.644693830664976073e-09
-8.308667933199732816e-09
-2.250822524390296614e-08
-5.061996956868907759e-09
2.628906913200940672e-09
1.424486975805108639e-08
1.028253235038730952e-09
1.905321442544010979e-01
-2.340598466929853118e-08
-3.926163048238423011e-08
5.865929942084308069e-02
-2.860342988818852374e-08
2.445411580961693315e-08
6.925297123791092052e-10
3.787438949278740422e-08
2.077081330338057091e-08
-6.508792365194042001e-09
-7.962889522225167882e-09
-2.909497413849994386e-08
1.083148533446359549e-08
3.931760615366266421e-08
-2.721820832611199867e-08
-1.305952381069657646e-08
-1.590090818644916535e-08
-3.804974057708197508e-08
9.400206604028467336e-08
3.227755861883153110e-01
1.910973375344228106e-02
-9.470344423561014229e-09
-1.304788237134154617e-09
1.815972061783134926e-08
-2.767181380763055398e-09
-9.589563263938789155e-08
5.259131357568915015e-09
-4.472386278822913275e-10
-6.306880729156963354e-09
-3.068313842022957734e-08
-1.082994101191308703e-07
7.382837755820031438e-09
-8.885863917100151531e-09
1.624432125396401492e-10
4.113304767303522108e-08
-4.210496659873654260e-09
5.288520963019485155e-01
8.488696694151691424e-02
-1.671121932677959710e-08
-8.232563127409772129e-08
3.212563415608425184e-08
6.598291051237688072e-08
-4.873110704441981969e-09
6.071656464929984093e-09
4.020617642336557496e-02
2.575272193866197903e-09
-6.840848275675489622e-09
2.742450414139376846e-01
5.547925386843697293e-01
1.935847305045552413e-01
2.258036892092782286e-08
6.150087629185591518e-11
1.515269540123826848e-08
3.202904905407526664e-09
1.048258570605015377e-07
4.845793738797161965e-02
5.229853263146888589e-08
4.190385635407832857e-09
1.830808235738490622e-08
9.977654065503042957e-02
7.107088970577988600e-09
8.400756058424038206e-09
3.923807505022267898e-08
2.093255036135136318e-02
5.105960874202964212e-09
6.263957767630656052e-10
8.107564161414498279e-09
7.660701687726875526e-09
1.192607705830265926e-08
8.046548257113107505e-01
1.158209950784655939e-09
3.425410582859448980e-09
2.476662978486309488e-08
9.153637025613934406e-09
9.181829951739803319e-02
3.875541193032440712e-01
7.438933048643340262e-01
-1.144134181319957691e-08
1.799419276322218597e-01
1.710309851656677760e-08
3.902991341824409988e-01
6.259028607511414322e-01
7.076082158245150328e-10
7.445928638820861201e-01
3.231643017448159183e-01
3.943905788648650879e-02
3.522070022017986246e-01
3.871325502569251120e-01
8.253723111131575085e-02
6.870695433280106235e-01
5.859847811504136361e-01
-2.045705976518393671e-02
4.704604289234614461e-02
-1.985076067285159937e-02
1.062760316623523038e-08
-2.204340139734037307e-02
1.656661599759907122e-01
2.276560164806449293e-01
1.212315399954352890e-03
2.667181759782122352e-01
5.476964752390716534e-03
-8.445111534217709937e-03
-3.827630138943375769e-10
4.502893553967278195e-01
6.965801960060357123e-01
1.361828510533646752e-07
1.549723909175783065e-01
2.651698001923104800e-08
2.412914908403589734e-08
3.514066727342768140e-08
8.254001206798116108e-01
9.957857733675962164e-01
7.091323698058261960e-02
6.859931771435881856e-04
-3.481017528480834414e-09
-1.706519183431094810e-09
-2.168598116228543510e-02
5.645983043057972717e-01
5.706448186819537138e-01
9.172958077329653737e-01
4.533368535655930009e-01
2.026219329459916785e-01
5.779730685183789157e-02
1.112959691966521752e-01
3.270728027994293519e-01
3.378844949360226835e-01
2.464590915049754208e-02
1.602515115900091103e-01
4.988231556081897944e-01
1.224546252798543733e-01
1.677299832332947584e-09
6.539390143041217129e-01
1.100780881077436435e+00
1.534006144634525726e-01
1.337739893972553495e-01
5.862960253619907863e-10
3.782990905344086330e-01
1.162776421447546144e-08
4.489700084458463358e-01
5.496130842988666831e-01
1.846590223774142170e-01
3.653268489143546294e-01
2.831480390754862391e-09
-2.325857976491981297e-02
1.148036388092861256e-08
3.657256732633573093e-01
6.055005036044549538e-01
-9.283784823139762735e-03
6.461189779784429731e-03
2.735390160809966220e-01
2.705180405886174477e-01
1.687383523925324036e-01
-2.523460815641962243e-02
4.405022410469186522e-01
3.292306822987611792e-01
8.005842807823271290e-02
3.923198060303772494e-01
2.734178565108938974e-01
6.691652331267303189e-02
4.511980755298862777e-01
6.489016025867125892e-01
-7.734640620028189473e-03
1.448907348641726711e-01
2.604571562316068568e-08
9.149087679927062415e-09
4.235340557578607365e-11
4.340495713143449619e-01
3.630414762037209031e-01
1.531186342499262150e-08
1.328545886448720092e-08
4.209560597303190068e-09
6.637644059946884391e-09
6.893614000261207686e-09
8.490744129110647243e-04
1.613298831080681445e-08
-1.603479072648133451e-09
6.043297332227413656e-09
-6.053509463264170284e-09
6.970196496133448764e-09
7.663256802630884001e-09
2.085866857403927259e-08
4.502140621861471792e-01
5.563458045363961553e-10
1.067103222466030918e-08
5.788307254764347529e-09
2.913535016684853496e-08
-3.184631851633386244e-08
4.198076281653338460e-01
3.601604477007221972e-01
6.423858757201444131e-09
2.536178053062463774e-09
1.693577619544410223e-09
-5.255685341972708299e-09
-6.604781687411960206e-10
3.972731129569966740e-02
1.603603029227170240e-01
3.492219228510256013e-01
4.673030829666482977e-02
1.147859058851673775e-01
3.318963297383972222e-01
1.986954494526088286e-02
-3.141664009853440548e-02
3.331337719526342167e-01
2.074850510400484682e-01
7.664973177774777810e-03
1.835050808335393288e-02
3.698446287024487189e-01
-1.409626092751622983e-01
4.071416711306938274e-01
3.326247277780404188e-01
-2.638948641701370501e-02
3.491285128158434087e-02
2.157005819547756081e-02
2.715462514103508807e-01
5.442925913371722546e-02
2.946308860339472702e-01
5.933374197525499022e-02
1.973440345864012624e-01
-4.070404896739604483e-01
1.194954646562910172e-01
4.609789333592315130e-01
5.695876884954877845e-02
1.533898593991446790e-01
2.935025856495244723e-01
2.005690362349155792e-02
2.513780609651267844e-02
8.539200819981705715e-02
1.286122135617216375e-02
-4.563744239995328605e-02
1.016485730062965109e-01
2.843272206620703346e-01
2.017570011115893056e-02
-5.723423754099680322e-02
-4.140393155940690940e-03
-2.992092289852911480e-02
2.595884837187842353e-01
6.729395342713925809e-02
3.367297455375220516e-01
7.328228411979876844e-01
3.582248137579696623e-01
8.867374151824465242e-03
2.661946256854230697e-01
4.350210800631353902e-01
8.006677855239076325e-02
1.867839844929620463e-01
6.240279884495240070e-01
4.251427753205991866e-01
9.597816238693214486e-02
1.358624043317130936e-01
1.592618394635115231e-01
6.575653253927736378e-09
1.348290527162955832e-01
1.662548026733402240e-01
2.298731615417152208e-01
3.107442891372980687e-01
4.810801949453601956e-01
2.050977823926464771e-01
-3.768703888540514413e-02
4.073504676661133805e-01
4.779479422161853064e-01
2.349421062085006173e-01
-1.430596365220268562e-01
2.710520372433979364e-01
2.111778806555481558e-01
1.824272499210857490e-01
1.725200622372783377e-01
2.296676867166323188e-01
7.178300808360461582e-01
9.298163247807496035e-01
1.053503885116400252e+00
8.214230292609112638e-01
1.918685690009967748e-01
1.069814439289939745e-01
1.792731873510926832e-01
3.047191699946506516e-01
4.826704983793995152e-01
1.512346395299691004e-01
1.503724163559416738e-01
-5.291243023582078292e-02
3.179120911552321127e-01
5.245300969894156617e-01
8.005818386134393172e-02
1.142994813165980894e-01
2.645274898824192533e-01
1.153231594682626038e-01
-3.171755580191763096e-02
1.651544259838131079e-01
2.101820036301066744e-02
8.963450186362578731e-02
2.159376546120968521e-01
1.792275915515059714e-01
4.625947537517130503e-01
5.316559744967406242e-01
-6.200259233852817992e-02
1.271893174681347494e-01
6.150360540341917592e-02
7.547284945305052228e-02
2.496012905369967005e-01
1.382919981214958960e-01
3.251489538838200216e-02
1.265418339123009217e-01
