1.015359630628851706e+00
1.326957699020657300e+00
1.415384658507048865e+00
9.483301087057284251e-01
1.055344704688953250e+00
1.063274753043172094e+00
9.393923501367591467e-01
6.125527617831867389e-01
7.511398608103593277e-01
1.042891762853413340e+00
7.477924309147244708e-01
3.700582681939685870e-01
6.284454304787772116e-01
8.462281717796974467e-01
1.522931286974354426e-01
1.110024374153996574e+00
1.087564965317763033e+00
1.243893572377786860e+00
1.179950463363010904e+00
1.479154513677052751e+00
1.371240375682092560e+00
1.296248021157796249e+00
1.681023144235772815e+00
1.516028790873884313e+00
1.222046458793954127e+00
1.184590078202409025e+00
1.291411699966954041e+00
1.067753741894339692e+00
9.406353472777101432e-01
7.960252349409097095e-01
9.709219817644307859e-01
8.863457263689945576e-01
1.100752591820055137e+00
1.000229263338719088e+00
1.231885364546656314e+00
1.080581927419514754e+00
1.448187139271994939e+00
1.179829936699290815e+00
1.070540689512983645e+00
8.760451060842640025e-01
8.919914702287592423e-01
8.407190207951708016e-01
1.008431363864453312e+00
1.044771586188344203e+00
1.190249962989598620e+00
1.099309154185312609e+00
1.030871918318023939e+00
8.361888555924933408e-01
8.431241102269052545e-01
9.648243711631018238e-01
6.767784205242846074e-01
7.541161321548677243e-01
1.077916295318567697e+00
1.039100648482242928e+00
9.319521108375167229e-01
8.718099239866282657e-01
1.004705576287607816e+00
1.125154929899981449e+00
1.110831485560495935e+00
1.182260581703608482e+00
1.075442284587015962e+00
1.036721231307540902e+00
9.880346253819357605e-01
1.126896125117839098e+00
1.332648163091691540e+00
1.006360452915920911e+00
1.310949592589540913e+00
1.192325461947248089e+00
1.109264953160594258e+00
9.628724429934052420e-01
9.283109659034068928e-01
8.112653268122131944e-01
8.753190459832296266e-01
1.059766994266404971e+00
9.946915884205616010e-01
8.849874353865309073e-01
9.387527478732076158e-01
9.438496695196583186e-01
9.989614825441842649e-01
9.618636424246648220e-01
7.981667013491379192e-01
7.301450745672326548e-01
7.175885008368171336e-01
5.365918728155991690e-01
7.928119099825827742e-01
8.897289237776431214e-01
1.079706077951146925e+00
1.093074965280308453e+00
9.085668861702913546e-01
9.741448482507981677e-01
8.442069132071140514e-01
9.061079177075805902e-01
1.114320510407371678e+00
1.178497560263909172e+00
1.160065317221007142e+00
1.090502645713817387e+00
1.012102456735213929e+00
1.043650640695049869e+00
9.664050762031353159e-01
5.002060909185688242e-01
6.701791223589382840e-01
9.022563477233729312e-01
9.113272509328824711e-01
1.019733188587417239e+00
9.660901354354709536e-01
9.933021622267265149e-01
1.111542814953124569e+00
1.011915013133114050e+00
9.277652746524986949e-01
9.483142921297699202e-01
9.264257606298124115e-01
7.630670194801503214e-01
6.673416055948465653e-01
9.104109070655669322e-01
8.927289067443581194e-01
9.638361338827770020e-01
1.037064683327704184e+00
1.022315899573186693e+00
9.536018085405922884e-01
8.168868555988024749e-01
8.782089368913689187e-01
1.018814394287836267e+00
9.982830335841991198e-01
8.851169827813925028e-01
8.184381449877023984e-01
8.008891977200639500e-01
7.482087283440328473e-01
8.621658383154536809e-01
8.201863675469449610e-01
7.870173174924607329e-01
8.622501288544714981e-01
7.877681538130648642e-01
6.518393840818943463e-01
4.120080314109766939e-01
8.102220868771328188e-01
5.630972843847863452e-01
4.518489845156930529e-01
7.461625980822628179e-01
7.638011960907945541e-01
4.555081724187840519e-01
1.055001373870651654e-01
7.099781718107119888e-01
5.479073373353662291e-01
6.896039320761263580e-01
4.104631040524014396e-01
3.666679622553122853e-01
5.298789382056808828e-01
2.154772195094563358e-01
3.512351953466678056e-01
6.845414362370531025e-01
4.814593861056931101e-01
4.394406602581376053e-01
6.698485478908879909e-01
3.492087090408985683e-01
3.430738645621631555e-01
7.279019309691348028e-01
7.485129096905951407e-01
7.989841916823561263e-01
7.367929788766016674e-01
7.429779050976306198e-01
5.444626600897918278e-01
3.935161480259760092e-01
7.375895302388472130e-01
7.592818474681410912e-01
8.932608575139474594e-01
9.886946924557944438e-01
1.059093756354015481e+00
7.615561190125332836e-01
6.544389463219475456e-01
9.845793738483419322e-01
1.045686970410544703e+00
1.107242693409074219e+00
1.079699423756888432e+00
9.626610357412299646e-01
5.181568916644401224e-01
4.127246163129136280e-01
8.280300532767406185e-01
8.084851573759718191e-01
9.180763095749909786e-01
9.592623491219870457e-01
8.909785646572306872e-01
4.945471999241397576e-01
3.083390045291123024e-02
2.099333981127713411e-01
5.550055511967392219e-01
6.570279795443401127e-01
7.833440405692565500e-01
8.176430228447962856e-01
6.454278629215575158e-01
6.948313984071571303e-01
8.099874936303885775e-01
7.375316155023143860e-01
5.359210930105642312e-01
6.668109815695235643e-01
7.466450331005273222e-01
1.150151031733803869e-01
-2.802452405164997384e-01
2.444851475890754688e-01
5.358928761982405531e-01
6.755072019991226195e-01
4.721737075249080595e-01
7.289748282127344048e-01
6.322224160170121232e-01
1.385913602715354020e-01
5.754250298409638864e-01
4.419622135944620278e-01
6.242047237741171761e-01
7.599902722951304979e-01
7.634300098892526920e-01
5.342144680350169317e-01
2.096510470544526994e-01
5.916227599991562558e-01
6.480273852721232242e-01
5.144453905467880617e-01
3.452829708650718699e-01
4.999251222254932903e-01
6.665894884794345554e-01
4.144383376975770972e-01
1.172506672690291768e-01
-5.320747032784672176e-02
1.887536200645161932e-03
3.392427311934348433e-01
5.757934994936477757e-01
4.480703539738404295e-01
3.607919434739231823e-01
7.385089714123465043e-01
7.188766347980036775e-01
8.030779992972133519e-01
7.969377812343449996e-01
7.213269707040893541e-01
2.430374339989092580e-01
5.150164989421638362e-01
7.504166672601069177e-01
7.828860833313477929e-01
8.477436397052169337e-01
8.456663919352028769e-01
7.870896888416534232e-01
7.420788223996976907e-01
7.553036128602592658e-01
7.750574390019480120e-01
8.064295371213630048e-01
8.431748241567799118e-01
8.261178981232021323e-01
8.044800393084324819e-01
7.234995888591752022e-01
4.575872429941317820e-01
8.009116088822103574e-01
8.073978107961136130e-01
7.700838582149681644e-01
7.167535805784756020e-01
7.257350715760872983e-01
5.099892967682740919e-01
5.500645065948427392e-01
7.204532063661069907e-01
7.495922037407466432e-01
7.183525345315093791e-01
7.126828557811260012e-01
6.825628821791925871e-01
6.344012745411983234e-01
5.043603640666803889e-01
1.437477400648880521e-01
-2.580445537802720374e-02
-3.226872551496829528e-02
1.104621669549088331e-01
2.011515741945267832e-01
2.807715065649504793e-01
2.033217693423302053e-01
2.560580086996543450e-02
2.979352177489545950e-01
4.853550701866614636e-01
2.381701666301280773e-01
3.849175243023713611e-01
2.599994868480024618e-02
2.672447557244596039e-01
4.663240195138025346e-01
1.079035081837855792e-01
1.659745590248635355e-02
4.597710038223138534e-02
7.403726601547210018e-02
3.675911771834654979e-02
4.268415461890778251e-01
5.412945999614252601e-01
4.597626929934044981e-01
4.237633603142634126e-02
1.609044517837194543e-01
3.101052863883330124e-01
4.053300079573294266e-03
1.151635395458661809e-01
4.988749844532582856e-01
5.261915003964054982e-01
4.975528942410337163e-01
2.792347926420450932e-01
3.374292501251019427e-01
3.965685264657020093e-01
3.390876459814797794e-01
9.168903850936882538e-01
6.285425254134400230e-01
5.855561966993423351e-01
6.517925465459548651e-01
9.066390125831736979e-01
6.910099831938445458e-01
2.662225670260173205e-01
2.075208104785956631e-01
7.292255113236960629e-01
6.230805904286577102e-01
4.695206514519432162e-01
2.434644692408940436e-01
2.827015041596474543e-01
3.864823555004661682e-01
5.423703028521664748e-01
7.738588470392144814e-01
7.076073906930308022e-01
7.910498802216131553e-01
6.371225821597762407e-01
8.766955695527873793e-01
8.560892003703208797e-01
8.170508515784420389e-01
6.391324076198756643e-01
8.516534715883259388e-01
9.181356562252569464e-01
1.049577098280173315e+00
8.725468607825882517e-01
5.260660962363135074e-01
7.202545255240004884e-01
1.011903931678102664e+00
8.484992746819378651e-01
3.830902366145879645e-01
5.647167791848271001e-01
8.685374811623129965e-01
1.057710840835735411e+00
9.678648593866673311e-01
8.097260324981623292e-01
1.006317997272632381e+00
1.090996952909784490e+00
1.044221264874039434e+00
1.040553094743942530e+00
1.015455721762628549e+00
9.799082315468519155e-01
1.030026798216149508e+00
1.017456772439937041e+00
9.948916840242725268e-01
8.922568292156656256e-01
7.847011478829695186e-01
4.513664377037996389e-01
5.212057881547734750e-01
9.260667035571965577e-01
8.133914171333914700e-01
8.485657684256449063e-01
8.143784754021663463e-01
5.906636213263070090e-01
3.947920828135272897e-01
5.764654357217149361e-01
5.626777549251289479e-01
4.469619265034368016e-01
3.219483269967906569e-01
9.790300464779799761e-02
5.499896773930675747e-02
4.478436985439082640e-01
3.385105379464118380e-01
4.912030822476777248e-01
6.085653413255860400e-01
3.219111645563149660e-01
4.633211626893339319e-01
6.231044528704856589e-01
4.426356713088158146e-01
