-2.217483586635151096e-08
6.410218067420652846e-09
-5.211445992430952003e-08
2.714428096731572658e-08
5.876738699397704435e-01
5.722842495031445797e-09
-2.413190374485988533e-08
3.316625916685958835e-08
4.924169144481153060e-01
2.679284686587706799e-01
5.216434773570919987e-09
5.480491869076942191e-01
1.040908278173311909e-07
-2.723540750874382968e-09
7.737691475839203470e-01
5.619689544356054863e-08
1.815712286488263272e-01
-3.077311663810864206e-08
1.285571467521181288e-01
-5.248660497673517824e-09
-2.933561523272993727e-09
2.659760586034449766e-08
7.057352045129969663e-09
1.090993008094269403e-08
-1.773161149411856366e-08
-5.818057301069012277e-09
-8.234820840019729005e-09
-1.268228536645025315e-08
-2.227388293399593422e-08
8.044924132285490687e-10
-9.747314852648041523e-09
-3.228369002465215547e-09
3.114198613977477634e-07
-2.537194991521690990e-08
-5.928590507839553643e-09
-1.356499626346502700e-08
-8.529415829834859526e-09
-1.212932496244849694e-07
2.055028742519693741e-09
-4.150914714177388178e-08
2.400130893844088216e-10
-7.486112998526170567e-09
-1.485848869549022127e-08
-9.868182888428439210e-08
-2.444988883962759505e-09
-3.468248469253895640e-08
-7.786471724345719603e-09
-6.104051319480183900e-09
9.768972717624423870e-09
-1.520127890889000402e-08
-7.378882432356508038e-09
8.839565610426200256e-08
-8.711231614515733080e-09
-2.682960735288424721e-09
7.484989747358074399e-10
-3.997094622816899161e-11
-1.254826466999538079e-08
-1.774888266685767168e-08
-3.755135390401860409e-08
-2.036235661936362495e-09
3.247773848835458150e-09
4.467527103730365033e-09
3.524260949729261387e-10
1.399931760795002797e-09
-8.485809857834715076e-08
-1.396329709762922536e-08
-1.357098249096715192e-08
-6.268997228034097771e-08
-2.756804756599556228e-08
1.126473863170218138e-08
-2.435927953589098164e-10
-4.895592497829892922e-09
-5.505527050464617509e-08
-4.221344783078868415e-08
-1.556236582063175453e-09
4.813596487727328589e-09
1.621527677193798259e-08
1.833637019307816348e-09
-5.095852659944492661e-09
-2.709268567850759085e-09
-3.888788270014964644e-09
-2.810626366478379048e-09
-1.741054991651988208e-08
4.858947897216210306e-09
1.079403502626770283e-08
-1.077787383777687711e-08
-1.281642860495015457e-08
-1.032673831047258637e-07
-1.582518426433874025e-08
-3.740530821118653789e-08
-2.747093956533248140e-09
4.275719764524564174e-09
-1.089266264167456725e-08
-4.435263103656412932e-09
-5.315395501184527890e-09
8.455961634427552316e-09
-6.104329229096037830e-09
1.502646566945433383e-08
1.619679958715995496e-08
2.852999161506146644e-10
7.380822334122180627e-08
-2.826072669959012007e-08
-6.200535651653278893e-09
-7.004523357348946313e-09
2.076343534094678713e-08
1.574657894193954111e-08
1.732478066210773588e-09
8.389376380578597370e-09
4.599285317475145645e-08
1.342595265085238601e-08
-4.427211175783784670e-09
4.146909323598509848e-09
4.766032083346807835e-01
-2.315362561423829281e-09
-3.392024863604342611e-10
-3.822926111499991117e-09
-1.069086395253783649e-08
4.676367737425007346e-09
2.619044197445291411e-08
1.517499429120882543e-08
4.362441202067322515e-09
3.364300437950779177e-08
-4.473345516366305547e-10
5.235575751086713119e-08
-7.482460876828472092e-10
-7.338960029871368024e-09
1.002844703658061411e-08
7.683176511154689436e-10
2.061273721919516745e-09
1.805571098715184547e-09
7.344338437057893068e-09
7.621361516057308113e-09
-1.108255932258630256e-10
7.013056057658505482e-01
1.109621552564141424e-08
3.683840905556026018e-09
6.086388641070773568e-09
-5.974508376936631417e-09
2.168446827860165435e-08
-5.881361074212312895e-10
7.438932880830056993e-01
-2.981442255358281092e-09
1.528682018616672983e-08
1.624581058207378384e-09
2.579445490412807163e-09
1.902858723979654609e-01
-3.047428245804730962e-09
7.445928285920629941e-01
1.199327269079796178e-09
1.696927964339858472e-02
1.736002478351217205e-08
1.540291155012372959e-01
6.661859233529792747e-09
6.870695640895099210e-01
5.859848832963768794e-01
-1.865269274385223525e-02
-2.804141877692907514e-03
2.772769121154335776e-08
8.643810035762494888e-10
6.492501297108687598e-08
1.101556028574063672e-08
2.133968594232412737e-08
6.805301621540698828e-03
9.581612456688791413e-02
6.015030689573845764e-08
5.668246429280879123e-09
2.081825951238590127e-08
1.723211656974795170e-01
6.965801964867891494e-01
6.563736927310803666e-09
4.359459720244946535e-08
6.911837456107252722e-09
6.615538834134479533e-09
9.512843513772196838e-09
9.290277666234866562e-08
5.824351070313716905e-01
7.665746131157247442e-09
5.927779897778018366e-08
-8.535283798627595994e-09
3.824503248352555637e-09
1.482005921872685328e-08
2.322281809354187222e-08
7.084526569318737729e-08
5.765835030968590180e-01
3.003030170650873298e-01
1.375925098780439606e-07
1.685320629654201448e-08
4.512549424574578791e-07
3.270728275425757725e-01
3.378845874046840780e-01
8.111818657439321009e-09
5.236441306503307298e-08
3.303607885281041323e-01
1.193599389096935831e-01
1.550252198568509662e-08
5.651303026881611125e-01
1.047892361288242480e+00
2.558032869885772510e-08
1.751164231963852139e-02
-4.643174420807504102e-09
1.199260583914413258e-01
9.060967974269821374e-09
2.845412930558541904e-08
1.721774935808728646e-01
6.560837180945175429e-02
3.152579770247458946e-01
8.935496188362101109e-09
9.123212206404826243e-09
8.536692046714154934e-09
3.418169474556700393e-01
1.877272716643436368e-01
2.408548874519527565e-09
1.539253964470129334e-08
4.064430769743083360e-08
2.576852802726203574e-08
1.687384522533026954e-01
1.462438507515492046e-09
5.137624497960273024e-08
8.737125360892522563e-02
5.040707558241369624e-02
3.754818788121199735e-01
1.996671508076290624e-01
7.375302094582096654e-10
4.479648582395236445e-01
6.489016259707564016e-01
1.434586592929709797e-08
6.782821374062076423e-09
9.541397706404687683e-09
9.624297231359425649e-09
1.712601443767389617e-09
4.340495653448298019e-01
2.802530721518210321e-07
4.791575390135124554e-09
1.368293913699681553e-08
3.591060702834635897e-09
6.607036727868139334e-09
7.072424818548846272e-09
2.095575296469556735e-08
1.722406506006429424e-08
3.358474407192521998e-09
9.695460043167695300e-09
6.654208311118080635e-09
7.571690634044269704e-09
7.817889349829008095e-09
1.558787009246441139e-08
3.890134456350862746e-01
1.146255462483844388e-08
1.224478194646383657e-08
6.012017634170792379e-09
1.083759573946686755e-08
8.897368603056214220e-09
1.865603782270097710e-01
3.601598910083397831e-01
6.133502841754169046e-09
2.959946402322280194e-09
5.064766133346531638e-09
4.032117293949698042e-10
3.086803972015434077e-09
1.613601160836049528e-09
1.734597664058568867e-10
2.866143826597075420e-09
4.059956471310863929e-02
2.700375626086307101e-02
3.762105597500871260e-10
4.509887759035270806e-09
-3.077184563983306813e-09
7.030985731155401267e-10
1.030894739527069375e-09
3.701880087923478209e-11
-3.789029830148036339e-09
3.503370118494700555e-08
2.988823139432592204e-11
1.197947441166868354e-01
3.521904087584299958e-01
-2.845509533195023792e-09
1.520290595716237113e-02
-3.265339204067217427e-12
3.392618229449248513e-01
-5.087005469449002045e-10
1.701950873860771374e-01
5.147266171694830467e-10
-3.148176189859330870e-08
-7.210508209987212201e-08
1.194853259373771326e-08
4.266701327335343796e-01
-2.960288932140204011e-09
1.090047593489721495e-01
1.557129544320786115e-08
-7.837031446367421680e-09
2.043286624798596601e-02
-4.150076060601253960e-08
-2.138251841474743398e-02
2.315932864652035027e-09
3.930028312366409094e-09
8.964110215140905225e-02
-1.292758801920482620e-09
-5.082045021639278182e-02
-2.769231832571463447e-08
-1.590666990435117624e-07
-1.965817948095287174e-08
-3.592068724294046171e-08
3.367297553814231348e-01
7.328226929563675940e-01
3.582248038007616597e-01
-2.154578640127774050e-08
3.785537458257112661e-09
6.849928158942828161e-08
1.418857537887724951e-01
2.050409989270383371e-01
3.848985174311781998e-01
1.288880948297839446e-01
8.451837100909416478e-02
-2.707724873038330978e-09
1.201606887166015436e-01
-1.177832057829379070e-08
4.991164446989856951e-02
6.501172848034479645e-02
7.224114966585714206e-08
6.095085294240447317e-09
9.851918185798436145e-02
-7.685816873833907850e-09
-2.331990006849453686e-09
6.217642208960575852e-08
4.779479344337943525e-01
2.349421150909498934e-01
-4.317624809988607106e-08
2.163135683362160944e-01
1.863671056624674471e-01
-3.363009618693486228e-10
1.725200467687764139e-01
1.785112202513624569e-01
7.178304410309822581e-01
9.298160072848037361e-01
1.053503117602664130e+00
7.767963258849409636e-01
1.918690904114037088e-01
1.018495727992490135e-01
1.792731858023435265e-01
1.130736074675378622e-01
4.137863220277745446e-01
1.512346673012341380e-01
1.369106005427515038e-01
-8.184448653427301050e-08
3.179120465316760402e-01
5.245297525406074080e-01
8.005820656521579759e-02
1.065898573729835430e-01
2.645273847398876277e-01
-3.149451411533067173e-08
-7.391511329753289016e-10
1.651544484402911184e-01
2.101822352811864511e-02
7.242038063324686414e-02
2.159376499774205149e-01
1.792275314977464507e-01
4.625945898059665162e-01
5.316559869369377189e-01
-6.200260623482355127e-02
1.046907602220493727e-01
6.150365807995870210e-02
7.547281842825102893e-02
2.496013107891678073e-01
1.382920410258571819e-01
3.053100276863764903e-07
1.265418441047199971e-01
