-2.213524340159501351e-08
6.410834625745131848e-09
-5.209718505697355624e-08
2.713652382666279771e-08
5.876700479538636834e-01
5.722033618061927751e-09
-2.412097984123936232e-08
3.316039298257298203e-08
4.924149751331630132e-01
2.679249993075105141e-01
5.213079723596201986e-09
5.480465734927406629e-01
1.040172766031080978e-07
-2.718719315704467795e-09
7.737650407407087316e-01
5.607703470085003325e-08
1.815685314901117620e-01
-3.077568795429227268e-08
1.285557664713942172e-01
-5.246513295546260364e-09
-2.932136410391004246e-09
2.659128958032789076e-08
7.054219605270339442e-09
1.090544177269574497e-08
-1.772714620757435470e-08
-5.812812344591706454e-09
-8.229157723550784368e-09
-1.267780051790984367e-08
-2.227260581604332720e-08
8.046515972131516929e-10
-9.733103411444803201e-09
-3.227893415700471555e-09
3.114203761357525471e-07
-2.535121960135314541e-08
-5.930087253659679151e-09
-1.356163392369524547e-08
-8.522647542928784263e-09
-1.212747616527661912e-07
2.055263620326038398e-09
-4.150897328647403303e-08
2.405074057572076982e-10
-7.482012531373090653e-09
-1.485576889732850765e-08
-9.869164782271174403e-08
-2.439294519114063129e-09
-3.467550075555611373e-08
-7.780256510063211217e-09
-6.103132438856137745e-09
9.778014177441784967e-09
-1.519891373554839116e-08
-7.374247070848114303e-09
8.834760450355512902e-08
-8.708137620301704021e-09
-2.685669040138662515e-09
7.480975532496764123e-10
-3.720841542232748817e-11
-1.254474191272979474e-08
-1.774718244118444450e-08
-3.755874929462784591e-08
-2.033780448698832200e-09
3.247851643853444017e-09
4.467817591999711407e-09
3.534430448177030315e-10
1.402564209624308319e-09
-8.479485747186103462e-08
-1.396149482087185861e-08
-1.356222040624893765e-08
-6.259611251069029491e-08
-2.757414165679957909e-08
1.126242890479355096e-08
-2.329659514493909093e-10
-4.890960982681789086e-09
-5.506059230134132953e-08
-4.221458716587511242e-08
-1.555078685708009120e-09
4.813496870482952595e-09
1.621655315211508550e-08
1.833308906597169061e-09
-5.095320461813702392e-09
-2.708832467057957703e-09
-3.888729971545094536e-09
-2.810307627746516796e-09
-1.740823152019844571e-08
4.857951267789517217e-09
1.080475957966239080e-08
-1.077562964708074586e-08
-1.281673036261922171e-08
-1.032809339661070178e-07
-1.582587419013602191e-08
-3.739659883147015766e-08
-2.743270818662768357e-09
4.291797638616727202e-09
-1.088572528107791009e-08
-4.428905663150783752e-09
-5.312364561459180610e-09
8.458545743177938539e-09
-6.101534744871713866e-09
1.502875437778641495e-08
1.621263414915727104e-08
2.853467242360140138e-10
7.378976794665065535e-08
-2.822900573871875715e-08
-6.198422346890531410e-09
-7.004383562766834672e-09
2.076199706712075348e-08
1.574510380496946260e-08
1.731585798368751358e-09
8.390179603725391884e-09
4.606919766600789180e-08
1.342578405224265578e-08
-4.422191017568450479e-09
4.165928658684278383e-09
4.766036601503383929e-01
-2.316100194148179781e-09
-3.389859755390728752e-10
-3.807345373229053730e-09
-1.068203051281293414e-08
4.681567195440337616e-09
2.621832117903632505e-08
1.517513140399901204e-08
4.364600406563483490e-09
3.364448534903783185e-08
-4.406614463372534017e-10
5.239648267101066943e-08
-7.448580706705643399e-10
-7.334952408112115318e-09
1.003386968508202153e-08
7.673967786780742717e-10
2.077803839925125828e-09
1.815559480273723416e-09
7.340170779485417617e-09
7.627122083649056591e-09
-1.074960745153886704e-10
7.013480690729479994e-01
1.111172978765228166e-08
3.685219813731720695e-09
6.094986974314958515e-09
-5.971831095634058406e-09
2.172204075467978736e-08
-5.747915496909649253e-10
7.439547122432080828e-01
-2.983123401963296414e-09
1.530096577086471841e-08
1.632989935732850572e-09
2.609071869794810636e-09
1.902968304600615723e-01
-3.033560952042149607e-09
7.446544716924766716e-01
1.198516566382414447e-09
1.698749164870426431e-02
1.739291192972260351e-08
1.540391767117895438e-01
6.676720932668884064e-09
6.871192834695313278e-01
5.860474918867526473e-01
-1.859425947498711054e-02
-2.786152917820766076e-03
2.782072519663189908e-08
8.706173826479120028e-10
6.505240295943413486e-08
1.103471755593998829e-08
2.138164455152131502e-08
6.823244193103186229e-03
9.583171421877631491e-02
6.024837078994967977e-08
5.688685247654887815e-09
2.082347631352334608e-08
1.723364705098362204e-01
6.965954032384177319e-01
6.562452783982170920e-09
4.376948483191398004e-08
6.912391007233750560e-09
6.621384454021639964e-09
9.514916947697473611e-09
9.354709034441898132e-08
5.824649875448733027e-01
7.680703021956591896e-09
5.936257503189960533e-08
-8.486271844205170160e-09
3.827738930139511712e-09
1.482153014543423624e-08
2.325760322252156195e-08
7.087858533294071172e-08
5.766077943345446766e-01
3.003168505111461495e-01
1.390179701205858387e-07
1.690063455903958399e-08
4.646476050503172668e-07
3.271121292336421904e-01
3.379369052988496214e-01
8.127841439259779366e-09
5.242626434258273411e-08
3.303631254215616542e-01
1.194034089207982319e-01
1.550737771804717261e-08
5.651296470241624625e-01
1.047918605665712599e+00
2.556618841657850862e-08
1.752543535835321409e-02
-4.644865176766939701e-09
1.199418914114565859e-01
9.071322255652522124e-09
2.849024889658847284e-08
1.721960651411945376e-01
6.560810832589572539e-02
3.152981174190696012e-01
8.941651681696059472e-09
9.175955842310703295e-09
8.539906366651100863e-09
3.418647534062275728e-01
1.877429801125246045e-01
2.415150866341379972e-09
1.540984060462197672e-08
4.146109322858308024e-08
2.579069922508199804e-08
1.687815920501919698e-01
1.581505648498214627e-09
5.176344447704576061e-08
8.737120084515932750e-02
5.040367526208332227e-02
3.754957751885476536e-01
1.996891848382866264e-01
7.431981501043978525e-10
4.480115274896183108e-01
6.489290587765992324e-01
1.434794373257669269e-08
6.782661668519515056e-09
9.544411903486380903e-09
9.632716093532044630e-09
1.714135698389580379e-09
4.340582371183947519e-01
2.734032329947132716e-07
4.801777835731771439e-09
1.368968723019130493e-08
3.594686266135715600e-09
6.610015425879913045e-09
7.072481438326012434e-09
2.095438581353633836e-08
1.722710999409733311e-08
3.360245927509646743e-09
9.697973544475173893e-09
6.655221191209136457e-09
7.573591890929861484e-09
7.820467948462070392e-09
1.559039771302554232e-08
3.890335408687363161e-01
1.146632770042773523e-08
1.225149369708577507e-08
6.013651248328702868e-09
1.084028174965034523e-08
8.897964084124952979e-09
1.865615572917292686e-01
3.602035546970613344e-01
6.133854737237117379e-09
2.962515110863661505e-09
5.071924311559315242e-09
4.040129256545558102e-10
3.088542091184698177e-09
1.617872113175987474e-09
1.740737729583466997e-10
2.863571511674737757e-09
4.063296332015271795e-02
2.700122302969072338e-02
3.763354808824294963e-10
4.510190973052651003e-09
-3.074446837627976310e-09
7.058363772940910239e-10
1.030547191326586582e-09
3.716082051033466155e-11
-3.788388710616227457e-09
3.502586523520261201e-08
3.005193165574009476e-11
1.198073123002059009e-01
3.522329921051908785e-01
-2.842439020215325181e-09
1.520837417442634509e-02
-3.264576763448602849e-12
3.392750664147641815e-01
-5.092634239951603408e-10
1.701922589941959052e-01
5.156264348428964275e-10
-3.148571578742474396e-08
-7.206374099983292552e-08
1.210406923128410406e-08
4.266668214051725916e-01
-2.958082676750938914e-09
1.090300032583808032e-01
1.557924865031800207e-08
-7.838143537598359711e-09
2.043039329997846376e-02
-4.143173557848418370e-08
-2.137783771820442671e-02
2.317166619759975358e-09
3.927006413625930086e-09
8.963972097550147733e-02
-1.292708871186038970e-09
-5.082474178734604220e-02
-2.769823433827038571e-08
-1.576850720781515696e-07
-1.965345360142522527e-08
-3.590966721174066585e-08
3.367257851985944184e-01
7.328191003394738390e-01
3.582206187450946433e-01
-2.152807958012725859e-08
3.783550614109911246e-09
6.850746610259479010e-08
1.418822805586908431e-01
2.050370387008017825e-01
3.848962420227873826e-01
1.288871304389003214e-01
8.451603549902876600e-02
-2.708979547510725831e-09
1.201582871997214502e-01
-1.177127270171123740e-08
4.991050092412686184e-02
6.501038900603062221e-02
7.215081414253895147e-08
6.087520774966927173e-09
9.851800045390243787e-02
-7.681436057001270229e-09
-2.331061236937598862e-09
6.213198546522141327e-08
4.779438894147255423e-01
2.349380613291782993e-01
-4.316658075058575625e-08
2.163107684215225257e-01
1.863629523965505963e-01
-3.373717062614694489e-10
1.725157098331262795e-01
1.785091230462396705e-01
7.178264718496234487e-01
9.298117726683059470e-01
1.053499025166408032e+00
7.767920191756474413e-01
1.918651167341389463e-01
1.018455812955190998e-01
1.792681785745103840e-01
1.130722915225919195e-01
4.137824127124508089e-01
1.512301902490186811e-01
1.369068882168802126e-01
-8.178470860285371740e-08
3.179078618960635150e-01
5.245259425318949953e-01
8.005414265411434083e-02
1.065861960249694651e-01
2.645228779753611148e-01
-3.170213765734193265e-08
-7.408699775022419694e-10
1.651501468351248836e-01
2.101380949970451870e-02
7.241696888403682808e-02
2.159335119133657943e-01
1.792229561361101120e-01
4.625902649201248940e-01
5.316510649745705974e-01
-6.200626021861423837e-02
1.046881748582486338e-01
6.149971801985117115e-02
7.546893765834442047e-02
2.495970271324823853e-01
1.382879921840154958e-01
3.033511651927567639e-07
1.265374455168306600e-01
