4.419041110769946767e-01
4.431049035754293097e-01
3.592567715363216840e-01
2.951720019815706753e-01
4.416020005511875346e-01
4.687303033156725585e-01
5.299478154342847080e-01
5.311537145436520113e-01
5.445823838799542793e-01
4.875350622276281021e-01
4.605790702141615567e-01
2.328321243005087304e-01
3.744204517057839743e-01
4.158800326716994844e-01
5.300762016811898514e-01
5.574706699368833229e-01
5.018728982977603836e-01
5.048781864645572881e-01
3.827799116507860644e-01
3.061212898200583732e-01
1.161120520937587719e-01
1.343128984135029125e-01
4.483806886435772743e-01
4.418809119995121826e-01
4.725939794592068921e-01
5.134145333503581377e-01
4.978108879450048319e-01
4.819109931773488675e-01
4.271931506604762507e-01
4.121325151851810142e-01
4.308391466588902263e-01
4.230567528808525379e-01
4.721316077515391729e-01
3.534831471300996508e-01
3.687475182630498560e-01
4.595288673038073757e-01
3.566772934182549926e-01
-1.669533149213297402e-02
1.118794336541727719e-01
5.139200469470887045e-01
5.352136732239967110e-01
5.583680382908884354e-01
5.289699172831864304e-01
4.940564977053172324e-01
4.448347196114939561e-01
3.789862795666597006e-01
4.721737241588486178e-01
4.234040965950216506e-01
4.209332337698573623e-01
4.040243518730949890e-01
3.376676923223090321e-01
1.890166435876566853e-01
4.235676436015305413e-01
4.077836853149965912e-01
2.626245186202463833e-01
3.796996676012823757e-01
4.379540862104444043e-01
4.121652057053029061e-01
3.636814305927712487e-01
4.412541485302319266e-01
4.606157984911138370e-01
4.710880166617265052e-01
4.916594204115867228e-01
4.684495196859728150e-01
4.168075234043281396e-01
4.143603950915019096e-01
5.043431921987778788e-01
4.913370857593433727e-01
4.960992876441217003e-01
8.030608698878373419e-03
6.139178173669841698e-02
3.933300555066807092e-02
-9.236970017086114371e-03
3.875082779480856221e-01
4.841232142603230648e-01
4.992742928722755380e-01
5.423353139827385982e-01
5.302789889109378318e-01
4.974355483690722224e-01
2.355517586626898474e-01
5.169822211727688188e-01
5.727811551557159264e-01
4.941897377311986750e-01
5.286007039064892776e-01
4.580835030281599773e-01
-9.022349277305634352e-02
-2.818808802096255950e-01
2.509579271884433971e-01
4.692281298775702325e-01
5.201805959412786340e-01
4.521028897730380303e-01
1.610071958019319016e-01
3.173943033887822174e-01
2.265112193379862637e-01
-7.466637786637133622e-01
1.513503218066498401e-01
4.766990856556860834e-01
4.741388440255266401e-01
4.440893664917328620e-01
5.686081534270743809e-01
4.653924276536802740e-01
5.540587555213496440e-01
4.977018768572546437e-01
5.678146865744295724e-01
5.902177233565898407e-01
5.675611975976422308e-01
5.910546911134357817e-01
5.866480827668230091e-01
6.311880280547671473e-01
6.629969506256405687e-01
5.794479344616698668e-01
2.846316878925317373e-01
5.508128462519220614e-01
4.473740863149657798e-01
2.303903780597602591e-01
5.352738401274252933e-01
5.284220963709787000e-01
5.668340682752152082e-01
5.423252147760601050e-01
6.311220560740774532e-01
5.509967416410395114e-01
3.253888172495666420e-01
5.501457448419867502e-01
2.142250620171440578e-01
3.661990419206971603e-02
5.516648995073909489e-01
6.449151162794268810e-01
4.293663154432165729e-01
-6.382737219349283730e-01
4.641492996013060202e-01
6.400026301739301093e-01
6.150412525672750430e-01
5.909520536263915824e-01
6.764164628174160754e-01
5.525023050182417128e-01
2.182402387500772811e-01
6.215166485385172912e-01
6.548945459792285817e-01
6.978740654586110814e-01
6.349368289841206270e-01
1.037188673918696818e-01
-7.557442188733659583e-01
-1.378080849459552282e-01
1.316124317719027381e-01
4.940638047016019385e-01
5.803422084256880664e-01
6.248650686591339376e-01
6.765198344341936121e-01
4.646449171271855860e-01
1.920824143953936969e-01
6.141051330909041983e-01
6.182268760759928039e-01
6.160739805502927213e-01
5.650464264090994115e-01
6.577705855247405475e-01
5.923836410295052479e-01
5.455776434587202850e-01
6.764843969258945711e-01
7.023193963459115619e-01
7.135660457572529092e-01
7.292306836962521022e-01
7.280198907961639154e-01
2.009981478766726115e-01
-2.290394716086648075e-01
6.424531872098333540e-01
7.596963818317437056e-01
7.623554277045985206e-01
6.795640722815019519e-01
7.243774316793569756e-01
6.284742455317740006e-01
4.563395911784979275e-01
6.623804596979372405e-01
7.372307478477024834e-01
7.788364220454850884e-01
8.286694071207267864e-01
8.281626956907000014e-01
7.577310012422512342e-01
5.267739052320438153e-01
7.764863039338889550e-01
8.274036223859533301e-01
8.649344559819289735e-01
8.206084786219439708e-01
9.037231307741522279e-01
7.615662419723254750e-01
7.689554305208734508e-01
8.083452472281933421e-01
7.501095490804263743e-01
8.636265809829748452e-01
9.097845713002387091e-01
8.475357230105584616e-01
7.509150064456375784e-01
7.150026245406140291e-01
8.320840111472984635e-01
8.765202889453216351e-01
8.081881468081254516e-01
8.323995132895821714e-01
7.890191056702188233e-01
4.965792347851180066e-01
2.904673243018453532e-01
7.564461051075626052e-01
8.443946131932718036e-01
8.285960993575783862e-01
8.108790742343717772e-01
8.332625215751663372e-01
7.216811232249655816e-01
5.145006395809994526e-01
7.761111996339296049e-01
7.887834730843057418e-01
7.346743575514613767e-01
2.215466230885225762e-01
5.371538181793991118e-01
3.863799700700359940e-03
5.354299704020952788e-01
6.037596417230505219e-01
8.388800406841685486e-01
8.716542401665932083e-01
8.591509938367662969e-01
6.544574810452239433e-01
5.780426511619622953e-01
-5.721208626633037531e-01
4.124837659507577525e-01
7.531403427054242927e-01
8.952371816151095674e-01
9.464525663717833215e-01
8.460263160818813910e-01
4.427461143072461969e-01
4.619947376915740644e-01
5.916524280139228154e-01
3.460932648505199438e-01
6.843111595839097561e-01
6.883804805529830650e-01
9.170688972025430319e-01
8.620478200937851110e-01
7.318608697062534141e-01
8.254483444587021879e-01
8.618162676699643310e-01
7.968448528146793164e-01
7.841850805279747538e-01
8.681206870724716973e-01
7.985066366404572902e-01
7.525504646051134339e-01
8.395365217205892350e-01
9.610804802758841081e-01
1.002727398617659027e+00
1.049458804374625132e+00
9.866497413146521067e-01
9.887264157137096721e-01
8.460262265967818385e-01
1.090624088369650746e+00
1.163457748870642128e+00
1.163282763823925592e+00
1.165040839336606737e+00
1.249504766224539321e+00
1.219401694371838207e+00
9.194791168928755365e-01
1.173548444361327103e+00
1.283055794765982860e+00
1.458933365443653152e+00
1.366142065609626366e+00
1.350169675146460246e+00
1.264034233934225870e+00
8.071421164357168720e-01
1.091429590974706487e+00
1.308199425866312549e+00
1.100373797810486831e+00
5.025092410670704002e-01
6.826488243801154265e-01
1.156918357676596676e+00
1.089270320269978276e+00
1.158081536671993650e+00
1.127813421172081387e+00
1.025231017044847315e+00
8.272978542439206606e-01
6.468282769683701972e-01
9.803291048703124400e-01
1.260677139770506605e-02
8.206105410960686797e-01
1.138919670632450920e+00
7.125800888408222455e-01
2.668355651032180642e+00
1.835806834432486934e+00
1.281919463138987414e+00
1.172233893552303341e+00
1.305428279099299260e+00
1.000275456330804724e+00
1.512374939653330141e+00
1.323662919429999363e+00
5.780487332174664150e-01
1.239278178780079287e+00
1.197175030126015782e+00
1.267062507628982759e+00
1.028653885114419131e+00
2.403175762636803464e-02
2.810322671178109299e-01
6.006259236673456847e-01
7.723434834961538931e-01
9.037184548615725399e-01
9.577744280419011602e-01
1.306618533466996857e+00
8.951785213722599499e-01
1.310221541900870923e+00
8.805743727911953256e-01
7.626454397891839765e-01
6.239333159768534198e-01
4.252048865591478988e-01
1.347350286021137045e+00
1.482184058253086079e+00
1.604572291886394275e+00
1.255262844249336096e+00
7.528916363541722223e-01
3.108096396343643791e-02
6.752892132701923122e-01
1.599594301973216837e+00
1.154141623009748985e+00
1.704470454505336185e+00
1.605839506819960238e+00
1.098145165145925972e+00
1.624451954842562440e+00
1.754911624450798957e+00
1.950882279676590780e+00
1.674748238477126172e+00
1.029940730363229751e+00
7.562935345031771561e-01
9.713806499726644894e-01
8.335690875403561906e-01
1.642082499752025804e+00
1.644033034351106259e+00
1.995395378452268442e+00
2.128289737519663216e+00
1.580208477512084375e+00
1.684873282550654050e+00
1.911059037224943857e+00
1.579368702047874384e+00
1.059404041146077891e+00
9.308765296003571610e-01
4.850859333228524362e-01
1.254595863212881524e+00
1.668473133244373630e+00
9.017596980735556045e-01
1.940920098614283607e+00
1.300176035698018318e+00
7.989777595890180661e-01
2.041795786758578313e+00
1.763880735567953106e+00
2.225393958793159044e+00
1.178214107228728658e+00
1.623452590120326056e+00
1.678754265313845417e+00
2.204876706161467581e+00
2.514202060434479691e+00
2.750784165711434692e+00
2.534568985821238574e+00
4.808405580676043956e-01
1.624255457112002476e+00
3.237488278832437061e+00
3.534930517921951232e+00
2.669831259212580576e+00
1.121062560769725769e+00
1.589322725996664687e+00
1.668543780275928423e+00
9.029368903867596163e-01
5.466142675806813234e-01
1.082236323270021838e+00
4.058534002995338730e-01
1.405798075422790179e-02
