4.560501326769478836e-01
4.054411003632497623e-01
1.528434234762038151e-02
1.145737895400593231e+00
8.963772402542827811e-01
1.226796202201229313e+00
1.208710827396342280e+00
1.579112851373469573e+00
7.166106431240771846e-01
2.031253942514484656e+00
2.150024531303385888e+00
2.019541013624548853e+00
1.722676813505654714e+00
1.218215543459005623e+00
2.071049205636300350e+00
1.358137538897872254e+00
2.256964384754413522e-01
2.062258862056361330e+00
1.634301467930577401e+00
8.131971300580566053e-01
1.268566100849376266e+00
1.323926705116602598e+00
1.891189485156907768e+00
1.975248353315939509e+00
2.268737102261753069e+00
2.182865061645467897e+00
1.150360683626915792e+00
9.046415285076110369e-01
8.802854890798803567e-01
9.973146337586379084e-02
1.187099740872088027e+00
1.537711010609387419e+00
1.607122942851480774e-01
1.733207603347588499e+00
1.268795255922844145e+00
7.574385147134552465e-01
6.630603823800731988e-02
1.974482368005831545e-01
1.175285423208801250e+00
1.273673131881028375e+00
1.884369332134540054e+00
1.769750028669611064e+00
1.373829650585208340e+00
9.099342043866636143e-01
2.094295754518580854e-01
1.259410048366116142e+00
1.105338877893506933e+00
1.703153984508434804e-01
8.047745990740972077e-01
8.542767045902982526e-02
7.126267550859446409e-01
5.669978436376181541e-02
9.009130731904733125e-01
9.461291697372053999e-01
1.166044827247759263e+00
1.066425566146412818e+00
1.920208748402718824e+00
1.575597346034950608e+00
1.752017141049352800e+00
1.657460493294866888e+00
2.532419801281351468e+00
3.132430943907784204e+00
3.347718919163361395e+00
3.260240284118467002e+00
3.022519735277380271e+00
3.737925520001104118e+00
3.970923149398229768e+00
3.997753070777223527e+00
2.566557876072347533e+00
6.262828300021032746e-01
7.620491316252724356e-01
6.567464819528274766e-01
2.295282931173002972e+00
2.661890588708414107e+00
2.333980737693940100e+00
1.518798088770970001e+00
2.161060964735019407e+00
1.199556613549578765e+00
2.161547942085834950e-01
1.346170533502792699e+00
2.252460440614701298e+00
2.064392376796432949e+00
2.218083243353015988e+00
2.220488985256913406e+00
1.430420901872172745e+00
1.680355632173861080e+00
1.928768606279795961e+00
2.302118962203760333e+00
2.525000150108986485e+00
1.942057761327538934e+00
1.345863038163349179e+00
1.472193771532056772e+00
1.636035981624596847e+00
6.756632600970815528e-01
3.540912761159304978e-01
1.120749871054923519e+00
6.948384430433727221e-01
2.364749780961132933e-02
4.517843416605488160e-01
1.790249191868951151e-01
2.000200718807706224e+00
1.658042303480982804e+00
1.841870195254915465e+00
2.115372726897667643e+00
1.866564557286426451e+00
1.267273550724123288e+00
7.377732136464267843e-01
7.660181832683319314e-01
2.024764540877951546e+00
1.878979439446566202e+00
1.893993236347741860e+00
1.559492347967382120e+00
6.537996503961236439e-01
6.838437378301459590e-01
2.050345940656840504e+00
2.209520615975204549e+00
2.089452161780315897e+00
2.145949267271971550e+00
2.162188245804437692e+00
1.869910794933030029e+00
1.767293006322820048e+00
2.067392263094272042e+00
2.013302228870387900e+00
2.182213645897759680e+00
2.239917262801203179e+00
2.204145722682158137e+00
1.948379565526516366e+00
1.424354120166746229e+00
2.022057772781067353e+00
1.545565332610803200e+00
1.224635292631531147e+00
1.379857593115173753e+00
1.342033576500421876e+00
1.054254415199779027e+00
1.061037429577185609e+00
1.942645853697535951e+00
2.063802370972431355e+00
1.877491734885518904e+00
1.944335082832123973e+00
2.022881591472653451e+00
5.706586830515909536e-01
1.435905443191136888e+00
1.778128565853342336e+00
1.090614481590228557e+00
1.681833579304623516e+00
3.796376351550846406e-01
3.384150188605943299e-01
-6.985491170072702372e-02
1.378662915317532267e+00
2.071504119149058187e+00
1.950787648818528286e+00
2.003475858082743422e+00
1.771721385066074905e+00
1.753407157843519526e+00
1.415687212161024000e+00
1.280859952404640234e+00
4.544713421303847034e-01
1.653740666732237186e+00
1.792074339597790278e+00
1.775498253298707585e+00
1.768867879595100945e+00
1.078340121564956400e+00
7.497797338183812554e-01
1.396799873162309913e+00
1.692152300360730388e+00
1.904775079091391765e+00
1.746231435484788097e+00
2.291889004276009167e+00
1.448549784977060995e+00
1.025996535543738597e+00
2.283613328253120134e+00
2.378268799343083550e+00
2.806050165445037603e+00
2.611883378730452954e+00
2.491849132103376441e+00
2.079664476090857583e+00
1.442726755677191663e+00
2.764442498438243856e+00
2.787717579366844944e+00
2.862665368342966143e+00
2.938048534779123422e+00
2.896587646994253973e+00
1.639824420005483674e+00
1.410943498620685466e+00
2.431226722818482955e+00
2.856832267077238363e+00
2.609313362775306011e+00
2.055684192131857380e+00
2.414266395576933455e+00
1.432596232533958513e+00
3.799096411263323536e-01
3.266412997058867784e+00
3.367986766274121635e+00
3.039256974026488756e+00
3.338389844035214438e+00
2.834457502739855528e+00
1.232197203663355278e+00
1.441827589244026209e+00
3.112786636103673565e+00
3.527832539351734020e+00
2.737985946178798091e+00
3.519181689703371418e+00
3.326766656726642069e+00
2.885862038746457081e+00
1.842734824922225290e+00
2.708953056243543323e+00
2.620275470838169252e+00
3.796705328531639445e+00
4.373877951503233774e+00
4.098572720652850165e+00
3.435429552808437315e+00
2.650826088054963225e+00
3.681338642508880543e+00
3.187911187710996241e+00
2.964299306625569841e+00
3.630857715784201911e+00
3.439872102688935396e+00
2.327522993991099298e+00
1.433207759593846831e+00
3.081247533466094701e+00
3.113361311043695068e+00
2.937162775803116688e+00
3.154383347432278217e+00
4.018332894585624260e+00
3.194011607627027516e+00
2.455075025561154423e+00
4.044038976416581832e+00
4.472619406170975864e+00
5.178693694943308223e+00
5.433959043352968088e+00
4.834436858921306701e+00
4.407875363738122942e+00
2.420843827200270582e+00
5.293614021371151779e+00
5.588070273086641393e+00
5.908631686316978993e+00
5.529037582815879759e+00
6.479162521412803244e+00
5.763483463020457442e+00
2.941608500038224605e+00
5.769628644175893939e+00
6.289537159456134674e+00
5.707641555501689723e+00
5.319658016698173952e+00
3.633015008738623042e+00
1.897160997827234574e+00
1.444244079789623214e+00
2.456496876070146218e+00
3.069076630273696260e+00
4.232546367723077907e+00
4.170267756638256884e+00
2.530092105261215529e+00
3.819978377842537576e+00
3.444580918456971563e+00
3.707446333448181974e+00
3.267782565703517328e+00
3.726419226144769503e+00
3.315356774041758214e+00
1.247885900911984258e+00
5.180059213067363943e-01
3.893962089872278209e-01
1.016656771049396335e+00
2.892801992950962298e+00
3.259896488632424649e+00
3.410672598426814250e+00
3.291607866092616241e+00
3.407885990730546322e+00
2.331144645475614841e+00
1.533129590945548681e+00
1.911058713139203613e+00
3.065935702043264044e+00
3.600720822290781165e+00
3.135841481994296132e+00
4.390298501805208198e-01
6.394894208863415308e-01
1.046520973010191202e+00
1.894167456435631003e+00
7.450291466979814814e-01
3.047217005171420218e-02
1.225026319302814137e+00
1.014949728386109529e+00
1.192532681941189887e+00
9.099274856825869673e-01
1.841716013621303771e+00
2.278189782735787983e+00
2.207485634177776213e+00
2.309940968127095040e+00
1.529220369761048914e+00
5.297715773547666540e-01
1.109067384151987135e+00
1.564618524195704463e+00
1.384693596261647119e+00
9.798930954716758013e-01
1.348984857235580037e+00
1.364190088586065608e+00
9.431414327972179601e-01
4.206764660454833660e-01
6.244306686294734954e-01
1.041898692926753522e+00
1.137473525555074527e+00
9.586858694629378785e-01
9.802985615635869676e-01
1.065210260539564580e+00
1.331670905558435702e+00
5.806130375377182018e-01
2.280506479370453254e-01
6.380544386018869307e-01
1.161726952494645415e+00
1.297864474102559784e+00
4.733694357120962759e-01
8.675992013291108224e-03
7.792154980864391955e-01
8.351876201325656446e-01
1.192810745985923182e+00
7.931348866470944170e-01
1.465910899292380609e+00
1.374179028743117703e+00
1.158218139492677157e+00
1.430534115358529146e+00
8.468046167669803781e-01
1.573610713710128506e-01
1.334385543755572279e+00
1.630528830330670420e+00
1.967996280190347669e+00
1.650184112366883671e+00
1.110632469607892858e+00
1.550818039300123408e+00
1.371893458284411782e+00
1.777760206193347958e+00
2.191235803797664694e+00
1.364990761830330745e+00
1.376201200501254274e+00
2.610705274704454570e+00
3.091792478006338829e+00
3.087629674368524313e+00
3.229304889114156918e+00
2.573946077420161238e+00
2.323958282312747592e+00
2.010412518120396008e+00
3.073556970597327798e+00
2.357075394249118716e+00
3.000582142073156433e+00
3.320486003689587129e+00
3.119689045150208173e+00
2.957417736661583696e+00
2.982741090805670403e+00
3.119074162938468397e+00
3.035342232390097816e+00
3.029641575464984804e+00
3.077682303592171209e+00
2.597640219221595714e+00
1.768433530940920928e+00
1.109887013199644112e+00
9.783666334864786762e-01
1.864864329234457996e+00
1.525441314807377102e+00
1.543963965598831978e+00
5.602378995137553552e-01
1.000055344779908761e+00
3.720585226214940255e-01
1.075281194940240215e-01
7.259764460746680192e-02
-1.643320023495698987e-02
2.384084348309986612e-02
-4.467526547484095695e-03
