8.654799647705496701e-01
3.712254314176307024e-01
1.328026957963763799e+00
5.631073463619149511e-01
4.078483594649314203e-01
1.216182612355917625e+00
1.044464846785682965e+00
2.948614920102433645e-01
1.533070329925538822e+00
7.740206041839758910e-01
6.525694102657020323e-01
6.271467607480532003e-01
5.368725778016955053e-01
1.160874881539458947e+00
2.858205970590311784e-01
-3.754044957106429742e-08
2.059288241290775368e+00
5.220539231508883882e-01
4.215827741290751329e-01
9.530068665360492686e-01
6.694916647073450022e-01
6.691285951347317740e-01
2.148939090021269871e-01
9.319695825771437958e-01
1.358032111675053111e+00
4.501630550445738232e-01
1.145060324325835460e-01
1.364464615301030470e+00
5.354415481396777032e-01
1.436796962799240074e+00
1.167678497498332746e+00
3.542823043317195331e-01
2.172795066799975139e+00
3.218018122271736892e-01
3.748438405117548444e-01
8.236844806764079818e-01
1.087256967880419367e+00
1.934364763097815132e+00
6.388594917271955831e-01
1.162887069700905274e+00
2.452937651943666864e-01
7.454417451465042976e-01
6.059458185858396240e-01
4.903922096744707249e-01
1.453791001221104384e+00
9.053592641121706031e-01
5.682782730021738171e-01
1.225144727875047801e+00
9.202928982561469073e-01
1.037684997082543914e+00
2.934275630927497547e-01
1.173218595286589006e+00
8.860793358559482247e-01
1.327156434149477482e+00
4.277491288512182410e-01
6.565983608780480152e-01
1.171729996506417848e+00
1.015046946356382929e+00
1.808093213505639119e+00
1.679264849652257752e+00
8.687395166480371689e-01
7.448326923975715497e-01
4.266360429683953570e-01
6.523295274365780161e-01
1.329997303232497874e+00
1.369912322712789399e+00
3.513900005775210555e+00
1.871923666063991964e+00
1.795976156273132673e+00
1.645156145624266708e+00
1.744634248051085246e+00
1.762450525878522134e+00
1.658212073538869236e+00
7.004081042172554117e-01
6.012439043980811748e-01
1.481297470418147633e+00
4.599896038387146779e-01
1.312617453141657897e+00
1.223172147432230572e+00
2.134105017084242384e+00
9.657064546844349451e-01
1.254227341886208880e+00
1.042288456552676656e+00
1.070551910804714124e+00
1.535846289715604440e+00
1.380818259921043678e+00
1.371916835724990458e+00
5.814368883569256408e-01
4.255399014950819181e-01
6.016339107216642779e-01
9.096558216937373764e-01
1.028717175990766508e+00
5.764572756319222835e-01
4.341524862186483813e-01
2.244983544168893008e+00
9.469908854488269245e-01
1.608997462202050310e-01
2.501229124920339331e+00
8.865885454608189997e-01
2.267329586370665950e+00
1.060136105968918274e+00
1.009772192419363890e+00
1.036745827235307837e+00
4.867090544191549073e-01
2.951848060425193432e-01
1.273465623931972157e+00
1.658484563037478043e+00
1.541686688703766572e+00
5.756129591940100099e-01
4.973048029271832648e-01
3.422897546973656668e-01
9.335139897226771843e-01
1.439511496432875903e+00
1.494926495842589853e+00
6.002091575010222169e-01
4.427461073226894306e-01
4.178318568527310539e-01
5.365194873242095097e-01
3.929869415613753691e-01
4.080029642021770209e-01
6.354594964880935226e-01
4.523048845212734870e-01
4.618678588889698067e-01
5.009000384963226971e-01
1.914068613392256590e-01
3.185950342804410029e-01
2.138827331872027449e-01
1.139273597523399850e+00
4.962415778763737406e-01
1.307607345318584580e+00
1.726144246488201972e+00
1.524569756570457901e+00
1.762687121912539290e+00
1.860004080322879672e+00
1.598116403587110046e+00
6.981004180017112981e-01
6.753684279602265583e-01
6.669846424016956377e-01
5.804255037753183188e-01
1.594069743097229208e-01
2.037872681411004194e+00
8.116372706376100421e-01
2.984071866152869235e-01
1.289399578947692859e+00
5.170966210921099648e-01
1.486781102053754244e+00
1.150380395210250928e+00
1.568909433940973930e+00
6.288755555565622712e-01
5.303452714927426870e-01
4.297963711895375627e-01
4.229180603695429363e-01
5.074734115610477492e-01
4.669146341102796693e-01
5.720835829387672655e-01
3.398986227939165272e-01
1.939311957092467731e+00
5.000747592454043433e-01
1.426478599357023647e-01
2.426297258962705206e-01
3.286264478859848848e-01
1.502489383260703137e+00
1.797647119028625617e+00
1.156135111211190392e+00
9.093449555310101351e-01
9.499102470953989519e-01
1.217699782912384343e+00
1.434963849932960889e+00
2.017331417263481974e+00
1.838531754766570714e+00
1.898532120501345677e+00
1.961177803592446311e+00
1.853792982057986372e+00
1.381204507087453903e+00
1.055302496739608964e+00
1.017839437385296142e+00
2.094696916049682667e+00
1.172045255417220044e+00
1.805437531518114813e+00
8.356273851362625571e-01
1.220059582113474539e+00
1.030677546660661470e+00
2.285218439382673328e+00
2.304554352002337048e+00
2.076791238640276038e+00
1.156052044781573640e+00
1.871188483663130731e+00
8.303410483560591526e-01
2.775963806014068780e+00
6.999183687287903188e-01
3.348146912772010708e+00
1.265067263175851719e+00
1.647102843085525903e+00
2.050068691974133994e+00
1.123903448732520571e+00
2.008542545558433368e+00
3.110352461476597608e+00
3.116723672292088576e+00
3.049361811088864282e+00
1.622621767548324767e+00
2.872497291664343866e+00
1.725542413085472404e+00
1.430858841363046752e+00
1.338749326536136985e+00
3.145264504104809067e+00
1.670851540874868313e+00
2.435732857586750288e+00
1.442837804267925073e+00
1.047370549853765098e+00
7.199369717825944148e-01
1.360879743479182613e+00
1.685550160554702082e+00
1.057787609169121179e+00
2.380956488510509228e+00
2.953073939475946208e+00
1.307874390395463049e+00
1.304520616047755599e+00
1.900055791466403132e+00
2.878672596717032128e+00
1.725044662791526129e+00
1.571497290310455819e+00
1.303412519406168535e+00
1.785779682033505678e+00
1.163221628024336374e+00
1.930791010869875812e+00
2.945545721595785871e+00
8.990185229299881842e-01
1.353292821246064426e+00
1.144856211692178105e+00
5.513042058990567096e-01
3.008832482953811005e-01
9.834993643064312563e-01
4.351254818719969997e+00
9.059234200416067528e-01
1.450687691826716641e+00
1.347033707494334598e+00
1.370242349525263359e+00
7.681973600629542487e-01
8.787934671297148448e-01
5.406522903125458690e+00
2.602867336946414589e+00
1.441857929245325298e+00
1.492611144147343305e+00
1.347884550455333175e+00
2.933993806942048810e+00
4.392124833314206889e+00
3.677997261436730891e+00
4.635482880642399550e+00
4.118377463210362244e+00
1.538722422258705036e+00
5.776313298180797418e-01
2.239988751935759304e+00
4.715937717191145406e-01
1.300650712272784171e+00
1.468133104980582138e+00
1.768888964941883080e+00
1.555847169658266749e+00
1.992431676359557313e+00
4.473354836574849003e+00
9.755072221379936792e-01
1.828762523099125348e+00
4.374065288547842378e+00
2.106292314890594763e+00
2.312937465547342697e+00
2.384663305513305520e+00
1.069914719827127492e+00
3.805972809013973279e-01
1.405672976482794878e+00
3.195500674117372153e+00
2.312733354711931977e+00
2.479638137478071158e+00
2.291313100130399683e+00
1.595827265422537833e+00
1.598464917040080646e+00
2.071913901726465834e+00
4.050145142197104420e+00
3.451858667200943920e+00
2.170257944370034497e+00
3.741667404620747650e+00
2.117904658292476316e+00
1.953760449763910945e+00
1.351876714680398495e+00
2.097803409306644440e+00
2.486896837605720112e+00
2.598002662145689534e+00
8.385103849216417604e-01
9.380021361522975498e-01
4.095596545822302592e-01
1.440017910120064526e+00
1.400568350314790544e+00
1.225765665438675933e+00
1.056413718829524395e+00
8.508933441136430353e-01
5.616444887796990804e-01
2.546897918082222101e-01
1.666658811860741718e-01
9.360833815672909841e-01
1.158734980499339429e+00
4.741389725187016291e-01
6.299597871289285278e-01
2.918978257767678719e-01
2.993956894354187770e-01
3.812263371057704742e-01
4.033260580561329189e-01
7.101442548379145459e-01
1.358762861877685024e+00
6.814393090380901352e-01
1.088699255123938059e+00
1.345709935640468091e-01
6.632589584304550145e-01
1.496370004403664300e+00
6.695246787745654515e-01
9.869708251533486632e-01
1.055761905511979126e+00
1.080793502718459864e+00
6.706952252099390721e-01
2.602811996026552777e-01
1.169157279064361177e+00
6.979220508786619925e-01
1.263607005374840719e+00
1.471656186965670132e+00
7.871388070735307885e-01
9.111333182141726494e-01
4.638739573049389109e-01
1.437058174756538742e+00
1.533346893865114025e+00
9.727745913282923595e-01
1.480540596898454186e+00
1.266132345050929642e+00
5.029166238321522986e-01
4.695390560135941360e-01
2.274332183078992653e+00
1.776664264090326961e+00
1.497178401472629261e+00
1.182093292423464392e+00
7.627135467401573443e-01
5.475328579786156169e-01
6.110191433595172361e-01
1.950595029022707205e+00
1.124103201267391050e+00
1.597805668830404979e+00
1.240189861427955398e+00
1.075365439122220268e+00
7.619914916367332980e-01
7.561804215883984881e-01
2.108648142520515023e+00
2.416870499801465400e+00
2.175058287785223143e+00
1.418851667671265027e+00
1.862033913530814155e+00
2.436149548677998822e-01
2.482939953264914901e-01
1.302602509556906929e+00
1.146223271950988387e+00
4.849478014710185136e-01
5.292966337588331793e-01
4.625352391734113833e-01
1.016361937260465309e+00
1.761421542607613244e-01
4.727718729868390368e-01
1.355288466240412548e+00
7.946615221590948019e-01
4.380919082671489440e-01
2.612861696159700653e-01
4.703790229131335487e-02
