-7.788322870678954235e-02
5.418154494521112419e-01
1.245869243173355123e+00
1.471046908691939770e-01
7.482045274228323311e-04
9.318367833369636255e-01
8.596783012382145372e-01
7.004252474820929497e-02
5.539444972942539902e-01
9.932218054607322433e-01
2.701867737166111297e-03
3.325109581026333694e-02
6.617216741621045895e-02
2.539375397179735039e-01
1.381188461864903474e-02
6.522199856310145760e-01
1.007019332334334605e+00
1.313552832947012750e+00
1.123575205361741158e+00
1.565686704900093762e+00
1.378743230389513075e+00
1.284546730173080187e+00
1.623837098114177424e+00
1.674747457963234876e+00
1.607927491721569346e+00
1.487648022618178079e+00
1.405835014760123070e+00
1.355879528567784487e+00
1.200902289885186214e+00
6.658990546989543291e-02
1.011763272854553808e+00
7.068501589821898357e-01
7.961257164631182492e-01
9.622930229726399665e-01
1.187904172590977137e+00
1.194775211097300449e+00
1.550830233623992971e+00
1.495185268246874699e+00
1.439627199507749200e+00
1.181268878975348491e+00
1.174440305000996831e+00
8.810749815140610508e-01
1.235249926730522141e+00
1.423391305474373869e+00
1.388642193346319331e+00
1.334247060746756031e+00
1.227072567199247288e+00
7.236525216677540673e-01
3.809718956007520085e-01
1.020052227088895869e+00
3.311499633748867799e-01
5.393046750585847038e-01
1.380519260977853158e+00
1.365430588220371000e+00
1.145809408685439346e+00
6.897555516818956178e-01
8.721384390225996874e-01
1.343227558072989325e+00
1.309757245246372381e+00
1.297318012391915021e+00
1.295755972681087886e+00
1.278712617932123763e+00
9.713385634092682741e-01
1.094610785609365644e+00
1.339765094301497816e+00
8.854326514217882860e-01
1.220796576530681188e+00
1.186306174149181825e+00
1.069753302054843092e+00
7.432865309830047895e-01
8.673171618055601773e-01
1.059767733061099532e-01
3.741560045729223904e-02
1.065115630275796699e+00
9.743935393036144976e-01
5.577788177886651155e-01
9.457968750372445221e-01
1.012877891166070521e+00
1.148841923855612457e+00
1.105186916070527436e+00
4.987595605730148485e-01
4.238147048626527691e-01
2.517939352870408598e-01
-4.484893588352671656e-02
4.352008905010122941e-01
7.464831008992872663e-01
9.067943202377581891e-01
1.042504517506839257e+00
5.563241532490338370e-01
6.339063594472423846e-01
4.154107028565581228e-01
4.383734180848017359e-01
9.615874745051102845e-01
1.171988172794141247e+00
1.246341292557722857e+00
1.176481071737548900e+00
9.859643466461085470e-01
1.106083893386719419e+00
9.356819002839584787e-01
3.210523685889647982e-01
5.190490686937290765e-03
8.885002053206306760e-01
8.256398745534647698e-01
1.181055251628967850e+00
9.900995808525573372e-01
1.035732319309800253e+00
1.118832197521969052e+00
9.832935432391081143e-01
6.196309649709565992e-01
9.870458461211460977e-01
5.836371749841806622e-01
5.717492338799876617e-01
5.615882399439147132e-01
8.523324514335489654e-01
8.703440413447922630e-01
9.688692548262430870e-01
1.006375812203334386e+00
9.800157929709887306e-01
9.254382530143937524e-01
3.981024899462663469e-01
6.640888058117839776e-01
8.962033767656149008e-01
9.444204703953404945e-01
8.465135959479925809e-01
8.476232365954496917e-01
7.843196768892903847e-01
4.284827245171488053e-01
8.558693141981724706e-01
8.130457628921559099e-01
9.545233029091234611e-01
1.049723488824315876e+00
9.029401557979301884e-01
5.638810425328470988e-01
4.499454027854672966e-01
1.054162422607780369e+00
5.199357464546375818e-01
4.941087418734849690e-01
6.849402598912868179e-01
7.490856812981364632e-01
3.162390511234440815e-01
-1.514970393020445838e-01
7.946002951849553408e-01
5.034887720794138932e-01
8.241832356355678346e-01
6.027242375909630523e-01
4.636384280573595529e-01
3.950000938870183442e-01
-9.556939800571169208e-01
-8.290150426297582253e-01
7.029891604184321796e-01
4.742365089918472720e-01
4.672430650990067602e-01
6.597090576293512809e-01
3.704010496565320887e-01
9.140328436388667210e-02
7.514937437989872571e-01
8.247375642074228352e-01
8.989990696315639518e-01
7.835651568382306920e-01
7.835936438873378762e-01
2.767161380444871921e-01
-8.139535453375004725e-02
8.025840015747687239e-01
7.427792289267240999e-01
8.750022249455441381e-01
1.030623299648029789e+00
1.149146447793686576e+00
8.225081610219924233e-01
6.887274328931981549e-01
9.672052109129891662e-01
1.073377942906494020e+00
1.069473423311039451e+00
1.162468645312583648e+00
9.406882963173412993e-01
5.349564415578607068e-01
4.607896232231478706e-01
8.170201976544129163e-01
8.630124897444186871e-01
9.555918922958043238e-01
1.062924328582115940e+00
1.016486475403566292e+00
4.968176195068496059e-01
-4.289093920195869103e+00
5.587649481244730265e-02
4.016421408296624307e-01
3.978205288264615724e-01
8.715034665349914444e-01
8.813880432862071235e-01
5.695370971089882550e-01
6.989074473711247570e-01
9.283359725363532489e-01
8.461682091449598264e-01
5.891932763786493776e-01
8.185932889053324502e-01
8.752152866016881250e-01
1.282061936523896106e-01
-6.042825444481589869e-01
5.510873588106450782e-01
8.998645273246841381e-01
8.797392737613349833e-01
8.403986591462968558e-01
9.655291211991818834e-01
5.918089492732089285e-01
4.999188334474195805e-02
7.469800155990873325e-01
9.362466455915774421e-01
8.408837448201472720e-01
8.086546176598095048e-01
8.459963475307974434e-01
6.116360199680245247e-01
-2.222668886979681513e-01
3.947593592490680203e-01
6.285689429580784138e-01
5.570722670441341506e-01
6.738160333543569136e-02
8.595771364097373191e-01
7.943285890444510278e-01
4.776082239417408504e-01
3.506559853850593766e-03
-2.706751180557456782e-01
6.566057296755289929e-01
7.123635976933204716e-01
7.530678107260517784e-01
6.023175669109417374e-01
3.984140585996004957e-01
8.326260819588514606e-01
6.749801108896797963e-01
9.824126034473533720e-01
1.002410846591876625e+00
9.895861122083314809e-01
5.797582073303232386e-01
6.331810341052666047e-01
1.013566621258349176e+00
1.057011304025650134e+00
1.122102160255787018e+00
1.213402792920305506e+00
1.030845948378150911e+00
7.894693124914866633e-01
9.553969946359415211e-01
9.267722547697171409e-01
1.039784556298939622e+00
1.014538903921076818e+00
9.414533182648099352e-01
9.822107901315682010e-01
8.339496302605732270e-01
5.703744102640277980e-01
9.068076598168227642e-01
8.958305977099225714e-01
8.767357891950189330e-01
8.383352533511865268e-01
8.393712076030905855e-01
6.024722296611713102e-01
5.358279093266253845e-01
9.764398083530114736e-01
1.073647132543957383e+00
9.992338371867688362e-01
9.889761261232135059e-01
8.908421128615813256e-01
7.038116055994884102e-01
5.780755090743456837e-01
6.823496525195522633e-01
-5.362316915326697381e-02
-4.884325278990794827e-02
5.815171074698950449e-01
8.892071144750821610e-01
8.296396185127415945e-01
4.113300300352930594e-01
2.504725660117277514e-02
1.026102186963893770e+00
1.013371873485710228e+00
8.356013116789045014e-01
9.174090100205165577e-01
6.063020020894167583e-01
4.493618219072368358e-01
9.739244915853945139e-01
5.011580077076979722e-02
1.079275022885615998e-01
7.430702702387822489e-01
4.772476217260976372e-01
8.359598664960802335e-04
7.011278660171716970e-01
8.576394216458854691e-01
1.000833210544848972e+00
5.505103074899125870e-02
9.089167453470845537e-01
6.473884537290003349e-01
-3.222972858892779457e-02
2.837366485671412308e-02
1.054941771432768904e+00
1.129937242626158245e+00
8.344504321478387610e-01
1.313584483690626303e-01
3.995931669944060571e-01
2.796864646302804625e-01
2.084245149667414976e-01
1.062833205250218960e+00
1.000413292776118013e+00
9.819019012512903988e-01
9.714000374677553840e-01
1.035470691297404766e+00
6.526960225774878221e-01
1.930311651107637951e-03
9.243414609784389446e-02
7.326332162604158871e-01
5.627089894999356412e-01
1.631848064486984828e-01
9.726645670883006523e-02
1.834325329689794892e-01
4.817562669488538452e-02
2.720137111823586924e-03
7.736255672776919390e-01
7.192348084564091915e-01
7.738311503068997510e-01
5.688285505261740926e-01
8.833184638185191950e-01
8.819779633443323164e-01
8.561403603706538856e-01
4.444616905875328934e-03
8.045248055877005644e-01
8.492707297610587736e-01
1.049129008712900823e+00
8.846829139149144927e-01
1.387315810493733141e-02
6.770476389492960934e-01
1.036717451689257441e+00
9.844840955680876915e-01
3.090041435252307012e-01
2.879665164340577174e-03
7.832841498291223115e-01
1.064093706099228820e+00
9.671684703560987639e-01
7.434311968798746895e-01
9.658974464100373858e-01
1.113393772433015627e+00
1.068840750886598912e+00
1.062524365272537352e+00
9.755365718806122688e-01
9.488640026228376545e-01
9.350730299350282770e-01
1.001093574344926962e+00
9.918986302906782626e-01
8.858783883442343798e-01
7.514196820487126782e-01
1.216919450598747121e-01
1.336098379347139542e-01
9.158441620064765587e-01
7.960197051718982397e-01
8.455767488953692679e-01
8.389250724591024166e-01
6.080744949013890954e-01
3.301989334456414960e-01
5.528987177282883581e-01
5.213192787098855918e-01
4.254836163532339510e-01
4.515951139121305441e-02
-2.070331449257098878e-03
-1.453315032509522309e-04
-1.217086551631534896e-01
-1.686705660353312874e-01
-3.331838482898380471e-02
4.771612911773450150e-01
-1.668067094537076592e-02
-8.293624291800524156e-03
5.272130182554027322e-02
2.581238802332591620e-02
