5.069892898736440001e-01
9.830012993073142802e-01
2.272362334160588915e-01
3.735734209905071102e-01
1.693936832024867778e+00
4.377896627331287482e-01
-9.271334815970551609e-10
9.706082279172673077e-01
9.608890047877781670e-01
3.125339214595865278e-01
1.140928149868388086e+00
9.808458521659756402e-01
7.354865418611022942e-01
1.798369742244456879e-02
2.319022868334556786e-01
7.785264148632495829e-01
5.888664480195147100e-01
7.248964505971768058e-02
5.643084825355995093e-01
2.601876903813225561e-01
2.528375251158180290e-09
3.914275317651951247e-01
6.038002821051986491e-01
4.849715374758217790e-01
2.832733122770871304e-01
2.429858447939954313e-01
3.501662872374932678e-01
-1.153738217694633447e-08
-5.122358561274359675e-11
8.299481265988446488e-01
4.659636979028115022e-01
2.650054477239460193e-01
7.507520674172677433e-01
3.492970411438269668e-02
3.948601135821880326e-01
4.482740342000795669e-09
2.017523492377298056e-01
4.695611736979599105e-01
3.140872958345867355e-02
1.396354767571582056e-01
1.013238834063601296e-01
3.840269330779947921e-01
1.970089572607045935e-09
3.772927239967364121e-01
1.946853028939772023e-01
5.619074185041424672e-08
6.769561874039654870e-02
7.890520387556778849e-11
7.791931875211971503e-01
1.865703720740247984e-01
5.748446434361960122e-01
1.021782072608068637e+00
3.351694205521177438e-07
-1.457641742118302264e-09
5.228695425820136649e-08
2.832803778095707714e-01
6.370610424109253156e-01
2.791155520537274004e-01
2.095343230323271910e-01
3.227921898984882909e-01
3.117914708800582080e-01
5.612653351383362077e-02
2.677769208259558331e-01
3.093550676345226957e-01
3.957247229657689935e-01
4.542908044508756071e-01
2.430974982865250766e-01
1.428393148206886787e-01
9.922673453810318400e-02
3.566184522757353537e-01
4.505205369984351489e-08
1.067848190808542430e+00
1.225560068146102743e+00
6.612354460973233206e-01
1.304452832609639124e-01
6.216746233128632726e-01
3.771968982688158611e-01
2.279590706765385055e-01
1.954589742169492717e-01
2.897148944365135481e-02
8.430604398952749046e-01
9.077073489026972197e-01
1.058810735039593887e+00
5.728857690150035431e-01
5.715563739532107945e-01
6.871829659132477897e-01
5.764951807400553463e-01
7.916556942308029809e-02
8.149351960117938720e-01
3.997490221872082028e-01
1.128255557543952382e-02
8.459765456276424622e-01
7.191806948831742652e-01
3.814261051992273166e-01
5.916409435258687122e-01
2.241232599645008872e-01
2.270635304875935900e-01
3.741053041139844743e-02
4.674466470520920458e-01
5.010961324011181661e-01
2.309720734870043923e+00
9.357821300144965326e-02
6.082591311776153198e-01
1.061453454124661744e-01
1.047330667483755140e-01
1.619615315595380189e-01
4.469745546303318662e-01
4.594986489029820320e-02
1.153482327610697800e+00
3.495970417635613225e-01
1.019256310184404990e+00
8.904763051956263720e-01
9.873831886835869875e-01
2.228586918873453615e-01
5.742568866742969735e-01
3.353929954918236644e-01
3.749504311903205100e-01
6.657492276206190829e-02
2.614564196516326322e-01
1.128385943548515957e+00
4.108586791060349630e-01
3.449251310749084087e-01
4.942179138413734796e-01
3.742479136455528210e-01
2.983382706402779028e-01
3.303691308133533400e-01
8.875891787048487691e-01
3.296051279937655121e-01
3.312527858115913992e-01
2.829967647665135866e-01
1.358256579514451334e-01
1.931842670829590769e-01
9.426706607330002097e-01
1.054922464693097917e+00
1.515152570718001357e-01
6.256588714312607546e-01
9.653767702727082956e-01
5.759906088561720372e-01
1.271305491622971295e-01
7.366108172071043070e-01
1.070895879712218113e+00
6.455888169652379549e-01
7.935334900844686068e-01
6.792043541950664176e-01
8.130490301569346379e-01
9.690909758265028318e-01
1.036124060047804774e+00
1.903526207428334338e+00
1.676525767279813728e+00
6.252779232730529824e-01
9.783555800321821483e-01
8.892679100334012210e-01
4.464833322065759891e-01
8.511817979538179868e-01
1.163826737247265930e+00
4.822980834727490507e-01
5.401117571405114060e-01
4.713271912930891427e-01
2.388089842786195738e-01
1.990305302440357471e-01
8.953096180034350038e-01
1.171853273348878455e+00
5.127654540032110519e-01
4.143119744364208712e-01
4.392661614571911066e-01
3.501841339903084549e-01
3.585771488686961272e-01
7.885090974932773555e-01
8.506162041796059281e-01
6.564535787931041755e-01
3.308370152510899387e-01
4.341737729630685272e-01
6.916579484530295530e-02
1.912316011175362040e-01
1.202385887840694334e+00
1.378692847068725191e+00
5.158605723416026523e-01
4.103358390886171492e-01
3.853478577138550465e-01
3.491455651545868344e-01
1.901646348155668909e-01
7.550128027898359573e-01
1.841041717077988027e+00
1.384316362056823069e+00
1.421749190602486612e+00
1.160091857093237699e+00
6.697680739415144968e-01
6.053663326846043802e-01
8.608961815770095338e-01
7.101183477895516294e-01
8.259180747861215588e-01
8.484000103068439769e-01
1.071348058405670489e+00
4.917437065274914421e-01
3.783910342541357830e-01
7.607753247012540854e-01
1.523301843208619610e+00
1.091619006974213546e+00
5.964779578941457050e-01
3.807658693873230416e-01
4.244875027399746537e-01
1.235379823809957672e-01
6.433576797930621316e-01
9.235034069141793145e-01
3.234113886982740715e-01
1.308953059780446904e-01
2.242184428281020492e-01
3.154515783703478474e-08
2.489084442588920254e-01
5.559634127003248993e-01
1.221767577635210156e+00
3.984366927815995441e-01
4.573279089044106072e-01
8.579999253198252804e-09
8.977919673288119462e-01
3.607443052850948240e-01
2.764935915490534524e-01
6.573728245320928524e-08
5.753179745984171589e-01
1.063968467010020236e+00
6.401194886441816667e-01
9.361963230675602876e-01
8.903301620374746150e-01
8.406244579551581664e-01
1.017307964710673973e+00
5.499924134806003506e-01
8.230568029821101472e-01
3.104094389824608724e-01
1.738960938745702234e-01
3.626151689603221429e-01
8.960328822079454136e-01
1.018445953313281471e+00
7.320456561932749961e-01
6.985411614090990540e-01
1.423495879876949921e+00
1.034753551931071547e+00
4.040393644638954340e-01
4.966075498874606975e-01
1.298493010095582434e-01
5.173820804099845683e-01
3.677551466041478756e-01
3.562748553622686609e-01
2.595777154090406769e-01
3.245397244985022689e-01
3.740942764943273602e-01
9.999352004063404298e-01
7.646078995283368540e-01
5.727874746273861062e-01
7.419735770298697686e-01
5.032161404034380947e-01
1.041924181023532237e+00
1.074614428206731809e+00
1.222709934581268865e+00
2.809526524915283208e+00
1.189944138261016970e+00
3.295989146425512550e-01
1.006383097524982340e+00
7.232791323652923987e-01
8.748533188707029451e-01
1.071110737031305327e+00
5.393671735672560530e-01
1.678016805321516314e+00
2.265336957350347902e+00
1.335889061302418579e+00
4.183198984216435212e-01
5.271843205818611544e-01
1.280812986582569257e+00
2.622478334910992359e+00
1.353883255633716809e+00
1.174970235108865779e+00
1.082962682857026238e+00
3.022383271327492293e-01
9.913187945426568115e-01
1.131909832392684168e+00
9.494172652140661084e-01
5.754059764038670366e-01
1.458082744375632567e+00
9.810924797245007545e-01
7.782369414386043349e-01
1.281913138599734436e+00
4.967774677771508718e-01
8.750331771036328199e-01
4.893630819264192522e-01
2.010505967769959490e+00
6.759472699286004360e-01
4.785430950602051481e-01
1.022377856882670910e+00
1.150932258867289226e+00
8.210820972271362095e-01
3.580082758536388132e-01
2.958872010913929929e-01
1.067143730191549622e+00
6.645459587070062790e-01
8.814990567179933345e-01
9.211816647866331031e-01
5.172422516753444333e-01
3.076930780620656392e-01
4.051212493221579281e-01
3.624360634383109736e-01
2.751489822823784959e-01
3.877738035913254055e-01
5.972400525579465436e-01
1.358348088806393461e+00
7.108161229509817325e-01
9.480905897212803785e-09
6.690791372539889315e-01
7.212601848081954259e-01
1.215679692603000989e-01
4.680782094802913851e-01
1.278365704162692129e+00
5.159248160286374896e-01
3.978663056825396671e-01
3.657073182165909153e-01
6.024799612199874810e-01
1.798743641272905331e-07
2.468999429865366135e-01
2.961047243074495516e-01
9.802504734578650902e-01
3.427633115462919156e-01
4.963641303107632075e-01
2.283739913627044205e-01
-3.073796702299586564e-09
7.897828268785161976e-01
5.197317328244940304e-01
2.318482546569377856e-01
2.391182330472279849e-01
5.264798871509380751e-01
8.556293655618364413e-01
3.021035227733794848e-01
4.702957869752347891e-02
2.723493587170085495e-01
8.437599493812836249e-01
9.627240141917615679e-01
1.044162720980061243e+00
7.893728198667312457e-01
6.636148169421982046e-02
8.323186479744286437e-02
1.633354567810997027e-01
3.022918725877186130e-01
5.100477604952362576e-01
1.194433454601541850e-01
1.565918877867007730e-01
2.340200288689898104e-10
5.278405670312862341e-01
8.202734345974744823e-01
2.134787535769539502e-01
1.509317880995277306e-01
2.864317239762513290e-01
1.094471020803506334e-01
6.686798135854631064e-02
3.041909549591146900e-01
3.083455162142068606e-01
2.671714214348132055e-01
2.210425170962838082e-01
5.545099343681555298e-02
3.954425544611934185e-01
5.659693540066050854e-01
6.625807197878670965e-03
1.505011316652355990e-01
4.303245044573226208e-01
1.414162223556576226e-01
3.809485623209780125e-01
1.887484787097374883e-01
5.816732299989171295e-01
1.183498211388367971e-01
