8.784281798185782086e-02
1.161961423064951510e-01
3.467529965602773184e-02
2.676861337297035681e-01
1.417697240155140204e-01
8.249844465360074708e-02
2.893643906263222987e-01
4.025868133011556438e-01
7.608101152329441175e-02
1.529742077339736169e-08
7.342529374446890578e-02
3.119471633698998048e-01
1.022576401847468675e-01
4.183319240707013553e-01
3.049054317017818039e-01
-8.900267072756787730e-09
3.017035396083492943e-02
-1.240383854215870871e-08
4.242993609408667738e-02
1.137653651742189659e-01
2.739780262973970926e-01
4.408540423312656831e-01
1.083404139624092460e-01
3.838246567366554451e-02
2.073699058213975821e-01
1.233066144908711581e-01
9.423436709844430770e-02
8.658001769365912537e-02
6.357905747571361645e-10
1.159681310775502183e-01
1.277318914070296740e-01
2.354556801253915033e-01
1.514696861673904271e-01
2.779008982051243297e-08
2.317426624226305298e-01
2.357783493170898915e-08
1.008787289389413873e-02
3.770490941761849846e-01
4.488447273622215294e-01
1.856323127981281962e-01
3.117130510443854585e-01
5.324372820401500617e-01
1.699233419029818615e-01
4.890676175329948527e-02
-2.749794791827117803e-09
1.819580839748812517e-01
1.086834470078210518e-01
1.525865445858308467e-01
9.172904696223087295e-02
1.335970057865827620e-01
1.194904915488470577e-09
2.880917176529304569e-01
1.403408797526403129e-01
9.084009771805721944e-02
3.024418616338949151e-01
1.789912192439780114e-01
7.415400221237403167e-02
5.094914309502302646e-02
1.352388692940278137e-01
1.131971125151343682e-01
2.713500257892231815e-01
1.644891909516146833e-01
9.004099108700078236e-02
9.455498402446456396e-02
8.866609712609445360e-02
7.736310976669426298e-02
3.137531838185703137e-01
3.012782059729273709e-01
3.802629430915994979e-02
4.487658977239344371e-01
6.054339472210056305e-01
2.581055576182927358e-01
5.074537604695060766e-01
1.936529581719287352e-01
1.410738870736661932e-01
1.746012507696880767e-01
2.479930670539000070e-01
4.439083089009586425e-02
7.825536138266941573e-08
2.885905048943034346e-01
1.941735673690651587e-01
1.084800030329403780e-01
2.022487257518184867e-01
1.355180473702734811e-01
1.761127156827168860e-01
7.283497308744871779e-01
8.221447504217657132e-01
5.980865768863126153e-01
3.386892916469346759e-01
3.158731532341183534e-01
2.130705307466308762e-01
5.838972183056061471e-01
3.162419089298731945e-01
3.359360834003057850e-01
8.766914404720532739e-01
7.839617087341710366e-01
9.504233244695806104e-02
2.849096077045512043e-01
2.832761279744121508e-01
2.232240969843836756e-02
5.480436865248566880e-02
4.947736171087406543e-02
3.273609651816346555e-01
5.760708759675933210e-01
3.633334205451446142e-01
2.292400906264580596e-01
6.146145434841689820e-02
9.449181025445450854e-02
3.713609332173501976e-01
3.321678335145383798e-01
3.468027562109085582e-02
7.556825118801000496e-01
2.998071826039300225e-01
3.620921319674609840e-01
6.029311909907555389e-01
2.455007419161924220e-01
2.731487024992315660e-01
1.962726752195967650e-01
2.392795155678971997e-01
1.228243458752540374e-01
5.004096711811517606e-02
5.243934973126425092e-01
3.102771173176159247e-01
3.652856126696508721e-01
1.114530882856678451e+00
2.253546366579558258e-01
2.378542040316468098e-01
2.451416530576473463e-01
1.126481059427004938e+00
4.562926561146093962e-01
1.276932354022551896e-01
1.371797739546972983e-01
6.800846473065445819e-02
7.635298495603308477e-02
1.331538828200038438e-01
6.753536147085112962e-01
2.566352660376552963e-01
1.937548660414012969e-01
2.315487539861648125e-01
2.481715175984450239e-01
7.456849834038828950e-01
1.065973382530533753e+00
9.071616645168074644e-01
6.198449989163874463e-01
3.722789830227820063e-01
1.977832379594612888e-01
1.945828438670522964e-01
1.610179961075475508e-01
4.038046056608037282e-01
7.913587206558426734e-01
1.341089076182034601e-01
2.213893108619898464e-01
1.688491907676924197e-01
1.296094636057545102e-01
6.729843250421231604e-02
5.470541284573839785e-02
1.473550104894970902e-01
1.359550433328628460e-01
1.841007447966964972e-01
1.373293946541779276e-01
1.174016075163941547e-01
1.291510126696183147e-01
6.511721877471690068e-01
1.018899237802371349e+00
4.131504844025653544e-01
1.533758783018546179e-01
8.174021967848904557e-02
3.206697685580485735e-01
1.747972120640461369e-01
2.227819475903793367e-01
4.739737181340022976e-01
1.690816401406100844e-01
1.335732597234245700e-01
3.850873213019609942e-01
2.824597707751999587e-01
8.532083953848387803e-02
1.122595090463841261e-01
5.102219898889749361e-01
2.500381533802675249e-01
7.238250022501782621e-02
5.384749095707938582e-02
5.958422886213197295e-02
7.794305919495195245e-02
2.047592445552617602e-01
1.073484307153579065e-01
2.002832866375162391e-01
1.730226468804582363e-01
2.717059726997090308e-01
3.519522516720502425e-01
4.203396550457106501e-02
1.356319057621058755e-01
1.653553044989707621e-01
1.875867375984862084e-01
7.816379294596295657e-02
9.314543949052905836e-02
8.906923291102425422e-02
7.260598384429134411e-02
3.894744399945093694e-01
7.462565771904586809e-01
2.387220244981072270e-01
8.368507291384399971e-02
1.548173761079785493e-01
1.019922599248832273e-01
7.827770428969101080e-02
5.382217227468506782e-02
2.808982411489359121e-01
1.767402482163252242e-01
1.603533911005254609e-01
2.361543016742287393e-01
9.353844997509634940e-01
4.568284757183272982e-01
7.820244285535878914e-01
1.376502286723880197e-01
4.454849208105760572e-01
2.000100975730209896e-01
2.380159254283793768e-01
1.140829404221227472e-01
1.949906065271672373e-01
7.105485312886052063e-02
1.122338095329820984e+00
5.780733439556520192e-01
4.080685314494034710e-01
3.243680943919982629e-01
2.940795339966255639e-01
1.227455649322534009e-01
6.674629986090815370e-01
5.431564021313689539e-01
2.110803881438529095e-01
6.495308041911205255e-01
2.537279178314907901e-01
4.297677246404096874e-01
2.573118316782710413e-01
8.653699237430421964e-02
5.315328049066016941e-02
1.845588391308516651e-01
2.349717387619075226e-01
1.315297898095348084e-01
2.851108268252849354e-01
1.038452081881399841e-01
3.689390811831914918e-02
8.842177652932331489e-02
3.446765920235065894e-01
2.454145799697116381e-01
2.682657060994107501e-01
2.668096759584233646e-01
3.044597379563749873e-01
2.679095460104711224e-01
4.711281405028906466e-01
6.082965097133378185e-01
3.225682329693159156e-01
1.802484468274233587e-01
3.164025302301232134e-01
2.172102879002575648e-01
2.323009533274640950e-02
4.270147162627775383e-01
6.450684826202264244e-01
5.045030405121234685e-01
2.610553834406288409e-01
3.441739839035774517e-01
3.328881375894827133e-01
1.501752345407705858e-01
5.443812114086244991e-01
6.214388309075545846e-01
4.104635037835319689e-01
7.544996364618772322e-01
9.938887730117442754e-01
8.378749309882871366e-01
5.303371700985446413e-01
5.460429750298498863e-01
5.118671759710722302e-01
7.665238528006120822e-01
9.620913470133904966e-01
1.012894297054468318e+00
1.411245316509345260e+00
3.675657201638203864e-01
1.085563138680362805e+00
1.248579811956790131e+00
8.982346327407794151e-01
1.659105439850219188e+00
7.406202639859724712e-01
5.015648927398124179e-01
9.540892229557738080e-01
1.096918039494376051e+00
1.633918061686392642e+00
1.452384051085621630e+00
1.041405154898994212e+00
1.099844406927291685e+00
1.943308832484683446e+00
1.284410863568664629e+00
8.298792131156922380e-01
1.268436595825526148e+00
6.332937439817295511e-01
1.114741032704260837e+00
1.020068645156436693e+00
9.943432853092053492e-01
1.246162418102085168e+00
4.339763848784826683e-01
1.423096849290740984e+00
7.328141820503895065e-01
1.746027759360986309e+00
8.025920478513101086e-01
1.180926095429514433e+00
3.152146904909295388e-01
-1.296401016212217960e-03
1.162126544995583544e+00
1.268223779571797660e+00
7.966468410383483745e-01
2.266763335051344697e-01
4.543931857203302171e-01
3.069546575155154017e-09
7.447757077713960117e-01
1.875384676150954055e+00
1.630474329921279830e-01
1.203058899725180764e+00
3.647130281971164845e-01
1.104030866270492572e-01
8.160061985263771245e-01
-2.601085915686923364e-02
8.929197925842934369e-01
8.494391699965284648e-01
2.006884057906749841e-01
7.059388658055852916e-01
7.595972171823447416e-01
2.673540348481214801e-01
1.252849490333041826e+00
1.089569049997943795e+00
1.342669770834009402e+00
1.118934213253593324e+00
6.742909312894820317e-01
8.394243613697570661e-01
4.830705588113163307e-01
3.161213677188366711e-02
1.961349003221140475e+00
4.884618266384804786e-01
-1.110072214652982336e-01
2.448699439470781503e+00
8.234608933074712978e-01
3.775553916118030706e-01
1.287410702542164387e+00
7.621156630186559644e-01
1.196994603654561784e+00
1.597867352647108774e+00
8.707515891033369426e-01
8.479762152659279240e-01
1.580553637330160133e-01
1.331732207196795414e+00
1.427141984699872745e+00
1.831838837335271641e+00
1.081788645811073257e+00
1.185694073745206190e+00
6.795492170993256975e-01
-8.887357150781872994e-02
1.236981143929438920e+00
2.348712756354581099e+00
1.620165735577440813e+00
9.855701842986916983e-01
7.563915478280552884e-01
1.164970715627326792e+00
5.385038597393669857e-01
7.694180023365630727e-02
8.508614410447798981e-01
8.385871284977567397e-01
7.584689573543540453e-01
4.895251898846254002e-01
3.061023546865230816e-01
