7.909084761611707703e-01
8.671010510797849680e-02
1.188202752548372709e+00
4.413041844828532456e-01
3.129757883617781400e-01
1.197192085671009654e+00
1.044464941484441134e+00
2.442700746634807185e-01
1.381167020460210226e+00
6.810050563194436357e-01
6.182553258190900403e-01
5.472845929519073449e-01
4.212214871380297043e-01
1.057337986643527294e+00
1.271897067601660547e-01
-1.084363050150964347e-01
1.997585045113749125e+00
3.951758469433638288e-01
4.181927435151106542e-01
8.639129204328107603e-01
5.933681151311798185e-01
6.020725181576780383e-01
1.153668356412699825e-01
8.536679486597467115e-01
1.320188610406054508e+00
4.151274282642421487e-01
-2.796383532161311747e-01
1.324378631446748944e+00
-4.781564735431597518e-02
1.354984908530800558e+00
1.054928052276496997e+00
-4.068978456090240059e-02
2.053273014801468843e+00
2.447442419649263623e-01
3.199018254849276821e-01
7.611773211569031750e-01
7.755607461322014951e-01
1.894835762585672434e+00
6.026998074761377167e-01
1.002723307127482144e+00
1.526481752736412734e-01
5.857183308111276743e-01
3.968355666048583585e-01
1.144558641539991928e-01
1.353749729647356626e+00
8.960806675105293939e-01
4.771419844624127382e-01
1.221670033137196798e+00
8.284560919728664041e-01
8.723406168642132696e-01
-5.496031519761436501e-02
1.048528773834544348e+00
8.566661137151305727e-01
1.257456678980216846e+00
3.352669702609006874e-01
5.485202605111798579e-01
1.049425406457762389e+00
1.004153844496796788e+00
1.648030215643721430e+00
1.425191800079556259e+00
8.250790839461911164e-01
6.387828416810035215e-01
3.763128341955474521e-01
4.438998321043070572e-01
1.072422892558480223e+00
1.236108434429089575e+00
3.365026407243537410e+00
1.770969438755088499e+00
1.746188762221617452e+00
1.209355820066417175e+00
1.647103514305004346e+00
1.630626128300686650e+00
1.158151134578325081e+00
5.365756253167629497e-01
4.011781504165297108e-01
1.194388583692836514e+00
3.774709113719402209e-01
1.218193073115305891e+00
8.146607569897288403e-01
1.837632857775844952e+00
6.176010127023990881e-01
1.079745395659726270e+00
9.009297188588608618e-01
9.901933738477020075e-01
1.530556535035726862e+00
9.531210493231798697e-01
1.308363173562819171e+00
4.387601813213653501e-01
3.730090171014156519e-01
4.883023039374120300e-01
7.940335517614763861e-01
7.201086428192732258e-01
4.634239432501318645e-01
4.254599941956593856e-01
2.093706343470642661e+00
6.687349036351003528e-01
5.718517494215508146e-02
2.204419029039363043e+00
8.432533527837741127e-01
1.880281272044204810e+00
9.493770717904326251e-01
8.403325139234382180e-01
9.776312310151303864e-01
3.651601697047962558e-01
2.192733287641109863e-01
1.124210666592603491e+00
1.610861250763573560e+00
1.319452975658490734e+00
4.819838971110443904e-01
3.887983045072653243e-01
2.545931155420322334e-01
8.551638152701968032e-01
1.350437342882790048e+00
1.411110267051212119e+00
5.150629214765857222e-01
3.799424035709004221e-01
2.495363831612191496e-01
4.949563022333453577e-01
3.490098331983419455e-01
4.080028942680694048e-01
5.818397884576786971e-01
2.883841814420102234e-01
4.171146443049554842e-01
4.449472945678731306e-01
8.084292056215464095e-02
1.687929522801488447e-01
1.315168846898555621e-01
1.118634856558517798e+00
4.842665819599897281e-01
1.130129378455659861e+00
1.715775019285852743e+00
1.258349810053096540e+00
1.600046094539669506e+00
1.713488857204304106e+00
1.580639958768107478e+00
6.607982325493835241e-01
6.316799295698714012e-01
6.113673739877918401e-01
5.090914871158392918e-01
1.352071910045699876e-01
2.008293789517676231e+00
7.879751340599810971e-01
2.854197160120220400e-01
1.200986297011962023e+00
4.657242919894888367e-01
1.479955437061293289e+00
9.945532889192545412e-01
1.547736906595435613e+00
5.066997676166191678e-01
3.990645710215164899e-01
4.143980841600213294e-01
3.660040744192354367e-01
4.842857890216120120e-01
2.238353168595971776e-01
5.641173829650717453e-01
3.217630586944896787e-01
1.903062891518093158e+00
4.238248445794863262e-01
1.230645337602580686e-01
1.376353193722994750e-01
2.900776731189688706e-01
1.501249463637082782e+00
1.795975136815893825e+00
1.151574841294928930e+00
9.066265200318673889e-01
8.138651739411141284e-01
1.154920175543243444e+00
1.321341633514098168e+00
1.759762129097717231e+00
1.713345660467462395e+00
1.321685950157613254e+00
1.742188271806126787e+00
1.800627880620754073e+00
1.285466574858460387e+00
8.702363696763095735e-01
9.556773197308601198e-01
1.835033466662774781e+00
1.093213214440723391e+00
1.638691810930981374e+00
5.964416492006121562e-01
1.196299651232915595e+00
4.569514595552098823e-01
2.277048441387781619e+00
2.301675739221224593e+00
1.985145078584787948e+00
1.081468622898733134e+00
1.765794860500564223e+00
4.080948262110142138e-02
2.215450724736334198e+00
5.343679465276405249e-01
3.138974876327937924e+00
8.500865154958725523e-01
1.627665811060926337e+00
1.951013516778887791e+00
1.053793822741153630e+00
1.644932042331194610e+00
2.848133370201674452e+00
3.065618270852984661e+00
2.804130422498819719e+00
1.598339970142551802e+00
1.938108259185955973e+00
1.589583534380061502e+00
1.310890818862614937e+00
1.019618280593835857e+00
3.070354394201485260e+00
1.577446477962656690e+00
2.435732580856528884e+00
1.335369202108624087e+00
9.279737684189447444e-01
4.675948324798340772e-01
1.155591944266583404e+00
1.671546528100947837e+00
9.039663768395349575e-01
2.154714098052301186e+00
2.738289699617015849e+00
1.143747649823355861e+00
1.189149291411765175e+00
1.873791534744907450e+00
2.810534044235864837e+00
1.679948067437385228e+00
1.511115261740765270e+00
1.213457362355855107e+00
1.700933542586199554e+00
1.014200510429532187e+00
1.761004505340753479e+00
2.757565006807018992e+00
3.229969692806661241e-01
1.209015457127128546e+00
7.471759403155052714e-01
-3.542988179168127805e-01
1.826298845900824475e-01
7.489566989565474842e-01
4.141516698906406724e+00
2.334740013545690829e-01
1.228971771258715817e+00
7.670354407885181525e-01
9.891634026736091378e-01
6.254965517925585861e-01
7.902325789885501495e-01
4.046939264888671950e+00
2.241337167458040458e+00
8.914227792629736413e-01
1.183743661786548218e+00
8.383592168126253741e-01
2.457875630994291516e+00
4.276090840018332173e+00
3.558568418714369574e+00
4.100630231378588952e+00
3.993813356634093648e+00
1.476050935946926712e+00
5.208042435040267648e-01
1.658225891929447915e+00
1.544814624498870581e-01
1.171622892478465072e+00
1.264907305024314477e+00
1.403771559383363732e+00
1.068260051244518838e+00
1.750513822146805509e+00
3.777792921125551207e+00
8.844478100829369360e-01
1.485758275503020531e+00
3.946057979027133733e+00
1.988201051545829934e+00
2.139058534055838567e+00
2.308561553038437797e+00
9.284225202039365632e-01
2.300709817423586198e-02
1.071703100614815440e+00
2.807917282564884154e+00
2.077865307120327909e+00
1.888965699098122952e+00
1.964625351743209514e+00
1.018317384603055764e+00
9.953804708130108425e-01
1.996924312490732545e+00
3.996728473468210030e+00
3.115628105405364501e+00
2.074958482296694662e+00
3.703525354096476541e+00
1.988054617222559273e+00
1.595320266254057762e+00
9.635072061665193033e-01
2.065186085576423469e+00
2.438158201290444360e+00
2.513069726001829984e+00
6.113092939199541442e-01
8.766154890750650353e-01
1.056857498720729927e-01
1.399713005536787458e+00
1.345545457484050411e+00
1.094402211039645190e+00
1.053907346746084661e+00
8.346548577881189868e-01
4.415768630585670262e-01
8.769156845422607094e-02
9.957864679453833079e-02
8.534895799755070067e-01
1.065769599097020626e+00
4.337159046131993656e-01
2.867105509430502019e-01
2.064017701532641080e-01
1.949737190740740977e-01
2.605094798941923750e-01
1.864447214692597221e-01
4.930450330409432702e-01
1.316220333448935076e+00
5.556572149225140755e-01
1.079221188818328736e+00
5.660587517367966087e-02
2.175059903134674011e-01
1.376629192685131731e+00
6.471485749835339529e-01
9.396382786912630403e-01
8.162278111286848103e-01
9.868368994957329443e-01
4.771870336894920572e-01
2.018435513244973833e-01
8.970067016739342591e-01
5.643363043847097194e-01
1.028741676947944050e+00
1.360448843088226667e+00
6.470562246897073599e-01
7.777597165631247034e-01
4.495949058270967691e-01
1.318253106792980578e+00
1.288713150088318882e+00
7.174680773205447393e-01
1.350726157619857037e+00
1.264237078948597715e+00
3.929882727989689739e-01
2.683115770690314150e-01
2.177895477718618800e+00
1.726429568754900945e+00
9.140550981548061227e-01
1.113159500649309130e+00
5.996070641414651403e-01
3.052152447758976761e-01
5.972920572782122184e-01
1.793389750597565557e+00
9.154794549083749011e-01
1.158760083344531733e+00
1.232295792710606630e+00
8.866799898437833782e-01
6.867343799452653164e-01
6.038722663857891693e-01
1.964728172513662274e+00
2.102087784496372791e+00
1.976746551774055005e+00
1.410357841160108094e+00
1.510196631820210245e+00
3.370778275687626169e-02
-1.448577454501960848e-01
1.272372663298437345e+00
9.903506440741262074e-01
2.777426531834147339e-01
4.964649619014558368e-01
3.224045497472918242e-01
8.960679243682468931e-01
4.629850595265094099e-02
1.600334043034947751e-01
1.296722718656458717e+00
7.213019952352808239e-01
4.245421425555507278e-01
1.479032989097467665e-01
1.534372829163443801e-02
