8.783852662153310287e-02
1.161913303675638914e-01
3.467266070591611821e-02
2.676821472653517775e-01
1.417659018772106372e-01
8.249397388052150115e-02
2.893600392523723031e-01
4.025828587780456713e-01
7.607693278021576688e-02
1.529350880318783175e-08
7.342280554545931037e-02
3.119429979377319473e-01
1.022537823380127997e-01
4.183275260477575808e-01
3.049012799709079902e-01
-8.903554763462798939e-09
3.016921846870376789e-02
-1.238771599187046095e-08
4.242744556413218654e-02
1.137613517719126000e-01
2.739737471227677301e-01
4.408497068315010425e-01
1.083366562857527166e-01
3.838123640962133598e-02
2.073661292791720845e-01
1.233026081066283114e-01
9.423077918987164681e-02
8.657562369803761815e-02
6.287502694339396153e-10
1.159639915809263649e-01
1.277280994030429440e-01
2.354512242454497306e-01
1.514651921513618382e-01
2.774755202786407939e-08
2.317388179159191042e-01
2.337650062085911387e-08
1.008827226421981499e-02
3.770447564223505243e-01
4.488404863848967086e-01
1.856283651709475790e-01
3.117092194147269568e-01
5.324333831643530690e-01
1.699193620872197497e-01
4.890534854617434313e-02
-2.746532740184917292e-09
1.819539423918400955e-01
1.086798842920929098e-01
1.525829754225360990e-01
9.172563129210423161e-02
1.335929747327117834e-01
1.196121971952738392e-09
2.880873868190313436e-01
1.403366864477786358e-01
9.083680976336785950e-02
3.024382860294013708e-01
1.789874558886806466e-01
7.415042938549894214e-02
5.095528753625055973e-02
1.352688467587435661e-01
1.131928443816837965e-01
2.713787039863441164e-01
1.645167398580356377e-01
9.003734332317876732e-02
9.455146373357405098e-02
8.871358517193195237e-02
7.738467557673744945e-02
3.137498627636592929e-01
3.012741719198821500e-01
3.802251322104112374e-02
4.487624045860790223e-01
6.054665316090932503e-01
2.581179327682296964e-01
5.074635741293579416e-01
1.936483793765809980e-01
1.410697287240472719e-01
1.745973704701714035e-01
2.479999222909068934e-01
4.438846682821781520e-02
7.837004888398197535e-08
2.885925196344864552e-01
1.941695679056880675e-01
1.084764618785860751e-01
2.022625357148289393e-01
1.355179381406201866e-01
1.761498376494650409e-01
7.283785870835142173e-01
8.222022142603938599e-01
5.981070295298153150e-01
3.387317315307245558e-01
3.159235154547943569e-01
2.131130886507956734e-01
5.839277458625958817e-01
3.162592681203418854e-01
3.359748545751924942e-01
8.767155530256282026e-01
7.839962063551160210e-01
9.505303640960220679e-02
2.849057971560333691e-01
2.832726418108574840e-01
2.232930928496957776e-02
5.480600816232744643e-02
4.947606814162137934e-02
3.273886330950836476e-01
5.760956827651335654e-01
3.633515052873272921e-01
2.292529999436073440e-01
6.146192068027165473e-02
9.449897920212707580e-02
3.713613723017997192e-01
3.321927569033029659e-01
3.467788613764619804e-02
7.557246652017108879e-01
2.998587562921806171e-01
3.621273192896851678e-01
6.029820130672173262e-01
2.455426674335499382e-01
2.731997498681325021e-01
1.963089373874957744e-01
2.392896960225580349e-01
1.228205067944247580e-01
5.003917897116093999e-02
5.244141024099909787e-01
3.103152957555020408e-01
3.653066167376305406e-01
1.114565202130670452e+00
2.253502323433737575e-01
2.378838995579612148e-01
2.451736648160635912e-01
1.126530889545989345e+00
4.563133472921619971e-01
1.276899344241409495e-01
1.371771933055600245e-01
6.800950314428705346e-02
7.638555944151960431e-02
1.331754013214005716e-01
6.753710528326858364e-01
2.566427227866558414e-01
1.937683495743406370e-01
2.315631902946011789e-01
2.482049133748398528e-01
7.456892037175421040e-01
1.066047588486668696e+00
9.072031952376294894e-01
6.198762332979095291e-01
3.723128962460959257e-01
1.977788169430135246e-01
1.945833141794403309e-01
1.610331747593570229e-01
4.038399283534104822e-01
7.914001011707196831e-01
1.341629715776604670e-01
2.214216544143109977e-01
1.688905867239630931e-01
1.296444573742030482e-01
6.729651967542028823e-02
5.471755508871752050e-02
1.473561563856025658e-01
1.359510253253021494e-01
1.841044484711039930e-01
1.373436907547140873e-01
1.174073544960924781e-01
1.291777069846504755e-01
6.512019460179527819e-01
1.018950598480708125e+00
4.131992386520645932e-01
1.534037889631365559e-01
8.173849245234796057e-02
3.207149870473214315e-01
1.748056688646133228e-01
2.228276370977278487e-01
4.740029413418928583e-01
1.690910941296933645e-01
1.335699593608807023e-01
3.850837492150821495e-01
2.824558144420667438e-01
8.531611744772592265e-02
1.123021059258192123e-01
5.102626630119000417e-01
2.500487415494045962e-01
7.237873373393315102e-02
5.385178947910112396e-02
5.958220206295897214e-02
7.794053389164194712e-02
2.048113889330908377e-01
1.073661244707496965e-01
2.002802381108228225e-01
1.730369062497680299e-01
2.717022861379946308e-01
3.519479715405670062e-01
4.203110967672203657e-02
1.356853146160841850e-01
1.653728019633714241e-01
1.875836360181003248e-01
7.816130615665237147e-02
9.314352872845153841e-02
8.906570046086044468e-02
7.260339927744337285e-02
3.894881263992952536e-01
7.462941267604251694e-01
2.387335897356130665e-01
8.368196243414108282e-02
1.548142982185390093e-01
1.019889657762209773e-01
7.827407214818443704e-02
5.385114241093561654e-02
2.809252268103384353e-01
1.767356396186862966e-01
1.603503151550453865e-01
2.361609072645246832e-01
9.354216586235744035e-01
4.568816621929725486e-01
7.820713009868357490e-01
1.376658064569672713e-01
4.454965441922739133e-01
2.000071667286098254e-01
2.380121878692906812e-01
1.140887081653198104e-01
1.950168508515894017e-01
7.105871167620327056e-02
1.122352651877052798e+00
5.780873173149436717e-01
4.080731848665397066e-01
3.243735736001338577e-01
2.940759682510684092e-01
1.227426616136329390e-01
6.674959199855169389e-01
5.431835966362009716e-01
2.110920549200731300e-01
6.495550195352389755e-01
2.537251660140078524e-01
4.297634556421496277e-01
2.573236006114023033e-01
8.655706065095193635e-02
5.315468028598437089e-02
1.845542638724704532e-01
2.349734809107447142e-01
1.315688507139066710e-01
2.851061404835493196e-01
1.038413273294574446e-01
3.689911732066836203e-02
8.841994082775726793e-02
3.446723458803025997e-01
2.454098975975647356e-01
2.682618794270418272e-01
2.668047897081334829e-01
3.044722685117292049e-01
2.679653307570628584e-01
4.711729904424393212e-01
6.083222941131208872e-01
3.225768010252604845e-01
1.802531673192075967e-01
3.164217424775068732e-01
2.172220312731722724e-01
2.322959123552247734e-02
4.270409606775654732e-01
6.450912408500545370e-01
5.045298005777327788e-01
2.610546428286283360e-01
3.441726168759779436e-01
3.328867326068746801e-01
1.501785248535349726e-01
5.443783365778590566e-01
6.214349284315133781e-01
4.104608282223105586e-01
7.544984222116792871e-01
9.939266286684032004e-01
8.378815570729079010e-01
5.303498443051035682e-01
5.460456608341071050e-01
5.118627657664037711e-01
7.665197056814284648e-01
9.620924170147795440e-01
1.012934601440194315e+00
1.411291336842905420e+00
3.675769377410285643e-01
1.085563800876067519e+00
1.248576650816630496e+00
8.982312157642975414e-01
1.659109950000764000e+00
7.406192235054723794e-01
5.015650285419365195e-01
9.541291487985137376e-01
1.096967013736675822e+00
1.633937048917325274e+00
1.452385667764393595e+00
1.041410095299998506e+00
1.099838987028898263e+00
1.943320651448155134e+00
1.284422577376902241e+00
8.299041451067287190e-01
1.268453314026507739e+00
6.332873136743637499e-01
1.114737871311319406e+00
1.020091443958802468e+00
9.943773226286345412e-01
1.246161649817422168e+00
4.340126742402948268e-01
1.423112589672147932e+00
7.328092501165683892e-01
1.746057042759253219e+00
8.026087232325170850e-01
1.180940839729552660e+00
3.152080129593877733e-01
-1.293951731729727590e-03
1.162122553912894540e+00
1.268219341087383212e+00
7.966424955350335235e-01
2.266722427144965135e-01
4.543892254808777342e-01
3.068209657492716541e-09
7.447714858954093131e-01
1.875380486836569327e+00
1.630438593131078029e-01
1.203067153207254991e+00
3.647090251055801202e-01
1.104008519671499378e-01
8.160022825691747306e-01
-2.601631448049852163e-02
8.929150290879386276e-01
8.494352387381387537e-01
2.006848310425296267e-01
7.059361314514276398e-01
7.595995779184840924e-01
2.673499899589811268e-01
1.252845252453099523e+00
1.089565259587879753e+00
1.342665838778040577e+00
1.118929522978879376e+00
6.742873946206554558e-01
8.394200969327000328e-01
4.830668514915196221e-01
3.160765501692323898e-02
1.961344733791762662e+00
4.884607443524345838e-01
-1.110090663945549755e-01
2.448695736398290190e+00
8.234566119066248913e-01
3.775506689225714974e-01
1.287406377417716685e+00
7.621111120839106912e-01
1.196990054381247059e+00
1.597863510329562420e+00
8.707474320003660839e-01
8.479723024401371045e-01
1.580530235471690748e-01
1.331729004541764905e+00
1.427138102270643083e+00
1.831834161861018329e+00
1.081785586861049087e+00
1.185690061460121569e+00
6.795449710897991658e-01
-8.887649670525298029e-02
1.236976835479057790e+00
2.348708779219326637e+00
1.620161018346103265e+00
9.855660249320561395e-01
7.563874425017701464e-01
1.164966091541035365e+00
5.384996062897107194e-01
7.693736916504599621e-02
8.508575152076537362e-01
8.385833177712566089e-01
7.584651103132054040e-01
4.895217169033341809e-01
3.060981137058536583e-01
