-5.410796876877570216e-02
5.465694645585117417e-01
1.252700931776348225e+00
2.120673840281863398e-01
2.009575851030954031e-03
9.385205999095733720e-01
8.653342704632345228e-01
7.014903979223971464e-02
5.666395228287638419e-01
9.965630281061571560e-01
4.397817421968787215e-03
5.482091777667316701e-02
1.089514656694091088e-01
3.814979269884178903e-01
4.116756804476320863e-02
6.779919182789860832e-01
1.035694681549443441e+00
1.326678830701448764e+00
1.156862332914198710e+00
1.578746777018236180e+00
1.389148385940450758e+00
1.308916790073839209e+00
1.625978705844949523e+00
1.674747433616578185e+00
1.608016365007780557e+00
1.496239169881044884e+00
1.423858420137978698e+00
1.383679198925798826e+00
1.230202271087904364e+00
9.288476950676376187e-02
1.038047428343491951e+00
7.079509854445009687e-01
8.120037566171040000e-01
9.721785190506981866e-01
1.189919673479025830e+00
1.234501863147360767e+00
1.578002525360322927e+00
1.548207911404300585e+00
1.472636519008397205e+00
1.225706757854180484e+00
1.201199474474365481e+00
9.109732540583267424e-01
1.283682261138075376e+00
1.432096462238091394e+00
1.412399455322751463e+00
1.346731977236521605e+00
1.248998944290514945e+00
8.201611676867349709e-01
5.060348897302708870e-01
1.042751809789782325e+00
4.023560071074305799e-01
5.619292381352770649e-01
1.432561547557477111e+00
1.384862226491754056e+00
1.164775495677093042e+00
8.100098069103190968e-01
8.792654348757872329e-01
1.387311162660036068e+00
1.336953478143410257e+00
1.306043514283056650e+00
1.339553584996557190e+00
1.297042389063137069e+00
9.773507475445051274e-01
1.104874625330185101e+00
1.339765469450663993e+00
9.017999372053987495e-01
1.236200950707423418e+00
1.193139819862674589e+00
1.080655480566560467e+00
8.480279558338921220e-01
9.366832506747123643e-01
1.847282109119286475e-01
4.204218179018070350e-02
1.070977712441751883e+00
1.003232371410363477e+00
6.165926594441537567e-01
9.460860731603366602e-01
1.015311574785675797e+00
1.172968026566171273e+00
1.126374057467741885e+00
5.202677144096092832e-01
4.700818621931879271e-01
2.521579560002671361e-01
-3.108644427231041507e-02
4.352937399649737249e-01
7.591671594020534819e-01
9.281919737718814511e-01
1.073622250615569929e+00
5.845157800912044177e-01
8.216682971587427886e-01
4.954816044070124437e-01
4.407027685781176873e-01
9.679872967334935963e-01
1.189755628629670881e+00
1.280973324283801063e+00
1.182776239665615625e+00
9.911954154060076405e-01
1.133555470922498642e+00
9.356818489944680461e-01
3.225599775937342817e-01
1.220309036034000066e-02
9.521994200259138452e-01
8.734366219840048462e-01
1.200220493267948330e+00
9.975811855811284046e-01
1.036802629451433644e+00
1.133346376513834075e+00
1.009228655654385687e+00
6.266937623251619405e-01
1.000733745571754874e+00
6.537801385263568577e-01
5.830063690365190343e-01
5.747388330354139541e-01
9.377465984175170632e-01
8.754146877084354461e-01
9.901509626740078174e-01
1.015717922139732554e+00
9.936420503113585490e-01
9.338808912227360981e-01
4.216620097000499112e-01
6.881402736380345386e-01
9.410034136662381865e-01
9.542555103427422525e-01
8.719890314066505166e-01
8.617859923165771541e-01
7.850090193563862284e-01
4.403691873056881367e-01
8.585737638051389453e-01
8.350877746261815560e-01
9.625925106955092181e-01
1.086318082366624527e+00
9.250694616962735761e-01
5.638810465345563960e-01
4.499512249859917157e-01
1.069384726928421347e+00
5.922098566666735842e-01
5.508016470157384159e-01
7.261273130771900286e-01
7.693643564984196104e-01
3.243390803061510508e-01
-1.337159068304214493e-01
8.095745638495899232e-01
5.334450139750274156e-01
8.700194187374388211e-01
6.215427248955117667e-01
4.714477546925344154e-01
3.951566202164121244e-01
-9.500173971337976253e-01
-6.432144642990569317e-01
7.186028217480151525e-01
4.885324970307383108e-01
4.796917460245595510e-01
6.682726150097627604e-01
3.804534834423734524e-01
9.261136165719818791e-02
7.937025586699710811e-01
8.539531113816589691e-01
9.032302740578842526e-01
7.992278745739159751e-01
8.108280345825430446e-01
2.775286134889404233e-01
-6.791329691302422367e-02
8.187237020253497199e-01
7.586026421825284860e-01
8.809724073549942691e-01
1.050580886546122361e+00
1.173350803022146449e+00
8.573273373666112640e-01
6.932423509841149079e-01
9.869297558874298160e-01
1.093587631297824103e+00
1.113316340801569382e+00
1.182462356028950667e+00
9.731440561701377723e-01
5.373450370241770191e-01
4.610786512488272981e-01
8.174159050146280192e-01
8.870626537150683166e-01
9.949009759644109607e-01
1.081290981338258295e+00
1.026158434900266814e+00
4.971069122368051429e-01
-6.617327831003702032e-01
1.279204643551205556e-01
4.552352826893579785e-01
4.231438564283963588e-01
8.838230676431483301e-01
8.998713391735240208e-01
5.773694020436044294e-01
6.989078571153821695e-01
9.671488441947733161e-01
8.641172652208405358e-01
6.431372246958008132e-01
8.188948799683823943e-01
8.943632433405059867e-01
1.416815193297759901e-01
-5.788300506623442754e-01
5.780450445646627688e-01
9.123739083125526061e-01
8.831359912379050936e-01
8.635433773321062878e-01
9.760994736412533790e-01
6.009518272195690791e-01
5.593751351374529057e-02
7.985775071245035939e-01
9.647637956321802877e-01
8.529502122626411165e-01
8.751403190347161187e-01
8.748520674729707292e-01
6.231775663115146635e-01
-2.198064057357329570e-01
5.511908834508344457e-01
6.355500788782084687e-01
6.692781390246087536e-01
3.311418371994608312e-01
8.701769246930726176e-01
8.265703100162574701e-01
5.431300792691525769e-01
3.845827016443958968e-02
-2.551648656869178189e-01
7.043656682456587159e-01
7.813990243387644030e-01
7.599449623893740347e-01
6.058832672753120541e-01
3.984141769049528436e-01
8.480620137830785499e-01
6.874707486332785056e-01
1.003130811257030741e+00
1.020336610930296928e+00
1.008835515520128290e+00
6.707196368903144412e-01
6.386028333748868802e-01
1.023133036226902881e+00
1.062338411564943019e+00
1.136403550481247304e+00
1.244186654121993030e+00
1.037059751638233607e+00
7.940019300220642062e-01
9.597108116544730283e-01
9.573606941975193463e-01
1.072694956949696632e+00
1.019780183947016861e+00
9.560012773766246585e-01
9.942421538598045228e-01
8.398611883551163615e-01
5.711400822298402513e-01
9.248555527360200479e-01
9.002184334640821461e-01
8.796540096065652570e-01
8.407591568322327902e-01
8.433670061989402278e-01
6.024722492131441287e-01
5.438965844399347160e-01
9.802767307756217185e-01
1.081649171811088550e+00
1.023473425305923445e+00
1.004100249572177805e+00
9.481303413912419709e-01
7.827141180893570915e-01
5.890534568017918859e-01
7.715134389163484929e-01
-7.811006618042356554e-03
-1.802421143402877998e-02
6.096288370240312560e-01
9.384414554368243344e-01
8.824882929540178722e-01
4.239947290834895077e-01
1.981878496494674513e-01
1.047945377413927570e+00
1.026959477642836349e+00
8.567860460260223743e-01
9.416518717898734181e-01
6.457557104367469547e-01
4.519902693468909050e-01
9.822800736082757389e-01
8.127145853504343098e-02
1.097351124388775689e-01
7.490420669330600800e-01
5.645376155952865904e-01
1.495438631270597403e-02
7.527401678667151597e-01
8.753815477265645129e-01
1.010426234676403690e+00
7.658169759434479973e-02
9.358618721213529668e-01
6.809856445803776914e-01
-2.166968809433802295e-02
4.116208521299120904e-02
1.068386213830978981e+00
1.163053775140124868e+00
8.937728206371414741e-01
1.470197331084628356e-01
4.187368857784881104e-01
2.910934883290600128e-01
3.050790918798446105e-01
1.080698827329478195e+00
1.012539406769874528e+00
1.023018097430621332e+00
9.972809062759826482e-01
1.067878253901394237e+00
7.056150325423395930e-01
5.202290060079753364e-02
9.474479688855433346e-02
7.587913917088393578e-01
6.100186370909298494e-01
1.654887716670643272e-01
1.340620805342329913e-01
2.090122068817954482e-01
7.339535184361323239e-02
5.961335482441949135e-02
7.875164688860905038e-01
7.393449263341107525e-01
7.960134134302403464e-01
5.761315707784271378e-01
8.882432169498282182e-01
8.947025601340455880e-01
8.725312818421582239e-01
3.528539376516195286e-02
8.123706048974679295e-01
8.492708207003812904e-01
1.058788274339379498e+00
8.913924064946368020e-01
4.741764631984606709e-02
6.807301667214397112e-01
1.042066547094498974e+00
9.934697060739163810e-01
3.164784251686884597e-01
2.207054951148602895e-02
7.982120583086391719e-01
1.077661999289426520e+00
9.682827980368264864e-01
7.436371883904112634e-01
9.956900956295298144e-01
1.122045415951514746e+00
1.083853986324260665e+00
1.072242053473782653e+00
9.907323957687987903e-01
9.552607359337978998e-01
9.350730572584329270e-01
1.003819755583736484e+00
1.001404349540494954e+00
8.902030797457542999e-01
7.694413575467091704e-01
2.435930930920199855e-01
1.435720092588312347e-01
9.246808950883863565e-01
7.996661274072368597e-01
8.506906278945695066e-01
8.588551146658076618e-01
6.241778553944290486e-01
3.582399295265297767e-01
5.609576425590705462e-01
5.788454013572041923e-01
4.416490184267633512e-01
1.327904639801678055e-01
-1.832427008953400058e-03
1.149410289802116727e-04
-5.386864785090585139e-02
-6.819902450023054841e-02
-9.771692441272851817e-03
4.840613502795834133e-01
-7.645707997125914673e-03
3.308338678774547063e-03
7.174934715308031730e-02
6.094882814077300787e-02
