8.688340030826019467e-02
1.217069478535603988e-01
3.597176217994511177e-02
2.884263231117040749e-01
1.358502562061980612e-01
6.834842442946371943e-02
2.893643622882342559e-01
3.848883221675641897e-01
7.641352439284825049e-02
3.524231024886434471e-02
9.445238281719428586e-02
2.792864255057571632e-01
1.120189448488133482e-01
4.183318290197913236e-01
2.965485749559170769e-01
6.815228763206787263e-03
7.904016974344241220e-02
1.482878477557199037e-01
9.248074612943960049e-02
1.481705128784745751e-01
2.803558140211093730e-01
4.383856441458968689e-01
1.080418873061128049e-01
1.210022908362708843e-01
2.073699088443251015e-01
1.409481694880579117e-01
1.246942880329711678e-01
1.023026313073225751e-01
1.020806704239287099e-01
1.353767406923745975e-01
1.274537180740594189e-01
2.354559997593946019e-01
1.506636458181583871e-01
1.421532890738230748e-01
2.346590081723835541e-01
8.538595373824972579e-02
-3.026523687002816501e-02
3.499923441846133354e-01
4.608177631463123425e-01
2.064184679972278502e-01
3.230546900113759889e-01
5.332448471279518376e-01
1.699233484857569643e-01
1.139326504291457015e-01
2.142989020720483667e-02
1.831365297091969435e-01
1.210917680058183205e-01
1.683620384712489204e-01
1.095553353588390455e-01
1.371779092352991281e-01
-2.722528278729109772e-03
3.096401890827266135e-01
2.100535477184283795e-01
1.738548208104420956e-01
3.412432085668403170e-01
1.985432303317970770e-01
1.317720130939157297e-01
1.198891034879826650e-01
1.652482545822059057e-01
2.211142377982096563e-01
2.829712771620844225e-01
1.918016504838297998e-01
8.264044035673791255e-02
1.290620835877655248e-01
8.602839784619609187e-02
9.329813559659803912e-02
4.010895558971604991e-01
3.024493923238658066e-01
3.635605579573750884e-02
4.389675222638764196e-01
6.054339595364730542e-01
3.131830468189789052e-01
4.924426478807956142e-01
2.784211456117491879e-01
1.646011324533833142e-01
1.870217677356029173e-01
2.513865217022024923e-01
1.143645797855250557e-01
7.617406491544140290e-02
3.061270940549543629e-01
2.434272451764492029e-01
1.064707675882805432e-01
2.216743672231538675e-01
2.486882604273458752e-01
1.783738387307310103e-01
8.148114661393902614e-01
8.054144579343541777e-01
6.856282252551753054e-01
3.391718771102702479e-01
3.215174561380450546e-01
2.417660517015212951e-01
5.578220423153442686e-01
3.130576788773494767e-01
3.257996006738853589e-01
9.458006718458764617e-01
7.886712477515140929e-01
1.733927802657040107e-01
3.307323857855323790e-01
2.589442771032480772e-01
3.915495414276088521e-02
5.164893419310834927e-02
3.879702563735435983e-01
3.117093644018764098e-01
6.068365731886167236e-01
3.872056495737659088e-01
2.305223895280747171e-01
1.329206081892181923e-01
1.218480819165520257e-01
4.936649148192791547e-01
3.987034517161182068e-01
2.096898217432187350e-01
7.939836677108665919e-01
3.383193270298154309e-01
2.900943068484599374e-01
6.029311952733562574e-01
3.134064572755339562e-01
3.116658794618243356e-01
2.204115421561312349e-01
2.443519118161188164e-01
1.511752748039799643e-01
4.809715958971686606e-02
5.243934986380766050e-01
3.311596079405035864e-01
5.925554722618243675e-01
1.126204314307471366e+00
2.327638272421813093e-01
2.393101675690861296e-01
3.233860548961609571e-01
1.144926941257143227e+00
4.698629432391864813e-01
1.532110395239706380e-01
1.542525759941384411e-01
8.702926573624172879e-02
6.452211611554987958e-02
1.384724422330238791e-01
6.787498531292719406e-01
2.963373433965344472e-01
2.262982115417805362e-01
2.499008968308804035e-01
2.801270827788361339e-01
9.817686561343017537e-01
1.131553449687283219e+00
8.768159654711201734e-01
5.926008227206682744e-01
4.538249243014614853e-01
2.356189262885722280e-01
2.345984753366512077e-01
1.812045315462635919e-01
3.771683495838346056e-01
7.913587623668262294e-01
2.353061965524214372e-01
2.451156825363431102e-01
1.927168320754510111e-01
1.131065659517155042e-01
1.050952698223452109e-01
8.298623748555489232e-02
1.318760166842215531e-01
6.723971247670544604e-02
1.860760136720196467e-01
1.348801169879013662e-01
1.530471068307585891e-01
1.313785527500028472e-01
6.511721947787246778e-01
1.008945193174692445e+00
4.260750482746584189e-01
1.564744887715377730e-01
2.165098228563360205e-01
3.866519053940910555e-01
2.260503373712529074e-01
2.055235120407371552e-01
4.739737361949682426e-01
2.087959012018474614e-01
1.241292162042058334e-01
4.165259641245741551e-01
3.060224465516594994e-01
1.396764269139591230e-01
1.204051936353819213e-01
5.102219798626669300e-01
2.741102027550915698e-01
6.282694594754667516e-02
2.619107715276986978e-02
6.798915574848048149e-02
1.145706516816522857e-01
2.047592444962975100e-01
1.024803349872048935e-01
2.154699161780787575e-01
3.293802664476758180e-01
2.389453394764283201e-01
2.465612814597139824e-01
6.088831553510370975e-02
1.356318996352090245e-01
1.720814957469523621e-01
1.782177839330796321e-01
4.618481383827389986e-02
1.364509048850132411e-01
9.234809966177558171e-02
1.508085440402504585e-01
3.871821801372341554e-01
7.463961843775951399e-01
2.481149663653322290e-01
1.347077833052300888e-01
1.948745890780972101e-01
1.414492360538174009e-01
1.576197156587095527e-01
5.648515360755575893e-02
2.940318616631277249e-01
1.790828135314525005e-01
1.886669841992301977e-01
2.872169883111607147e-01
9.602265492845131201e-01
5.275957966398642229e-01
7.673349444839212552e-01
1.288058571351325121e-01
4.978139432889536198e-01
3.014396373939629004e-01
2.617707655195178895e-01
2.593921120203520614e-01
2.185111963734701346e-01
7.107036000364939932e-02
1.141440807361299603e+00
6.503610359913677419e-01
4.425007270614453314e-01
4.052812281685447826e-01
3.287474823889428022e-01
3.870770174288051257e-01
6.674629711116960573e-01
5.431564060944316097e-01
3.162028030398358891e-01
6.495307944672102929e-01
2.585360734283539963e-01
4.123941837263984111e-01
2.712325337205232501e-01
1.384447740446065611e-01
9.008785100304321503e-02
2.307423484440241090e-01
2.778223768912567171e-01
1.405528850577348610e-01
2.934750404361401999e-01
1.893054257367227933e-01
8.506190254163852049e-02
1.282247687565863936e-01
3.410521423872990843e-01
3.043233999720015293e-01
3.627323516081222277e-01
3.933884205770204479e-01
4.038263670177548170e-01
2.578913856718108577e-01
4.711281433217631709e-01
6.150674705527443553e-01
4.366856887494510731e-01
3.248004700458491101e-01
3.646104583345061712e-01
1.744481160881997117e-01
1.683232996722084374e-01
4.767234584903682348e-01
6.808431280151970855e-01
4.779743332476579787e-01
7.778293396551237693e-02
5.872607009447303739e-01
3.756695999774787853e-01
3.545146803689332993e-01
5.487088837727639445e-01
6.139088010066859891e-01
4.066837770270315122e-01
7.749372066443204199e-01
9.697579688511639429e-01
1.214626490495867905e+00
2.027277374162473611e-01
5.162590826607370564e-01
6.230019370297564807e-01
9.080273488511880764e-01
1.044966814084053119e+00
1.306654437186544060e+00
1.479493671027509283e+00
3.752511009018252852e-01
1.080845841250509975e+00
1.225380841265397702e+00
9.550778850674837006e-01
1.633911654925538803e+00
7.519408135727545517e-01
4.386024763898728751e-01
8.652769656309103885e-01
1.100698365144984203e+00
1.697813073051749999e+00
1.489248879607055320e+00
1.042135552860994352e+00
1.031849255750677985e+00
2.001601374929781851e+00
1.274770743091399483e+00
7.724921527766617224e-01
1.283647527954044687e+00
6.078108513112262523e-01
1.298726068536782075e+00
1.011757481530974889e+00
9.943433076104496449e-01
1.219728131462267440e+00
4.870864140904452300e-01
1.425945196759448752e+00
7.362376432636473789e-01
1.731812337452733663e+00
8.863423686079004993e-01
1.178123414622877618e+00
2.730925031470081699e-01
-9.915326557435773236e-02
1.162126617752828661e+00
1.061492089957482898e+00
7.966468582355682448e-01
8.546584710489939229e-02
5.569586472004810218e-02
-1.210512690648751361e-01
6.317545961839580171e-01
1.703282084303151978e+00
1.892432720830416748e-01
1.182619882726942961e+00
4.776812551032036946e-01
1.622539841555690476e-01
4.809145615777911664e-01
-1.772618132191422502e-01
5.795188151712541424e-01
6.851680498468142311e-01
2.006884087262881255e-01
5.800294711046378726e-01
6.483399869470621857e-01
4.060783069981297455e-01
1.252787467841011138e+00
9.423963886384456590e-01
1.326506546783479568e+00
1.118934221570419441e+00
7.609675455858400106e-01
8.394240223872853068e-01
4.830704328646378554e-01
8.023709572184763508e-03
1.966597856942092104e+00
3.842024488985216202e-01
-1.994820680749238850e-01
2.448699673140144029e+00
5.960036049715528028e-01
3.775553998698543690e-01
1.287410683907123987e+00
7.621158058165797833e-01
1.218298169651786056e+00
1.597867252910664337e+00
8.707518889994084743e-01
8.479764336328190488e-01
1.869438582681596794e-01
1.302365331416012406e+00
1.427142283922789190e+00
1.831839279930706388e+00
1.081789608937583358e+00
1.181894133613740738e+00
6.795487539305208324e-01
-1.763274739527391222e-01
1.236981244620242615e+00
2.300677657826824873e+00
1.686664829860255788e+00
9.997801358385581816e-01
6.186869945188130382e-01
9.939367935080706262e-01
5.385038759162099620e-01
1.343218340415527345e-01
8.508614877360555218e-01
8.019322045914413222e-01
7.581079256952475420e-01
5.475305136657701022e-01
2.206559450916360798e-01
