4.951445432608693742e-01
9.830054688320271072e-01
2.191888220904247564e-01
4.017040716633799580e-01
1.523864114026333816e+00
4.377936337371403641e-01
-1.391707504774781709e-02
9.693402680426476126e-01
9.608934334201052474e-01
3.957847620579552084e-01
1.141118375122038398e+00
9.958585563970790977e-01
7.895978896096608191e-01
-1.877505325050405662e-03
2.056083591695265222e-01
7.785302294092678599e-01
5.260764837827545115e-01
7.249362305550348384e-02
4.959137316883721613e-01
2.819793124525666328e-01
2.129501916873121486e-02
3.641808136250473948e-01
6.323500489528375290e-01
5.655367643595394789e-01
3.305497141623048307e-01
2.429905620118531784e-01
3.429266452509794338e-01
3.082476911462095001e-02
-8.841139957441443431e-02
8.225434373117712639e-01
4.659673702519852023e-01
2.929491236888873140e-01
7.507555149818860851e-01
-1.644412396813675278e-02
3.948641743633876655e-01
2.264861937853604457e-01
2.221856936364735580e-01
6.104469905595625301e-01
3.040519600873517470e-01
3.747551318238065421e-01
2.476241766143448264e-01
2.834695674983011560e-01
1.307384174305974700e-01
6.435836164276304006e-01
5.843637774655099371e-01
2.929746817047915730e-01
2.914090823815306819e-01
-1.232676002454113212e-02
7.714678162647711224e-01
2.610223687180580621e-01
7.910027742355867364e-01
1.066274656858398728e+00
1.804181455900504272e-01
9.370218864999114994e-02
8.677664965096283656e-02
3.404936962733968175e-01
6.120790364936901096e-01
3.600179222730165440e-01
4.964910877126989530e-01
4.999437263045268254e-01
3.839305645755325402e-01
3.504059148332107632e-01
2.225897065741454239e-01
3.135506402169558893e-01
3.826224484889761412e-01
4.542952973111366033e-01
2.672482666117545480e-01
1.501489789447494894e-01
5.470847337885155481e-02
4.437329210241867106e-01
9.419356461141036030e-02
1.139982345154561649e+00
1.344670262769300129e+00
7.756510687528408443e-01
3.136382405925108308e-01
6.829438879309708277e-01
4.020708893427230590e-01
2.393518305920612488e-01
3.255424356400667962e-01
1.033305000863799783e-01
9.926482358410788631e-01
1.060619865297551367e+00
1.102930886117522657e+00
5.974721559660626236e-01
5.715597236693985561e-01
7.004525534669606701e-01
7.018123947110401772e-01
3.504175925138712788e-01
9.510916477357006515e-01
3.909603306233168096e-01
3.299319080586335384e-01
8.174555100759186566e-01
7.461210935556203960e-01
5.511639077069215853e-01
6.921469602301829616e-01
2.055317523095580856e-01
2.272790002185144098e-01
7.241481672350616461e-02
4.674182823673638798e-01
4.979171965582940285e-01
2.309121939234881626e+00
3.221309797584385182e-01
6.082628977249491253e-01
3.949514911449307775e-01
1.755329470127557079e-01
1.664535892655764071e-01
5.278834232354709943e-01
3.584790879189082013e-01
1.169454786467044149e+00
4.484183871825435097e-01
1.146353668036752982e+00
8.659934713213917057e-01
9.389298965116610329e-01
4.823933996308214511e-01
5.925678780455011507e-01
4.432638769304755311e-01
4.591931816073415162e-01
1.528280506358903890e-01
2.474050423231869134e-01
1.134166532165648222e+00
4.059228942657468475e-01
4.686077903412221302e-01
4.873246556361625625e-01
4.518659200198873460e-01
3.460814917696193316e-01
3.377028456852521066e-01
8.875604147502380581e-01
3.458376075998778054e-01
4.192798437808246681e-01
3.383626773530432064e-01
2.566268903247508337e-01
2.989919889204617487e-01
9.426500879280920175e-01
1.054893438577268805e+00
3.372654265986451683e-01
8.214985269324545092e-01
1.155885722756481160e+00
5.759612338108075491e-01
4.226831409100543779e-01
7.365817176090481144e-01
1.077005803002245132e+00
6.610018200509051312e-01
8.707879524334800614e-01
7.677457928606873372e-01
8.572340257036353828e-01
1.057158717460550568e+00
1.036073405639699185e+00
1.936871155584280579e+00
1.578728289519140349e+00
7.039808690208310127e-01
1.122837127458397921e+00
9.703687528973266030e-01
5.846190242822899563e-01
8.511361770472077870e-01
1.165212699568509924e+00
6.501983130243832454e-01
7.202960405577156777e-01
5.187439804604182525e-01
1.892243132434840713e-01
2.510906308340767334e-01
8.937607840853950547e-01
1.181828325749463282e+00
5.730966591968489343e-01
5.721756130680982766e-01
6.476909900109525386e-01
7.483547580167674296e-01
4.127222860951273442e-01
7.935537617496541962e-01
8.505756290820160048e-01
7.306454841841106829e-01
4.612083782093687190e-01
5.717127076695088794e-01
2.964737203706571678e-01
3.270742810339403173e-01
1.202340405479345176e+00
1.333007468412586549e+00
5.657341357508069990e-01
4.948210087159422010e-01
4.776666630056584095e-01
3.950797014837270082e-01
2.466759034003985773e-01
7.795833937969481875e-01
1.453753308972657310e+00
1.574069205176794162e+00
1.524074284031706750e+00
1.146692722108046070e+00
8.349153926584841345e-01
6.745992009244883292e-01
8.608429883982956499e-01
7.100672144503252792e-01
8.402193084182330018e-01
8.483551948096713646e-01
1.070215923257162416e+00
5.041721672147464473e-01
3.737708669263551386e-01
7.751416795729710874e-01
1.572475459383612328e+00
9.834512628318249350e-01
6.021676704194680596e-01
3.900670017484255125e-01
4.709485187678695284e-01
3.088048154601406026e-01
6.725771212477821281e-01
9.184514341017206984e-01
3.623895176299034016e-01
3.583291928176681740e-01
3.224156383284411675e-01
1.615448560675398493e-01
3.610132403777423504e-01
5.559382387441594853e-01
1.237248594267655655e+00
5.075773484118099033e-01
5.055209211420307325e-01
4.985106702347014695e-01
1.037370212952344106e+00
4.352538820142275999e-01
3.714637775318194168e-01
4.768401586822314520e-01
5.463677030407964041e-01
1.105739940154532697e+00
6.968866020132635786e-01
1.273884557276878438e+00
9.568001279798941106e-01
8.405916163040805245e-01
9.888162507052493666e-01
7.916521436963572800e-01
8.211806422412500917e-01
4.547584696290027373e-01
3.393505539640286339e-01
3.922944767792340137e-01
9.413326513031837761e-01
1.023361786508014681e+00
8.393053475577754163e-01
7.248251379243442205e-01
1.449789721682266830e+00
1.056169736823953986e+00
4.158101637762940950e-01
4.821240504382726666e-01
1.354492703753533700e-01
5.140470808166529570e-01
5.069286486910872247e-01
5.119148964598057017e-01
3.892624468391276960e-01
3.395887345635801302e-01
3.134841087594496534e-01
1.008680693605057854e+00
8.443761845493903406e-01
6.014658642953507606e-01
7.938777161862458076e-01
6.459186516440202919e-01
1.124961529942127614e+00
1.074568845057799038e+00
1.222671080824183631e+00
2.875577090807502234e+00
1.202311808993789644e+00
3.619524450665200788e-01
1.098891657703000124e+00
7.861366613160515326e-01
8.595579257113080685e-01
1.043941556963278172e+00
9.449961683812375668e-01
1.835504327576004346e+00
2.265284010765230782e+00
1.348615016612859430e+00
5.760905617704343840e-01
5.271599106262896406e-01
1.280786450540494226e+00
2.672463248328648344e+00
1.366015400088730125e+00
1.229939164400966511e+00
1.100392402653350254e+00
4.504429603683375305e-01
9.912967272080080994e-01
1.143845402239880515e+00
9.919040074518149508e-01
5.843368885919937306e-01
1.468385289107883462e+00
1.039489518890416075e+00
9.138790349076784114e-01
1.456210825552828325e+00
7.125367148693829700e-01
8.374609473552606653e-01
5.971296744551329860e-01
2.010469435456580634e+00
6.997067466983241113e-01
5.849920602039222484e-01
1.059450011286637405e+00
1.250544574264077724e+00
9.440740168156296352e-01
5.082950200045659450e-01
5.524798841474234390e-01
1.020091896635075601e+00
6.091941400787195260e-01
9.565823475514328988e-01
1.014396037154424723e+00
6.399628651496095388e-01
3.063197355931625565e-01
4.243349558865082138e-01
3.520656685048726420e-01
3.309322051702839884e-01
5.338054083222300017e-01
4.718152180844276677e-01
1.358351724752506540e+00
7.108204641953392855e-01
-4.017222321856619288e-02
6.710735915398966522e-01
8.175965265477710409e-01
8.894071789077342971e-02
4.429821096228472310e-01
1.330813388440998501e+00
5.738873420388824753e-01
4.276996927052152397e-01
3.613888868193660953e-01
6.246347538272021271e-01
1.957413962939263952e-01
2.469037764847032412e-01
3.032175619066140859e-01
9.511940980470839913e-01
2.684746303551921454e-01
4.963685205886425589e-01
2.295528520087714575e-01
-1.051910029115491335e-01
8.402779911651634404e-01
5.577867708882464637e-01
2.187609873524529736e-01
2.384380253964531460e-01
4.630665794568101234e-01
8.488645876081121200e-01
3.159534210441214408e-01
1.679231486049393984e-01
2.656214132805874151e-01
8.347149318534494711e-01
1.010989305539844674e+00
6.639268469224828273e-01
7.664291948409590605e-01
6.636597199345296849e-02
1.129890027566812366e-01
6.302123906836669398e-02
2.910638423040070588e-01
5.019432116971552782e-01
1.194475863923944309e-01
1.341904755601996124e-01
-1.989898151480275212e-02
4.399799902773068316e-01
8.938410744385286710e-01
2.134825965977174556e-01
1.435925286890397667e-01
2.338304549996568782e-01
1.063509783154475835e-01
1.319571252346748158e-01
2.722970343015662653e-01
3.083493301882672677e-01
2.666623959916901709e-01
2.287066674287188961e-01
5.402333423293319559e-01
3.962427210101899244e-01
5.844672113213872366e-01
5.645354130626181743e-03
2.461473546920593669e-01
3.879162350355837008e-01
1.405652757060181779e-01
3.855224228498331240e-01
2.118940962293507646e-01
5.859087096808566208e-01
2.190808634371246566e-01
