5.069936924106951404e-01
9.830054445028068022e-01
2.272399650443952812e-01
3.735758355071160386e-01
1.693941303442026758e+00
4.377936509743678428e-01
-9.271076644430081705e-10
9.706123062154311532e-01
9.608933611855968726e-01
3.125377349452699849e-01
1.140932207323975378e+00
9.808495838396900091e-01
7.354908407540551307e-01
1.798785006841874951e-02
2.319056639071108428e-01
7.785302010305069631e-01
5.888699402844008723e-01
7.249360198751420015e-02
5.643137458013955943e-01
2.601918538661945335e-01
2.529574880151036777e-09
3.914312074331825486e-01
6.038043838642768169e-01
4.849759261521341402e-01
2.832777100176131491e-01
2.429904193870201512e-01
3.501703243700086676e-01
-1.153795247426119517e-08
-5.122621276559650343e-11
8.299524273975406041e-01
4.659672925641027419e-01
2.650096219480622128e-01
7.507555160358179158e-01
3.493201097654496934e-02
3.948639825854904917e-01
4.483850445063027231e-09
2.017556914251025513e-01
4.695652269688091462e-01
3.141007034448905361e-02
1.396394096221153236e-01
1.013251685563109350e-01
3.840306002999261947e-01
1.982389195751269057e-09
3.772914208836736782e-01
1.946876081090562483e-01
5.604672550936638020e-08
6.769682390785906889e-02
7.891186927820926313e-11
7.791978385142751540e-01
1.865733976725092724e-01
5.748147112310354467e-01
1.021786285681230977e+00
3.344718147670065110e-07
-1.457962847672469760e-09
5.229748481720784232e-08
2.832851849676476519e-01
6.370260586983818030e-01
2.791188271237360352e-01
2.095202280338712142e-01
3.227602301297418652e-01
3.117835524115953882e-01
5.612036580995052176e-02
2.677283025922300719e-01
3.093563453046155876e-01
3.957284095597440321e-01
4.542953020887651183e-01
2.431004540896169186e-01
1.428426868215621204e-01
9.922902368996090738e-02
3.566224074155216472e-01
4.505236831885868097e-08
1.067820851704450291e+00
1.225564122256372901e+00
6.612148913283019125e-01
1.304289156354369317e-01
6.216785962791769871e-01
3.771702523462452938e-01
2.279433972355448534e-01
1.954551450894430609e-01
2.897291578086214764e-02
8.429990484193055078e-01
9.076759879099683959e-01
1.058800637529478506e+00
5.728536664021391944e-01
5.715597191360424212e-01
6.871390976640900927e-01
5.764840495087912853e-01
7.916642281238825407e-02
8.149193384932053030e-01
3.997499762899573983e-01
1.128378350030363221e-02
8.459514679034612072e-01
7.191586294662675183e-01
3.813830511298145209e-01
5.916138941341162472e-01
2.240801091706794423e-01
2.270308031900304391e-01
3.740349186460018710e-02
4.674182883034789793e-01
5.010625696098134352e-01
2.309695786933721795e+00
9.357957922487003533e-02
6.082628897807623725e-01
1.061467130728556280e-01
1.047218062363710761e-01
1.619623392947555363e-01
4.469661886460239431e-01
4.595120721625155225e-02
1.153479157743419803e+00
3.495990356353899098e-01
1.019221323288111103e+00
8.904291149732367350e-01
9.873383267607899194e-01
2.228263485042470959e-01
5.742449628180847920e-01
3.353656119893468901e-01
3.749219821927675667e-01
6.657726792468310340e-02
2.614281479201385205e-01
1.128364949765803260e+00
4.108481458643856721e-01
3.449266155652333521e-01
4.941940034830051287e-01
3.742022361964453814e-01
2.983109423313413111e-01
3.303374677486348165e-01
8.875604139347887944e-01
3.295967383752692603e-01
3.312062514136281943e-01
2.830009845018089942e-01
1.358271027699899658e-01
1.931767279981144725e-01
9.426501057556381236e-01
1.054893481151927270e+00
1.515089435356195557e-01
6.256454447402475250e-01
9.653559148448812577e-01
5.759612181073326953e-01
1.271258546356879848e-01
7.365817602781963291e-01
1.070850401762315940e+00
6.455330679376148906e-01
7.935070212826960123e-01
6.791829039255142808e-01
8.130286781197870738e-01
9.690605287843151450e-01
1.036073327295320423e+00
1.903474151277535498e+00
1.676468255504903970e+00
6.252341159996364084e-01
9.783021822389725841e-01
8.892214686723893813e-01
4.464410606346441157e-01
8.511361626531678271e-01
1.163779737018397542e+00
4.822591338036424369e-01
5.400900874865268708e-01
4.712923841516030166e-01
2.387655330671552556e-01
1.989951180439069600e-01
8.952715589878360580e-01
1.171802631208894052e+00
5.127161501420378631e-01
4.142567808875500246e-01
4.392333129325889929e-01
3.501713379119970049e-01
3.585443801762719929e-01
7.884657861397138534e-01
8.505755588770945730e-01
6.564396983644360528e-01
3.307951133749050254e-01
4.341574185828773746e-01
6.915218554086849378e-02
1.912353655844385991e-01
1.202340330670480739e+00
1.378631159185989663e+00
5.158335959810967930e-01
4.103028489904433918e-01
3.853337079015407007e-01
3.491276920145814366e-01
1.901526872352203856e-01
7.549806087844075364e-01
1.841005895419967064e+00
1.384300347530947439e+00
1.421702151471599729e+00
1.160043861814731958e+00
6.697211994903857768e-01
6.053124124879309953e-01
8.608431138694283558e-01
7.100672068667213122e-01
8.258832873426282806e-01
8.483551645807684283e-01
1.071315889117385289e+00
4.917181850285768374e-01
3.783393631335227880e-01
7.607234715639881184e-01
1.523275145238416117e+00
1.091585982846094760e+00
5.964530831634246022e-01
3.807419235826814408e-01
4.244565517516100117e-01
1.235291462536532991e-01
6.433171404109263580e-01
9.234653303818712855e-01
3.233995603681605324e-01
1.308966263832344601e-01
2.241988252483400057e-01
3.154315487736512702e-08
2.489024929800769947e-01
5.559381932487355016e-01
1.221734362971768073e+00
3.984057070394041444e-01
4.573160013676059732e-01
8.581221705199551856e-09
8.977519203731212372e-01
3.607464420280939721e-01
2.764748197879595137e-01
6.558054915930676901e-08
5.752950761782668065e-01
1.063939424979919668e+00
6.401213320279742769e-01
9.361575951988856392e-01
8.902782218350175913e-01
8.405916202005491167e-01
1.017268566233972660e+00
5.499573966345305820e-01
8.230200930042931295e-01
3.103803176347829651e-01
1.739003464544116029e-01
3.625655355573932925e-01
8.959743279502728752e-01
1.018397984919899635e+00
7.320035687062598218e-01
6.984995295588933839e-01
1.423458494261452989e+00
1.034715164938189602e+00
4.040275067572867140e-01
4.966032515097825728e-01
1.298490546650761801e-01
5.173858359182380573e-01
3.677588510842910718e-01
3.562788631261436523e-01
2.595531713234111026e-01
3.245280063642698165e-01
3.740544649424683565e-01
9.999005550273568632e-01
7.645567365996508435e-01
5.727285688566081667e-01
7.419201770549200825e-01
5.031658456534964241e-01
1.041877510174650912e+00
1.074568789174136230e+00
1.222671093447728063e+00
2.809470707086046737e+00
1.189902072264164667e+00
3.295926736018723324e-01
1.006370857812694419e+00
7.232464708754113847e-01
8.748050227109127608e-01
1.071072814277866270e+00
5.393683208273086782e-01
1.677998202516590043e+00
2.265283959426539706e+00
1.335868012567346330e+00
4.183237391140384176e-01
5.271598890377447999e-01
1.280786449320955311e+00
2.622441175868596819e+00
1.353842957189280272e+00
1.174914309063228801e+00
1.082933265509524290e+00
3.022125806757776090e-01
9.912967090048867558e-01
1.131859740434278283e+00
9.493714508100933314e-01
5.753805941332817975e-01
1.458046421715604835e+00
9.810811022130059289e-01
7.781966007382059569e-01
1.281896493744012933e+00
4.967812148049209897e-01
8.750375910164003290e-01
4.893597601154793253e-01
2.010469435930612114e+00
6.759395901845485222e-01
4.785129558380140646e-01
1.022372984242907235e+00
1.150905661042466388e+00
8.210717109911944700e-01
3.580126505769033463e-01
2.958900400472343484e-01
1.067147412119163530e+00
6.645502870312881560e-01
8.814925869966195870e-01
9.211540627531386027e-01
5.172388067217824625e-01
3.076971843566985720e-01
4.051265869642684536e-01
3.624399086653937174e-01
2.751534198123506414e-01
3.877744831757878874e-01
5.972362479475952224e-01
1.358351704224646239e+00
7.108204548160338421e-01
9.495181883540890936e-09
6.690832357998829361e-01
7.212639929993052146e-01
1.215671451938732800e-01
4.680817485396995825e-01
1.278354516808218433e+00
5.159169949749911055e-01
3.978598964323329934e-01
3.657112396758936956e-01
6.024838575227422499e-01
1.798243848870634326e-07
2.469037713597357353e-01
2.961083278080039460e-01
9.802547178458672628e-01
3.427678996222280894e-01
4.963684615366494857e-01
2.283782182218592749e-01
-3.075000374713575836e-09
7.897792840881110443e-01
5.197356595324853501e-01
2.318524896161424653e-01
2.391220027083637290e-01
5.264843814055024662e-01
8.556336954309424758e-01
3.021071746593242957e-01
4.703094461444472935e-02
2.723532516637320877e-01
8.437638591732669058e-01
9.627278001155046283e-01
1.044167270323433261e+00
7.893764790751235383e-01
6.636608405189386994e-02
8.323491268480304184e-02
1.633393676036673792e-01
3.022956304633109270e-01
5.100514382026283267e-01
1.194475899370435884e-01
1.565960298081301993e-01
2.339054272281382224e-10
5.278450611997705932e-01
8.202775731070173215e-01
2.134825541244291802e-01
1.509360213134557649e-01
2.864361388119464058e-01
1.094506322824227856e-01
6.687048612008007764e-02
3.041946339004767408e-01
3.083493195173431234e-01
2.671753908604659888e-01
2.210468769746319340e-01
5.545213082110015540e-02
3.954467850270720897e-01
5.659735442891152823e-01
6.632090197682932731e-03
1.504882772316063766e-01
4.303241078835758904e-01
1.414203140667397163e-01
3.809527660254718451e-01
1.887523645487639568e-01
5.816771512328776650e-01
1.183499819810555631e-01
