8.431453177353562811e-01
7.656209550981971090e-02
1.120951907927398405e+00
4.147672329951287984e-01
3.575651052119900863e-01
1.159586678325025044e+00
1.044461106551352492e+00
2.293408655166141730e-01
1.381162489862318710e+00
5.669531737796009718e-01
6.182513918420126098e-01
5.505577855749996807e-01
2.701930778314379777e-01
9.387219304061812375e-01
1.271853004160221345e-01
7.665920249339318448e-09
2.007717760086173087e+00
3.933856884160486511e-01
4.094260926462872652e-01
8.206174994225592378e-01
6.675021349166850859e-01
6.020842311130237823e-01
1.290976287290496738e-01
8.426810776351248977e-01
1.274462969050876859e+00
4.151232284042868925e-01
-2.013319635406392304e-08
1.287443923695436698e+00
4.788844950484280608e-08
1.384708051592939970e+00
1.057303614396606584e+00
-3.873672465691303524e-01
2.172791671027137106e+00
2.646035790568386781e-01
1.788634672441517526e-01
3.327478772899644666e-01
1.018387579272691079e+00
1.508322753209606182e+00
6.032451598887839106e-01
9.001453785153462617e-01
1.056548258115482530e-01
2.669293368880881756e-01
3.039673319245827510e-01
5.252250849527934085e-02
1.452074375811750029e+00
8.506893679772671302e-01
4.799408397716466435e-01
9.288656333303619839e-01
8.189026220507958920e-01
1.010848597909532964e+00
1.308007516790094527e-01
1.068467405666854164e+00
7.585166598690595841e-01
1.159988818933462618e+00
2.119263417711105824e-01
4.967737861970197843e-01
7.219000831159905207e-01
9.877480663923334792e-01
1.453678107462827551e+00
1.495308666452804136e+00
7.695748878072323773e-01
6.429501485164784702e-01
3.773661172814894993e-01
5.961756272102185505e-01
1.072448072794466745e+00
9.716825974072647032e-01
3.146305849176321168e+00
1.761185550562790914e+00
1.669540775940470345e+00
7.251936527245642639e-01
1.706349572822853711e+00
1.725217393097070895e+00
1.158147222723371117e+00
6.212906418063777192e-01
1.392603735601738169e-01
1.194384822059535001e+00
2.886919316382760559e-01
9.176364315564120577e-01
1.083291279874858848e+00
1.423628654036766195e+00
6.197579115136441219e-01
1.075703865628125699e+00
6.952092567046792571e-01
9.336216659306388888e-01
1.530621309328808577e+00
9.531851566975589884e-01
7.726352704647347913e-01
4.673356499540582965e-01
1.854560273314446728e-01
2.830059466264470691e-01
4.762305710035649176e-01
6.143771119358124588e-01
3.262471482511739573e-01
2.867775604352206797e-01
2.207691734170910358e+00
2.092626149649094713e-01
4.671342683606275609e-02
2.098912566184336637e+00
8.433072091471913723e-01
1.858514417440906286e+00
8.380950910711513213e-01
7.174617600078760926e-01
7.590253143185627938e-01
1.314666033618468177e-01
2.193088520210895453e-01
1.124248801270303577e+00
1.610916794333618229e+00
1.319520679766157834e+00
3.676169271339559397e-01
3.720962741401755425e-01
1.885479669028081451e-01
7.251368362412657920e-01
1.273313466910423575e+00
1.461419030762734605e+00
4.195204650703501237e-01
3.090422569175532708e-01
1.481886632883397115e-01
2.697857605669324310e-01
7.856937918113064689e-02
1.589928068808680872e-01
5.818712212468564182e-01
1.436276995207178275e-01
2.399965940939727538e-01
1.895504966283597709e-08
6.636384259031502530e-02
2.105141979807696970e-08
4.650293695189411380e-02
1.118665218368644299e+00
3.998946108989612780e-01
1.130170440322864289e+00
1.669214434793702573e+00
1.135601200509736453e+00
1.600078507613440060e+00
1.713545752870892835e+00
1.582635161570146831e+00
4.425384802384913496e-01
2.523799847709888855e-01
3.689045970622238380e-01
2.696142074704477865e-01
1.317273621938886419e-01
2.008336652621507401e+00
7.880139338995406639e-01
1.229550320245192084e-02
1.087316745927553452e+00
4.503941088223283318e-01
1.479989963859325464e+00
6.608677834414288244e-01
1.566201750702397755e+00
6.014819531288250198e-01
1.479394109663484669e-01
2.139943691728123654e-01
2.236771971661979941e-01
3.807030955022922547e-01
5.387514408975907498e-02
5.512298744804318140e-01
3.217828061742171730e-01
1.938272048973773920e+00
3.301556716094590782e-01
3.062763153615832498e-02
1.152328676491790882e-01
4.956216164826162535e-02
1.501285546170737728e+00
1.797689635312976320e+00
9.690585801623622375e-01
6.721428800538726822e-01
7.115110333994624225e-01
1.154951462311915256e+00
6.745403225839800010e-01
1.755630407932972981e+00
1.770960456795096727e+00
1.299954381829816707e+00
1.596942099636327494e+00
1.733131646800875503e+00
9.236873654639532472e-01
5.800986405828164605e-01
9.557227878747870387e-01
1.971187242076952950e+00
1.047203442697225206e+00
1.499852371062687872e+00
6.524420553231961017e-01
1.187326827431985254e+00
2.266122782643053002e-01
2.277101753397202000e+00
2.301725974459491120e+00
1.912517184359733280e+00
1.046321370098088011e+00
1.740162965137337370e+00
1.830331926206993712e-02
1.423934161654470065e+00
5.343830390571385758e-01
3.222301384658809109e+00
7.031019862775550466e-01
1.354151547560419333e+00
1.789266245523540411e+00
1.030454942179817479e+00
1.638045144469550962e+00
3.101282657995020120e+00
3.065670133267625275e+00
2.773669952993724763e+00
1.276314023987174862e+00
1.554832185834704728e+00
1.312471710854735463e+00
1.294846426345284351e+00
1.246940422223431710e+00
3.070400019156561910e+00
1.353908824743125905e+00
2.328400330408844976e+00
1.246146523034064479e+00
8.230183056971598354e-01
4.437055532880569420e-01
1.328716174773387326e+00
1.602528084179770662e+00
1.056734958626124987e+00
2.380993105730405013e+00
2.616586167095941828e+00
1.037336616122446653e+00
1.101351358446459594e+00
1.891987311351366552e+00
2.810574459646258738e+00
1.484096198791700294e+00
1.324145126293581054e+00
1.199261825076954446e+00
1.556335551230675129e+00
1.035635714786164341e+00
1.761041585804278720e+00
2.758868915794012278e+00
3.966423538350365985e-01
1.208578689373337456e+00
8.497942505520538203e-01
-3.352788663005901865e-02
1.727997112378238387e-01
6.802107855991527119e-01
4.141554917352009646e+00
4.067632598830953072e-01
1.109880857402615995e+00
5.246698978448113282e-01
9.824363197577402618e-01
1.963841505300751300e-01
4.965318672051666771e-01
4.639410306677434370e+00
2.060860966340086975e+00
7.237475913702724473e-01
1.845358297098312061e-01
5.653568743627070958e-01
1.846987335636458782e+00
4.251516697973856118e+00
3.678042598876677172e+00
4.046891264466986549e+00
3.840501474434845797e+00
1.166863380975285081e+00
3.844553401661737757e-01
1.551382283943182783e+00
3.160466660472099898e-01
1.041791424874317196e+00
8.304710341394198059e-01
1.267878214211331400e+00
1.022528131613628100e+00
1.750507546989668262e+00
3.342945365371961408e+00
9.313750467465182759e-01
1.330612220785124533e+00
2.687584066553417195e+00
1.734928532198861895e+00
1.655278254844594565e+00
1.565038317100361454e+00
6.791585595580116319e-01
1.479831893135160169e-07
7.489122990906441624e-01
2.611716028978966708e+00
1.756592756372034270e+00
1.888960529154691592e+00
1.798337945258448034e+00
9.157144457363752821e-01
1.213363733086464613e+00
1.948068832166754749e+00
3.345714934976612653e+00
1.776244244353369028e+00
1.989329081194442184e+00
3.448053478175380882e+00
2.018518641682303105e+00
1.605841500929039878e+00
1.209160833160311865e+00
1.898646867242995695e+00
1.945332993660471743e+00
1.079757926821180103e+00
8.310246142704261763e-01
7.460919488579880188e-01
-8.044134269088785830e-08
1.406081479085430352e+00
1.334057039669376943e+00
7.137259817843761844e-01
7.523338663327548970e-01
8.084899367570009820e-01
4.926564448893212544e-01
1.031108246044022264e-01
0.000000000000000000e+00
6.968302598273987680e-01
9.381417522783086493e-01
1.400867308040384118e-01
2.839319494915678033e-01
1.743522058013838028e-01
1.434158708922335657e-01
2.829462435207094339e-07
1.766545946534111472e-08
1.929049722586126114e-01
1.053715635507695980e+00
5.200585853570507400e-01
9.353468475935694526e-01
-1.121375964529313862e-10
4.237252759561503611e-09
1.382704965841764944e+00
2.906700456952718281e-01
6.308106864165805572e-01
2.083880744805541863e-01
9.746832745655074071e-01
1.059796878468166101e-09
3.656268376602750334e-07
7.506524215717309545e-01
1.101981096717553906e-08
1.028737835146141144e+00
1.468968489815986711e+00
3.453289882584205106e-01
6.547654413227927961e-01
6.088921665334113525e-09
1.318249780113940561e+00
1.269813760408891046e+00
7.048146177190108830e-01
1.330387841361682755e+00
1.264232312029448302e+00
4.785252559588559218e-01
1.943517514674980396e-07
2.177891619139010970e+00
1.726425291770117276e+00
1.192415523141648892e+00
1.113155328248258247e+00
5.996029269976753673e-01
5.313256729050737370e-02
5.773775346221140525e-01
1.726244288970570695e+00
1.002566250368238432e+00
1.204804508799199869e+00
1.232291680296285774e+00
8.866758843216375752e-01
7.007654695844294235e-01
5.811390381111202208e-01
1.964719493872043365e+00
2.102083813732451567e+00
1.976742162009000658e+00
1.410354284213162224e+00
1.504135621678828860e+00
-4.106939329669320043e-02
3.922522552457869717e-03
1.276643167350768548e+00
1.115724628061864676e+00
4.513368565610506589e-01
5.036064752571692837e-01
2.288208800719020442e-01
8.899031945348753192e-01
1.097683731699465634e-08
-1.877829241152763082e-10
1.323009608407480275e+00
6.758372289646460418e-01
4.124471859706734245e-01
1.899560891829566722e-01
4.315680865872275262e-05
