8.431497182337740481e-01
7.656437492362097585e-02
1.120956299682312807e+00
4.147709215575570152e-01
3.575692989496939145e-01
1.159590552993825519e+00
1.044464867565398025e+00
2.293445158587766042e-01
1.381167026187699598e+00
5.669572932178416069e-01
6.182553743347927178e-01
5.505621702833946030e-01
2.701970172739454612e-01
9.387258611796943653e-01
1.271896680294066218e-01
7.660436720209882539e-09
2.007721736935450974e+00
3.933896488166137018e-01
4.094295112352038246e-01
8.206215351193210106e-01
6.675060531684731124e-01
6.020880292052498417e-01
1.291012970255043801e-01
8.426850998867529974e-01
1.274466708534306436e+00
4.151272996520402603e-01
-2.013633911759523973e-08
1.287447513388910947e+00
4.786028909895075540e-08
1.384705616758337143e+00
1.057307772928542500e+00
-3.873647199946815278e-01
2.172795137596614801e+00
2.646069819851143423e-01
1.788649533966713556e-01
3.327509745720330647e-01
1.018392634631771543e+00
1.508320266141174981e+00
6.032496467052245182e-01
9.001495220567434785e-01
1.056586976115081317e-01
2.669331368982054697e-01
3.039298889083551503e-01
5.251447378038762853e-02
1.452078110948862744e+00
8.506933337030893050e-01
4.799448568446067487e-01
9.288622004963252854e-01
8.189066478434041674e-01
1.010817664767063473e+00
1.307998868617198662e-01
1.068471839987254590e+00
7.585206972130734693e-01
1.159980444934024968e+00
2.119287299838381600e-01
4.967780201451111322e-01
7.219036720182241407e-01
9.876957749406688469e-01
1.453641517252741489e+00
1.495290433203883662e+00
7.695707527450136309e-01
6.429036981635517511e-01
3.773335773305674934e-01
5.961132595988880567e-01
1.072422935902435315e+00
9.716387857031130171e-01
3.146242446510544077e+00
1.761122398069166151e+00
1.669487002805301490e+00
7.251550265750257296e-01
1.706316486613054018e+00
1.725164227366488667e+00
1.158151132298162800e+00
6.212836495112988855e-01
1.392487751316066613e-01
1.194388538767092722e+00
2.886810588756153484e-01
9.176089302829266714e-01
1.083242546315859922e+00
1.423633094727715598e+00
6.197244035795262951e-01
1.075655752042903091e+00
6.951920293831289621e-01
9.335719072313535261e-01
1.530556524706666588e+00
9.531209641693793033e-01
7.725789924610420023e-01
4.673294921072168595e-01
1.854569940262785488e-01
2.830071677024257326e-01
4.762329777498724992e-01
6.143711442957446867e-01
3.262312771883923990e-01
2.867284982118490921e-01
2.207695995934492839e+00
2.092575133160062550e-01
4.671724517691061562e-02
2.098916631518963793e+00
8.432533516721438804e-01
1.858458116440181218e+00
8.380418695962600362e-01
7.174306939185114418e-01
7.590297703661990081e-01
1.314566322108151886e-01
2.192733800882114559e-01
1.124210564911582333e+00
1.610861057696669096e+00
1.319453001633499323e+00
3.675782067017836496e-01
3.720457000545533410e-01
1.885505306988609631e-01
7.251038892753232101e-01
1.273273247912525497e+00
1.461404575359165348e+00
4.194918374653117676e-01
3.090464586702459382e-01
1.481914300099954063e-01
2.697285053871108507e-01
7.857042134825131807e-02
1.589882327409413987e-01
5.818398033505234324e-01
1.436301622466808203e-01
2.399994862605945856e-01
1.896303825965086072e-08
6.636525202443187277e-02
2.104805835508118738e-08
4.649407381970232372e-02
1.118634895673581431e+00
3.998444818892511465e-01
1.130129368016478786e+00
1.669165019239100545e+00
1.135562780968926155e+00
1.600045917113563254e+00
1.713488842313784399e+00
1.582583878010650924e+00
4.425177562865185155e-01
2.523823212160660745e-01
3.688682450425155301e-01
2.695951091597453275e-01
1.317297680206030441e-01
2.008293867655436493e+00
7.879751395215304210e-01
1.229252434066378970e-02
1.087310081828457786e+00
4.503708509083799716e-01
1.479955561355123850e+00
6.608493716057326495e-01
1.566169018341645458e+00
6.014514716402750150e-01
1.479421682437939423e-01
2.139966110324735271e-01
2.236654999716855552e-01
3.806692046794952211e-01
5.387581811953220945e-02
5.511968493883147024e-01
3.217630971317967936e-01
1.938241762628790665e+00
3.301495544369829060e-01
3.062903221191078107e-02
1.152364764476523223e-01
4.956359689537997298e-02
1.501249631394450113e+00
1.797647138893362584e+00
9.690163943550107462e-01
6.721011303584947250e-01
7.114663542848010946e-01
1.154919047006706112e+00
6.745071506010114071e-01
1.755582393173444444e+00
1.770915566586112710e+00
1.299934435503741215e+00
1.596928530991370332e+00
1.733105761918990906e+00
9.236564292984632552e-01
5.800788368343768875e-01
9.556772784127076648e-01
1.971140432028457345e+00
1.047185599709143267e+00
1.499846024871161809e+00
6.524186240843913298e-01
1.187290215539063221e+00
2.266088420827299665e-01
2.277048236893589817e+00
2.301675883778726117e+00
1.912491425965968217e+00
1.046287685418815450e+00
1.740135038954828461e+00
1.830072911343280304e-02
1.423892021434187249e+00
5.343679717700272613e-01
3.222252148283487827e+00
7.030792615929486455e-01
1.354102582534741028e+00
1.789238645594300126e+00
1.030425811379142464e+00
1.637995396009573223e+00
3.101244411844625404e+00
3.065618358824069745e+00
2.773619825763603330e+00
1.276264470967639841e+00
1.554778251702157110e+00
1.312436076985603162e+00
1.294799973424464401e+00
1.246920494954689485e+00
3.070354424166784391e+00
1.353866430250194153e+00
2.328371175142987859e+00
1.246121228435203232e+00
8.229784889231213096e-01
4.436865486528475122e-01
1.328674898215005618e+00
1.602500525177533719e+00
1.056726544180145000e+00
2.380956457932716930e+00
2.616529017857233352e+00
1.037286895031987566e+00
1.101337001084898182e+00
1.891957061905724435e+00
2.810534020348186335e+00
1.484062271477063932e+00
1.324116477563269445e+00
1.199211025952081622e+00
1.556279110650185427e+00
1.035600755339267653e+00
1.761002430305312005e+00
2.758819020560452362e+00
3.966016789016748589e-01
1.208533033171931059e+00
8.497692194781988340e-01
-3.352986854436244835e-02
1.728030081997488920e-01
6.802018127185037732e-01
4.141516862705364233e+00
4.067505235077722436e-01
1.109883753361901482e+00
5.246464786468808539e-01
9.823851720726277659e-01
1.963853636653828394e-01
4.965163438048285083e-01
4.639379108441954003e+00
2.060852163130677539e+00
7.237519436377274351e-01
1.845372371955518453e-01
5.653598349498515363e-01
1.846938776542367044e+00
4.251477108395432580e+00
3.677997228099317617e+00
4.046858455425751622e+00
3.840476408574869716e+00
1.166848624717691019e+00
3.844493475267077298e-01
1.551355544721693791e+00
3.160264694138191222e-01
1.041758053495031699e+00
8.304508401589825173e-01
1.267857985989760294e+00
1.022511045159292475e+00
1.750513227362248792e+00
3.342943803791084356e+00
9.313451542606480116e-01
1.330606842987201555e+00
2.687587884982749920e+00
1.734932670012582223e+00
1.655271929441609613e+00
1.565031480080828930e+00
6.791392653047355621e-01
1.470455983675922114e-07
7.489151113080131372e-01
2.611695496740971567e+00
1.756596706060659541e+00
1.888965070001175528e+00
1.798336234299849457e+00
9.157141979015197553e-01
1.213368065165113974e+00
1.948072253872408233e+00
3.345702430695431939e+00
1.776248948800888350e+00
1.989306411514520034e+00
3.448050402417632387e+00
2.018495660852664741e+00
1.605823684998602729e+00
1.209143679894586931e+00
1.898637273532673309e+00
1.945337220945177581e+00
1.079762418814082636e+00
8.310290513295126580e-01
7.460964156046578921e-01
-8.044838482872546510e-08
1.406048616949818753e+00
1.334034954196319234e+00
7.137300060667389756e-01
7.523387017868546911e-01
8.084937240857346108e-01
4.926605308519179660e-01
1.031133519828316969e-01
0.000000000000000000e+00
6.968345362505972140e-01
9.381456483857909534e-01
1.400879525618483612e-01
2.839368394324616185e-01
1.743557672709322992e-01
1.434183293318700980e-01
2.833367928152801217e-07
1.766903819317319886e-08
1.929016125660788228e-01
1.053720049619654375e+00
5.200628087786606235e-01
9.353498979135809188e-01
-1.121222080758925073e-10
4.238504117431222397e-09
1.382709212034099355e+00
2.906728193447177255e-01
6.308136791246967690e-01
2.083889392419024655e-01
9.746873122860264527e-01
1.059686811579493464e-09
3.654519426964957476e-07
7.506559689528385926e-01
1.101784672609450155e-08
1.028741685401571848e+00
1.468972443302133613e+00
3.453313866491871664e-01
6.547690250742586038e-01
6.089587451077716532e-09
1.318253091491400131e+00
1.269817647958526585e+00
7.048187643886651976e-01
1.330391480706871077e+00
1.264236185530446921e+00
4.785295678416772169e-01
1.943517303654488898e-07
2.177895464742332532e+00
1.726428983163759590e+00
1.192419902123062148e+00
1.113159483120351734e+00
5.996069025659160889e-01
5.313388302535646673e-02
5.773820937381363150e-01
1.726248473662769012e+00
1.002570567825326497e+00
1.204809032451619855e+00
1.232295764672513672e+00
8.866801107564737938e-01
7.007695451548578980e-01
5.811440252108989180e-01
1.964723332981061610e+00
2.102087850514950507e+00
1.976746547006402510e+00
1.410358105755815661e+00
1.504140313291187248e+00
-4.106548436921349243e-02
3.925108412521456300e-03
1.276647224776600531e+00
1.115728918811266235e+00
4.513411113366477267e-01
5.036104817016896495e-01
2.288233130962410711e-01
8.899078329854409608e-01
1.097729198388094653e-08
-1.879214456391982699e-10
1.323013779440997295e+00
6.758410393412320749e-01
4.124509395504211140e-01
1.899594565625767340e-01
4.489154597521684720e-05
