-9.271199537543476586e-08
-1.582943427558426219e-08
2.790812116578122526e-08
1.748716726360477277e-08
2.330535832618485158e-08
1.665415195884638835e-08
9.081189354681783069e-09
3.619539897565207580e-09
1.688130757846608275e-08
3.641175142691179075e-09
2.236270077300441846e-08
6.931420935207088559e-09
6.353863640751185772e-09
2.585822380531670756e-08
2.295272380345572826e-09
3.604833826769473901e-08
5.386833236957116501e-09
2.542402012724619499e-09
3.613393894824075631e-08
1.566018514959588710e-08
2.433396381260513546e-09
1.943632651201366945e-08
7.367291954368613271e-09
2.717581778778653543e-08
6.334683307362144134e-09
2.235232166684161039e-08
3.519357668316082594e-08
2.471621649615731489e-08
2.733433402882016604e-08
4.314609368392725844e-08
4.631566285233844639e-09
9.372397613354065515e-09
3.633392488341935374e-08
1.348132752385178961e-08
1.112434865901741053e-08
3.183152679399202653e-08
2.383732195418971566e-08
2.726427538358025334e-08
1.150832325705215894e-08
1.974453204282326819e-08
1.784644038170430131e-08
1.655570357275467915e-09
2.912878012597851044e-08
2.350442133567934404e-08
1.758480406405199490e-08
1.544778175177400744e-08
2.453689295335505258e-08
1.464876483523316641e-08
2.523262687818207592e-08
1.093537129935086097e-08
1.522184943653826889e-08
5.924985077065484786e-09
2.962397871762679130e-08
2.182143592481031199e-08
1.740622015596806215e-08
2.627379236743516740e-08
2.773150299133514428e-08
1.930356765777356943e-08
2.671045800049099062e-08
2.231299416761694194e-08
1.693621661871885223e-08
1.387253660909727686e-08
2.131258746647422703e-08
2.133579642135116402e-08
1.739559441681299402e-08
2.478626660389246051e-08
2.385791209417902521e-08
2.001649487595044760e-08
1.119608932561702767e-08
1.247253280809123612e-08
1.432834087345126151e-08
1.306771125324309367e-08
3.108972371538204096e-08
1.399746148420053704e-08
1.349431231346523170e-08
3.106641389337716152e-08
1.637865544569467130e-08
1.191080176513314068e-08
2.010354563270353509e-08
5.771023378697209099e-09
6.416459662397922277e-09
6.606744463991899492e-09
2.386775306927468527e-08
1.714711199316443932e-09
1.503135845238188974e-09
2.892021662093341653e-08
2.578380780867108893e-08
1.204620085613080078e-08
1.449907130597150872e-08
9.494638762628979813e-09
2.479295369449813308e-08
1.791144049451611399e-08
1.772683128101650737e-08
1.094744297516820108e-08
9.117348915257394598e-09
7.332453643146015123e-09
1.340083411944381211e-08
1.174196709524552594e-08
1.139514247319845767e-08
-6.498717953046891083e-09
8.634622699574215129e-09
9.028628202914087733e-09
1.697810120136302232e-08
2.135948925387939187e-08
8.495401929787088221e-09
1.014091951197960560e-08
1.723799751429315434e-08
8.333545994169891662e-09
9.389975366164104723e-09
8.531328209193885025e-09
1.268656669869640858e-08
1.032200692011281579e-08
1.209372643185686723e-08
2.057384852030122823e-08
9.419975620567499980e-09
1.717558567567269398e-08
1.018497973578512538e-08
8.618724651251317498e-09
7.027922437019583443e-09
3.095765609150288599e-08
6.843918276651127721e-09
1.042040699276521271e-08
7.774218791298352046e-09
8.466191708933354807e-09
8.482122970968622979e-09
1.604170902796148621e-08
2.544640426971064098e-08
1.493097663126976872e-08
8.055062041829618551e-09
1.779281677395585817e-08
1.180739259726404109e-08
1.589272431665234207e-08
4.383162601451565481e-09
1.024801037852806942e-09
1.223364216336309103e-08
8.972095369777862630e-09
3.291014349006731377e-09
1.754255834003417198e-08
1.988106474257675986e-08
1.517479320122624776e-08
1.487253939934235194e-09
5.198122952592992788e-10
6.381591462300178946e-10
4.965584138041648624e-09
7.124928518788183863e-09
2.714660924909733602e-09
5.188502373090696492e-10
8.710682673335121512e-11
1.404266392127628888e-09
3.938351792653575619e-09
-4.522357964212141814e-10
9.412978341115468302e-10
1.582564032407746248e-08
5.222401172440465412e-09
1.913372403776512030e-09
1.682576971092815749e-09
3.592332643193845587e-09
8.870903361842469044e-10
1.944504418242711097e-08
2.286042764184487173e-08
4.864661893870989346e-10
1.123743086541242043e-08
5.457902264894571902e-10
2.702945610880239435e-09
6.276518702834049150e-09
1.986918038416297324e-09
1.133612981954813878e-08
1.464096390657548810e-09
-5.707043445091711726e-11
8.674466712865401573e-10
-3.204861972438247951e-09
-8.490014288957734397e-11
5.518934910757573613e-09
6.069001918093061556e-09
1.178673782623453512e-08
2.425729001342857982e-09
-1.605872491928336147e-09
1.380406130639567695e-09
2.081668328905737361e-09
-2.235165918651221904e-09
1.049986087052646667e-09
-2.406146898102607996e-09
2.042988826937631533e-09
2.034286157401224945e-08
1.410384389118619864e-08
-8.273581353613918904e-10
5.423490838343408978e-09
-1.782818236220349016e-09
1.105292184024074042e-09
2.710956063246512098e-10
2.008215603212745762e-08
-2.758146099138017036e-09
-9.529157212270475933e-10
-7.559318573928738521e-10
4.687011044079383063e-09
4.893997684845707015e-09
5.211709752004896287e-10
-8.759948975565130015e-09
-1.377138759614388530e-10
7.220840648163961226e-09
-1.327127664170150269e-09
7.466868566535184145e-10
-9.717863120814011923e-10
2.126693944601322437e-09
6.113427415286609826e-10
-2.169788289935708466e-09
5.526391321691899785e-10
-3.770281087917390857e-10
-3.966730965151360888e-09
-5.265257518121541680e-09
2.417673205137978374e-09
4.989650985741040685e-09
-1.570084577701283020e-09
-5.468164063420504079e-09
2.398046178170383965e-09
-6.740020362013292271e-09
1.140752005352795585e-09
-4.391708973588447728e-09
-4.265425920146611400e-09
1.666054269475247422e-09
1.202421638769014613e-10
2.926545332097055024e-10
-1.973496262370003300e-09
-1.140927799853907114e-09
-1.688218718664325484e-09
-1.680554734319527781e-09
-1.310366691941907233e-09
-1.323021007876276228e-09
6.726435476357615549e-09
-1.042980305423786822e-09
-1.485496918762553333e-09
-3.405370956326073932e-09
-5.471041772826275547e-09
3.174145337392420826e-09
-3.809806749716283458e-10
-6.171437535443508830e-09
-4.293078686612633748e-09
-5.375677915480793879e-10
-2.314981971438121417e-09
-2.359437775441513841e-09
-2.123402344874388003e-09
-4.437417013563094431e-09
1.505330963023753712e-09
8.641498356073003390e-10
-3.067352775734076282e-09
-2.690863900780594580e-09
4.135715442633329705e-09
1.983191504358331481e-10
-7.580502666349510650e-09
-2.487916242017225950e-09
-2.674119493278664638e-09
-1.165078132183714441e-09
-3.446349993188959056e-09
-3.103835226849328144e-10
-1.061654921557961127e-09
-2.393798609964393552e-09
6.121262251984064776e-10
1.893177458100544878e-09
-3.738281513195162489e-09
-2.504756542814590639e-09
-7.662176429938210781e-14
-1.416748346611667972e-11
4.882864351279008295e-11
1.049245750158061540e-12
-1.055228179917081558e-08
1.348306895648266246e-10
-5.470641306633747226e-10
1.214126689490672328e-11
-1.172359368132732782e-09
0.000000000000000000e+00
1.245505860583968354e-09
4.548062475846495406e-11
1.961094698976601286e-10
-3.661754839862101493e-10
4.559710131622947102e-09
-5.859335862887935587e-09
-2.735503085168246083e-13
6.744951187794956663e-12
-1.571796918818205672e-11
3.911810292545284177e-10
-6.168618348739185291e-10
-3.205542192112562738e-09
-5.646185835090770330e-09
5.126368277006900826e-12
-8.109470643836715841e-10
-7.363506137032335398e-09
1.921728410645179413e-10
-6.592833092219371475e-10
1.559761507738178482e-10
-2.729830480599865528e-09
-4.608231823031665500e-09
-1.485979494263476362e-10
1.998365662529385446e-10
-1.708512370997932754e-09
3.064409339168027556e-10
-2.666338469455558122e-09
-8.175652533877676601e-10
-3.518434736988816318e-09
-3.496080361652117641e-09
1.858020571734197613e-09
7.632458244879332615e-10
2.167673537325115332e-12
2.365236432720038700e-09
-3.791806981794657311e-10
1.002401637460607671e-09
-3.947298529572808439e-09
-1.122282596830820414e-09
-5.157828353349450812e-09
-5.733214020190154983e-10
-4.075345863403912904e-09
9.372104731170559113e-09
-2.023230307167990202e-09
-1.658186240323043229e-09
-1.041211538125779545e-09
7.697868883216991208e-10
-1.029930054748181154e-08
-4.506358285571527136e-08
-1.371734064120076481e-09
-9.370087780590608083e-10
-1.306272714690253033e-08
-1.760046680071530809e-08
-2.221648004976792972e-08
4.114687299373150489e-09
-5.945011569831456669e-09
-2.247545783339827892e-08
-2.690726052988292797e-08
4.725436253959712159e-09
-1.257472017452675077e-09
9.183728785729949205e-09
-2.226670155359048676e-08
-4.300263000216034348e-08
-1.084700182532639269e-08
-2.248088375778078487e-08
-8.369831556191418258e-10
-9.860231916615897666e-08
-3.771441631365222702e-09
-6.439702164397454707e-08
-5.577325436307511495e-08
-5.230417444522014334e-08
-8.019239536937993564e-08
-2.519300658074238148e-09
-4.415445332264376496e-08
-1.673826453566729083e-08
4.305553695075071505e-09
-2.921546822488317695e-09
-1.311197736360458869e-08
-4.738098539997621975e-09
-7.676296994013980864e-09
-2.772106749516074250e-08
4.670594205490253524e-10
3.876781204402444951e-09
-2.146233061802542747e-10
3.323399545434999250e-09
1.559443493587216357e-09
-5.292249062781010533e-10
1.962998959341392865e-09
1.671319918721560961e-09
-5.598815954994610277e-09
-6.206428855897708521e-10
-1.701063454233044290e-10
1.457746082191037421e-09
1.817632785728571540e-09
2.562391597875740602e-09
2.459445024466108151e-09
-6.612562695506299752e-10
