-9.272594490328479039e-08
-1.583524155039076931e-08
2.790596769599084731e-08
1.748788282845000683e-08
2.330534744111614473e-08
1.665501046733726237e-08
9.081214309419716963e-09
3.619528750633248351e-09
1.688115317838550254e-08
3.641026935198841691e-09
2.236310749831770918e-08
6.931431430118368595e-09
6.353945402813426703e-09
2.585498121077783205e-08
2.295301872753122997e-09
3.604956990883475423e-08
5.386701158254690491e-09
2.542405192076858601e-09
3.613398928973138920e-08
1.565965780086467113e-08
2.434775496885539216e-09
1.943682510296666948e-08
7.367357401032699924e-09
2.717584331764090965e-08
6.334659514648390060e-09
2.235155534897386287e-08
3.519266303206337143e-08
2.471634646515572547e-08
2.733425432622715275e-08
4.314682745910921855e-08
4.631904017584591480e-09
9.371903065646893057e-09
3.633353323497075750e-08
1.348212145072867272e-08
1.112473469351669252e-08
3.183025764855409628e-08
2.383655096385042328e-08
2.726409860008891545e-08
1.150836423381242021e-08
1.974463409560766759e-08
1.784629550283082350e-08
1.656715077307739739e-09
2.912868883967632262e-08
2.350413428867157426e-08
1.758575001775239692e-08
1.544755127721028870e-08
2.453691170144451536e-08
1.464898447879530213e-08
2.522882141813177233e-08
1.093748597111145165e-08
1.522164012575323771e-08
5.925857999045475584e-09
2.962385271132897515e-08
2.182090820258975476e-08
1.740596329654246812e-08
2.627468520746409496e-08
2.773100788794260131e-08
1.930459310417495672e-08
2.671119145039159631e-08
2.231342895798095911e-08
1.693604016102298466e-08
1.387249002795497323e-08
2.131425863253973800e-08
2.133572071009407368e-08
1.739589867171913644e-08
2.478632556677063506e-08
2.385784047925348776e-08
2.001977309768157361e-08
1.119613470882877634e-08
1.247410017604179409e-08
1.432934146797244032e-08
1.306794402859441978e-08
3.108975451022560537e-08
1.399716368928219642e-08
1.349437805352498105e-08
3.106671115909762281e-08
1.637879092042029525e-08
1.191076773130208468e-08
2.010381886116949447e-08
5.771791027631306503e-09
6.416628595708975310e-09
6.607009270140747441e-09
2.386811290266433582e-08
1.714429071088536637e-09
1.502546477619980501e-09
2.891696123244179301e-08
2.578650055064218663e-08
1.204684593402300479e-08
1.449992590359625408e-08
9.496545161266489822e-09
2.478998473428869678e-08
1.791531685273019021e-08
1.772752282709897461e-08
1.095015502960975412e-08
9.119970888604432907e-09
7.333820871735585565e-09
1.340409699109802611e-08
1.174413002047095915e-08
1.139593048737279442e-08
-6.498740823794316937e-09
8.634584686363536372e-09
9.027978131783484766e-09
1.697750179410303097e-08
2.135900553926144252e-08
8.496012239434629040e-09
1.014106960080646500e-08
1.723732517589791757e-08
8.335607064605469154e-09
9.390260975030908531e-09
8.532742051433223460e-09
1.268677374097951723e-08
1.032292398214055990e-08
1.209352031156125518e-08
2.057325724376674586e-08
9.420136363072923469e-09
1.716921657329058880e-08
1.018708773255617818e-08
8.619113391418814134e-09
7.031764075822778543e-09
3.095974872874479587e-08
6.844057786152341587e-09
1.042318076713197322e-08
7.773629949011008954e-09
8.464289196108322108e-09
8.483300152891612805e-09
1.604292377430239911e-08
2.544775520909460138e-08
1.493204289783223068e-08
8.055370375025093541e-09
1.779363041954403293e-08
1.180756335660355276e-08
1.589501644761409067e-08
4.383483191356290608e-09
1.023593991752418698e-09
1.223422134579543183e-08
8.971545220724464125e-09
3.291296159729395156e-09
1.754111927429783873e-08
1.987926294499595349e-08
1.517529219470001466e-08
1.487257699631090663e-09
5.210784576353975013e-10
6.377549605867473990e-10
5.000632171824661456e-09
7.125792593568510740e-09
2.713269690324851346e-09
5.215970039653845493e-10
8.658636755604613466e-11
1.403254321354938077e-09
3.937011488712294495e-09
-4.527733003040530811e-10
9.414623673512377951e-10
1.582340539971289454e-08
5.223015929594327764e-09
1.911684594621942536e-09
1.682145802793846083e-09
3.592517222982122118e-09
8.871803158325729907e-10
1.944441739435068661e-08
2.286007429361532017e-08
4.883047149860246520e-10
1.122878359354517848e-08
5.500100091801226573e-10
2.703567470468899843e-09
6.279318304193206062e-09
1.988721119660141016e-09
1.133624926200364695e-08
1.465953889422949756e-09
-5.989178063225369769e-11
8.674689047370465069e-10
-3.205680763151535089e-09
-8.603185852842468775e-11
5.515758244069829120e-09
6.069896263783694299e-09
1.178652011916383173e-08
2.423290986760879710e-09
-1.603766693157489923e-09
1.380637623434003759e-09
2.082596735483664351e-09
-2.234085563955939743e-09
1.052630853980541148e-09
-2.407195373405806543e-09
2.044608909889884826e-09
2.034941367838822927e-08
1.410296651648656809e-08
-8.269802118157383484e-10
5.423375785413412547e-09
-1.781386610118157769e-09
1.105957477989358558e-09
2.710153941823617649e-10
2.008130926145744056e-08
-2.757475473214558027e-09
-9.529788029737291721e-10
-7.558771257900909642e-10
4.687377148656074200e-09
4.893358085316194540e-09
5.213607687194505488e-10
-8.773139766006769640e-09
-1.370656581819087126e-10
7.220895024249069537e-09
-1.327162783672892823e-09
7.468894584308867330e-10
-9.711142626454972273e-10
2.126005228931056241e-09
6.112216763481272795e-10
-2.169027057136238307e-09
5.506885163386986499e-10
-3.764940512509248278e-10
-3.964675783014511493e-09
-5.265190601820790665e-09
2.413689718091743295e-09
4.989612071340679879e-09
-1.569847631824311170e-09
-5.468864742253543662e-09
2.399659145409372285e-09
-6.741967707954352120e-09
1.137799249994736969e-09
-4.392353211871298094e-09
-4.265523147424674225e-09
1.666184361234282011e-09
1.202993841640517006e-10
2.925571357086355264e-10
-1.972907031821358825e-09
-1.139779329948240704e-09
-1.690540879358579986e-09
-1.681978489986778460e-09
-1.310473885326883334e-09
-1.324694626531641876e-09
6.728811757691315370e-09
-1.043489711379386571e-09
-1.485902575967214433e-09
-3.408184729741267303e-09
-5.473061590556648267e-09
3.175165865054140617e-09
-3.793039942782633932e-10
-6.170776051676198842e-09
-4.292616704309986730e-09
-5.373878989109941775e-10
-2.315120330258385359e-09
-2.359122958250416193e-09
-2.122978960608288318e-09
-4.435192749297774027e-09
1.504663295233467332e-09
8.633013870070130051e-10
-3.065347300614624906e-09
-2.690594583772275337e-09
4.137102779558167359e-09
1.975491265809401678e-10
-7.578885166247824231e-09
-2.489034358474160329e-09
-2.672263411003166312e-09
-1.164992179859713186e-09
-3.447813617820906728e-09
-3.104099539247760691e-10
-1.061857650548531141e-09
-2.396377225950432483e-09
6.122168677321852920e-10
1.893550664206665453e-09
-3.738209877566182701e-09
-2.505538036055013500e-09
-7.662747181877156211e-14
-1.417245403072382181e-11
4.882373244679086901e-11
1.088096898410722103e-12
-1.056000885488021368e-08
1.347408743399774020e-10
-5.466650399236619478e-10
1.214558391245839810e-11
-1.172848289217692251e-09
0.000000000000000000e+00
1.245352760184724875e-09
4.573438109641192868e-11
1.961635666123163914e-10
-3.659502869570708041e-10
4.559823919836147686e-09
-5.861639362611524666e-09
-2.691478598928753909e-13
6.812629073623300136e-12
-1.571735786594384487e-11
3.912780578408354270e-10
-6.165582214967227482e-10
-3.205631624281416129e-09
-5.646832532259590182e-09
5.124757236859911735e-12
-8.112297012025798940e-10
-7.364126900801416965e-09
1.922371822516043171e-10
-6.594470999703180077e-10
1.559897551530195889e-10
-2.729596491466520132e-09
-4.608654429925622700e-09
-1.487389057321534603e-10
1.998604127742748649e-10
-1.716666969276743644e-09
3.063655406099235714e-10
-2.666510442880521263e-09
-8.170563242866203486e-10
-3.518232348413200078e-09
-3.495719962781322254e-09
1.857977584096079075e-09
7.633252419403102032e-10
2.302176382331171834e-12
2.365708658547180834e-09
-3.788783428085017633e-10
1.003506662426185041e-09
-3.946574161002228856e-09
-1.121649577377999523e-09
-5.158034017504726490e-09
-5.732855225555592939e-10
-4.074845084776508796e-09
9.373415312735677028e-09
-2.023113998498045655e-09
-1.658155765770090100e-09
-1.041034864442308557e-09
7.698487974197329299e-10
-1.029988870381266951e-08
-4.506152035524439646e-08
-1.371128161099290435e-09
-9.367695153719722367e-10
-1.306245412503805959e-08
-1.760054676830541450e-08
-2.221672878414058780e-08
4.115552540575698746e-09
-5.945929582762842960e-09
-2.247279238511803358e-08
-2.690975390832465310e-08
4.726820251276805901e-09
-1.257448611623106254e-09
9.185465342932206014e-09
-2.226659343098703896e-08
-4.300643927735013799e-08
-1.084765583101641595e-08
-2.248111466834388707e-08
-8.369732432201649225e-10
-9.861310562874709873e-08
-3.773717974292187597e-09
-6.440239475801107798e-08
-5.577483681103987910e-08
-5.230403733668854722e-08
-8.019278922087437372e-08
-2.519349841894656885e-09
-4.415818868284226539e-08
-1.674232878844059519e-08
4.305687326439158424e-09
-2.922254400213703426e-09
-1.311192135890325012e-08
-4.737221764730108139e-09
-7.674693850332989912e-09
-2.772314583264188004e-08
4.669367464097511163e-10
3.877839944166235427e-09
-2.138085040677086868e-10
3.323955158258097542e-09
1.559685324517991080e-09
-5.285216804511560818e-10
1.963386701607582882e-09
1.671856679553787294e-09
-5.598446113118674890e-09
-6.256591980833050009e-10
-1.701493916815477295e-10
1.457418477376835298e-09
1.817417002895686139e-09
2.562399762219028965e-09
2.459976290425226498e-09
-6.611631293969417047e-10
