4.233992447904534329e-01
9.213077398414334374e-01
1.890427142922721793e-01
1.465047536286586730e-07
1.693940845649620552e+00
4.454786967000831099e-01
3.714256698194972930e-09
9.667018263661794064e-01
9.763136970152619387e-01
3.957846931587908901e-01
1.176201427547834077e+00
9.275025057476783408e-01
7.433996175803415651e-01
-1.083113806874182455e-08
8.225145590447109634e-02
8.700691482103017904e-01
5.440969813641520769e-01
2.610092103368528149e-01
5.360850094362981100e-01
3.601128074636292253e-01
0.000000000000000000e+00
4.386409782534059776e-01
6.323887505921153007e-01
5.605575747548890986e-01
4.764757477103853503e-08
1.970824156842509722e-01
3.569842148457930686e-01
1.956548072285222054e-08
1.076030647995118360e-09
8.721323961214344500e-01
1.555136687415837327e-01
-2.734995972749896396e-09
7.758840486483461474e-01
-3.064024517521376462e-10
2.114140832960384464e-01
5.049966635796875287e-09
2.664086289789490691e-01
5.091317459577815452e-01
1.003950014376567695e-01
1.356821836449652874e-01
7.577189434891551697e-09
3.676763510983999117e-01
6.950542025184926000e-08
4.067423252444857251e-01
3.603188744435003588e-01
6.979745093230617370e-02
1.773853053999112361e-01
-7.836243464896715798e-10
5.619244886753622659e-01
3.103032451622306231e-01
7.041245320943819719e-01
1.017473739883613337e+00
3.779014662137567977e-07
6.400192920775832350e-02
2.342786621774695501e-08
1.244720749287433897e-01
5.989789161662429917e-01
3.196661156305997675e-01
4.801023857455209987e-01
4.133824645756924432e-01
2.334899214825940927e-01
7.422178134871523780e-02
2.739426187123458201e-01
3.038879018664167320e-01
3.985185441058894384e-01
4.621122719016937941e-01
2.817975509622709374e-01
1.246051403142247188e-01
5.031179662290050786e-02
5.582178096467097506e-01
3.171459087088090157e-09
1.044970407262750145e+00
1.351951287677180646e+00
7.109319732659108437e-01
2.827954086733172612e-01
6.038702804676554514e-01
4.522551563958981391e-01
2.238408859997819689e-01
1.577887775180960295e-01
5.302432365044574408e-02
8.429989826260179120e-01
9.495878894051026364e-01
1.029280218972567607e+00
5.876354582854633746e-01
5.216913419321969059e-01
7.530068403551362088e-01
7.062078108668871090e-01
2.495093340620268274e-01
9.625095705447618277e-01
4.935691979145994668e-01
2.196058821052220833e-01
8.986209589682367938e-01
6.951271597434890426e-01
5.117891369940715807e-01
3.972095191254462199e-01
1.407295360099832249e-01
2.168762964200826315e-01
1.085966924224349567e-01
4.938995342629742269e-01
4.132395613439402982e-01
2.299188405375562017e+00
2.543460051416463474e-01
6.598084201431170248e-01
1.891590212066661947e-01
1.629320109298864894e-01
1.595423341880465029e-01
3.745828466152380520e-01
1.619305031750647716e-01
1.077039883722976654e+00
4.366557337738945499e-01
1.278443399542952053e+00
9.822363163065421787e-01
9.856281967786320042e-01
4.698534214697216438e-01
5.494788904410384811e-01
3.084763839311872036e-01
3.792629527667479850e-01
3.301939999440008794e-02
2.630434905795051570e-01
1.118769943258334232e+00
1.668134521085683775e-01
2.389065780447148513e-01
5.033242898531867793e-01
3.328568553248081319e-01
2.565951838438931265e-01
3.203775113915989237e-01
9.114312148230200306e-01
2.921147684045064530e-01
3.116437094527825247e-01
2.727184513290327184e-01
1.414062967892532904e-08
2.230355728139421234e-01
9.571697590061891692e-01
1.086682384496807874e+00
1.355986403947076757e-01
7.287667137373452508e-01
9.721014962333024423e-01
5.759611589698050427e-01
3.924458340792486134e-09
7.418059591672251374e-01
1.050732071858744954e+00
6.742455025736787677e-01
8.049545191255262910e-01
6.961181447925081089e-01
8.130286960549227837e-01
9.660079340288674210e-01
1.033380126373123264e+00
1.903474282064272716e+00
1.737274034612300788e+00
6.290252577685718771e-01
9.783021653806468487e-01
8.892214613796871614e-01
5.000951942427926955e-01
8.581569425820244623e-01
1.121143686535996276e+00
4.007728308121968341e-01
5.391589059245512905e-01
4.656973527442399008e-01
2.258217949329309748e-01
1.861346010094153403e-01
8.711506809583849931e-01
1.218039096817237654e+00
5.851579247564784314e-01
5.399623764242305057e-01
5.817682081908887026e-01
3.107136933513104382e-01
3.761955381452524172e-01
7.930123477680249833e-01
8.456269497551637260e-01
5.701759429062873696e-01
2.879765426120625693e-01
5.185748685753780451e-01
9.534887106500908316e-02
3.839293785886455646e-01
1.166182260668516157e+00
1.333184126895319510e+00
4.916639613134006215e-01
4.543141513443860746e-01
3.820373882728527182e-01
3.716876691935611099e-01
1.043171648347435282e-01
7.211793999801486832e-01
1.175374890286109864e+00
9.409481346303636418e-01
1.570179294249036905e+00
1.135503856849061188e+00
7.317440168130091571e-01
5.477740850512912152e-01
8.635820527563093929e-01
6.818284086810595390e-01
8.341155558653603475e-01
8.483551958477177912e-01
1.028032814141106366e+00
4.986566869417385361e-01
3.320446209078863342e-01
7.707749272221455783e-01
1.538663552254146527e+00
3.334597581891076551e-02
6.405011008272115669e-01
3.557842536813237144e-01
4.133177801361432313e-01
1.765977807294001484e-08
7.052572303847552959e-01
8.196081668417953825e-01
4.069530730477811109e-01
1.059388939741238156e-01
2.866539282187893778e-01
4.658684501251474097e-02
3.427654399994325418e-01
5.740594876173649164e-01
1.221734328513035539e+00
4.411267754269413977e-01
4.971679234604236552e-01
1.756854264362203380e-07
9.763390122704738161e-01
2.543365373086077241e-01
3.421314337140550221e-01
3.191343092983128793e-01
6.751790288700739717e-01
1.005441164621003303e+00
6.477346744897605202e-01
1.226135645175610467e+00
8.650859721407442304e-01
8.405916186046391569e-01
1.000657057854020371e+00
8.153107306525523290e-01
7.793754032974340440e-01
3.540742945186033386e-01
2.846333416673283434e-01
4.041900026946892988e-01
9.413330207067999167e-01
1.023361677724764496e+00
7.462620603846269463e-01
7.125796060878155647e-01
1.440630352794473490e+00
1.083611490803782829e+00
2.742962949877544299e-01
4.985982556333444227e-01
5.050368344973760193e-02
5.046985635684319016e-01
4.417953292211572180e-01
3.827499514608848075e-01
3.804121289816864704e-01
2.320641127641328294e-01
3.740545689790201744e-01
1.008680699265251945e+00
7.618736594687074426e-01
5.783962884581035357e-01
7.919313143299075985e-01
5.885563317962050345e-01
1.041004158960096460e+00
1.086843494713980895e+00
1.201467096267998080e+00
2.875792217183564148e+00
1.275563125501847139e+00
2.052200046430839031e-01
1.082084653957534170e+00
6.845911446047172610e-01
8.595579346351377437e-01
1.069289461071461833e+00
2.941928793641722661e-01
1.858169045811435049e+00
2.265144344037849145e+00
1.369535315649853313e+00
5.851236279285588759e-01
5.409504716989500528e-01
1.280863961353860381e+00
2.674389446334356268e+00
1.335359129066377326e+00
1.202507200350457994e+00
1.012031593058937418e+00
1.253390951979408419e-01
9.679521849472653150e-01
1.132207904158878620e+00
9.506290877380751958e-01
5.920165130168840717e-01
1.383683185653877601e+00
9.101663852520959219e-01
8.564756623756504261e-01
1.269774632939602022e+00
6.692703313422380118e-01
8.913976086343354810e-01
5.724177803523456953e-01
2.058729417502638270e+00
6.945481727182022391e-01
3.265776021220961334e-01
1.136611626659240537e+00
1.224574948196730517e+00
8.068166907328970794e-01
4.616591270297299987e-01
4.947569715036994054e-01
1.017284256256462127e+00
6.792095585864538210e-01
9.414978011778795119e-01
9.477135500931401779e-01
4.620692783062000375e-01
3.050227419180132071e-01
3.710579169907791686e-01
3.588247197273103373e-01
2.635230783588276005e-01
3.935738211888293869e-01
5.953505915516802416e-01
1.363333583981465980e+00
5.989448870772937639e-01
1.068504964669828861e-01
6.730398903612937467e-01
7.007707413342754155e-01
1.279259192231238795e-01
5.609834443913239710e-01
1.348345126923585546e+00
5.467118747343815421e-01
4.288148832412648770e-01
3.260250904867427191e-01
6.082171013820318883e-01
1.454376501490997620e-01
2.452628178723994523e-01
3.042303799419057708e-01
1.013917256458255922e+00
2.885809070068953153e-01
5.644266475013114404e-01
2.527514462058075839e-01
0.000000000000000000e+00
8.340482145183948370e-01
5.710913693555114135e-01
2.423127703374090836e-01
1.795892225641518847e-01
5.591627733047793702e-01
8.781392524494905372e-01
3.308321701561686701e-01
1.965187269208539811e-01
2.723532636485213043e-01
7.747937485144490433e-01
1.082067776286182781e+00
1.049369441485585641e+00
8.459328183764883713e-01
1.667172495892708384e-01
1.032599798940204705e-01
1.599750295212817308e-01
3.569538799720684552e-01
4.910124365471450480e-01
2.007446338189625701e-01
1.574436482131849058e-01
3.291046765149531183e-09
6.062740431306767874e-01
9.388031966669939665e-01
2.460219885645089921e-01
1.706265485644354318e-01
2.664617173517688231e-01
1.366275029007416597e-01
7.362471157113845733e-08
3.026242939301995172e-01
3.871422825700267523e-01
2.564107109899904091e-01
3.385068583854351776e-02
1.433360215055029976e-09
3.664683769175313688e-01
5.783045559206663189e-01
3.969029968685013759e-02
1.391143479672100614e-01
4.578241150495063194e-01
1.618124019994477969e-01
4.750929002590815187e-01
1.673026696552525339e-01
6.261246989574492661e-01
7.916698157146331849e-02
