6.832021326863839394e-02
1.113964202930171760e-01
5.292608740027584385e-02
2.674017921924391472e-01
1.352457270750198615e-01
5.994047285097954536e-02
2.777687020341789159e-01
4.119014494054299980e-01
7.671658977706576066e-02
1.259373711328669668e-02
8.746262219585987374e-02
3.218299273493090418e-01
1.102328410410881587e-01
4.200794602458720051e-01
3.345917851400298515e-01
1.912823405817523983e-02
7.697561086844845191e-02
1.407343753321723401e-01
7.544476308183779845e-02
1.352259653485672342e-01
3.454724438343913517e-01
4.372551428710775845e-01
8.476728602191975492e-02
1.138516492679459008e-01
1.703012945792572175e-01
1.245130291640111908e-01
1.243428569590483562e-01
8.846884432785960539e-02
9.061431623266676116e-02
1.130510558451113812e-01
1.081286048436273517e-01
2.338979220914411128e-01
1.416203751326861604e-01
1.466483580905186823e-01
2.346589939716866580e-01
4.643054738015743588e-02
1.158889173583643517e-09
3.711577210754583578e-01
4.680358707948837349e-01
1.786726627880879104e-01
3.043961993471972494e-01
6.304898952294827330e-01
1.835893491268591471e-01
3.349332025212142794e-02
4.314697528977103069e-02
1.754318584259909608e-01
1.216120256707033664e-01
1.606616600623737012e-01
9.905213279384932068e-02
1.058584200089859317e-01
3.201525056715195244e-02
2.550468822764794252e-01
1.698497019067764513e-01
9.602841811656950832e-02
3.149920384694353537e-01
1.787192900727768985e-01
2.349148923650858090e-02
3.135148665162611897e-02
1.790166387112876456e-01
2.041881066435815018e-01
2.624437799126291826e-01
1.056181517719114032e-01
3.638173164780376251e-02
8.962211252336658995e-02
9.043584113652890222e-02
8.513260729679145156e-02
3.359187628649868418e-01
2.978975168288433562e-01
4.154345316474086086e-02
3.855993586391592842e-01
6.547481462680087017e-01
3.111939937530206479e-01
4.686958684290394306e-01
2.546306080239127967e-01
1.359657200724253834e-01
1.947052055795261138e-01
1.138894002889186963e-01
1.469599948995856387e-01
6.587800418306587191e-02
2.743762681431355377e-01
1.950760610933871819e-01
1.223683198371830760e-01
1.868179896906055348e-01
1.486454830042330533e-01
1.692527702578595639e-01
8.270891126317128084e-01
8.221446613656858693e-01
6.926867360931203699e-01
3.043688105100569308e-01
2.161515201172793665e-01
2.225196913803022536e-01
5.506905518582951853e-01
2.899146507266579520e-01
3.594765826125378427e-01
6.887144479342073300e-01
7.639357516379656765e-01
-5.632944849497887804e-03
1.931267539552022627e-01
2.660485968629474618e-01
6.722453516163220800e-10
1.044259005260602530e-01
2.340000664652562568e-01
3.444287002845487500e-01
2.257535290039544840e-01
3.434308715852350535e-01
1.832700933748922512e-01
8.930047566424129113e-02
9.449179498022154677e-02
3.124042714022201572e-01
2.725916386900800181e-01
2.121797412951207384e-01
7.712168583948384448e-01
3.193574542960400109e-01
3.548633210961927853e-01
6.273681847165272218e-01
2.474676854156973027e-01
1.682352937426250805e-01
1.463008953555458846e-01
2.364437601554766344e-01
9.777820768393756523e-02
5.202825319691709721e-02
5.381209464134730780e-01
3.246212597401527677e-01
6.472312354627344222e-01
1.085306834822999722e+00
2.270836295153896012e-01
2.325453690250804673e-01
1.233189603205605001e-01
1.100374630753750971e+00
4.648585099001388277e-01
6.308221216513162921e-02
1.390666497001042390e-01
1.565681816957704420e-01
2.483570380463421753e-02
1.183761563704305159e-01
6.784861507597897967e-01
1.810182056564841879e-01
1.303458216090127852e-01
9.135282721640200498e-02
1.953899656345881308e-01
8.949952458354296647e-01
1.135408243311745613e+00
8.948605584494569998e-01
5.893713387497624412e-01
4.529737056608780232e-01
1.550498015691010589e-01
2.096365872264381314e-01
1.200371775396167212e-01
4.080860264180063979e-01
7.734512136129064741e-01
1.475340201907892335e-01
1.265446699349786208e-01
1.314018509576119487e-01
1.296094689957529578e-01
5.793672404475236348e-02
3.222402335756930497e-02
1.498032415860514055e-01
7.933585437243212120e-06
1.105029084699947901e-07
8.812363149193211398e-02
8.037311384501963363e-02
6.290094244977621762e-02
6.745089367331348340e-01
1.018899773595274949e+00
4.007200113883491732e-01
6.328754334808080195e-02
1.410218631886091811e-01
2.359856537842598134e-01
8.672768083536125383e-02
2.383149258618346977e-01
4.450472348745539986e-01
1.377608136626045088e-01
1.534443458241812885e-01
3.891438020014984511e-01
2.752395851878859934e-01
1.128835477825224781e-01
1.122594732419446573e-01
5.144553928738181403e-01
1.935956767068180706e-01
6.719719606152452229e-02
8.874464497435967381e-02
1.070792959125788230e-01
1.078358555886697184e-01
2.128386436346057509e-01
1.152068156746318545e-01
2.237650989102314414e-01
2.388554310712573681e-01
2.890501890169002164e-01
3.659426784900329799e-01
7.322778123785349258e-02
1.336566550678735532e-01
1.861317413793403819e-01
1.914817559959327287e-01
4.376374224520452466e-02
1.305285049977079059e-01
1.359832403065952024e-02
3.781422515269378115e-02
3.884722823056174223e-01
7.927353266750724048e-01
2.038710365536733626e-01
1.945484909451153654e-01
1.752581263209619655e-01
1.202284454591777546e-01
7.827643159660901961e-02
7.967182651482004885e-02
2.941025432041625143e-01
1.740658862149370434e-01
1.656509281793100974e-01
3.010379792202092508e-01
9.730600912237462596e-01
5.437911056528950127e-01
8.079862176937052665e-01
1.252468186913865689e-01
5.065063725609767475e-01
2.141317898737043757e-01
2.587596006049978081e-01
1.558998320155800255e-01
1.920295720951667173e-01
7.965955437337121636e-02
1.136010540952917536e+00
6.459996676641528435e-01
4.676554639970599281e-01
4.139223261827421618e-01
2.972133770185131918e-01
3.714252894968828045e-01
6.742792405738770034e-01
5.590214263624864177e-01
2.964547876292232265e-01
5.771916764895242968e-01
2.605151900934886688e-01
4.297677040473051879e-01
1.828280814030472101e-01
1.345574294759921130e-01
1.038701890253150434e-01
1.838785975613202450e-01
2.136500894178372523e-01
1.446357150895981603e-01
2.970862353366383601e-01
1.542492203898064296e-01
8.691667430281729834e-02
1.338192189228791795e-01
3.446765861053878166e-01
2.836610641113357367e-01
2.394112907996105988e-01
3.920414446940706510e-01
3.892507137018509922e-01
2.551262302988018815e-01
4.559039487786435418e-01
6.214342961608315674e-01
4.115349090965058076e-01
3.368298698449551654e-01
3.442319282412535375e-01
1.736886411239238204e-01
1.302475478392948749e-01
4.634175816285729943e-01
5.615504297935780542e-01
4.141620846621688057e-01
3.275364851731522031e-01
4.254445564831564330e-01
3.258244483478411335e-01
3.015565749541526119e-01
5.443314411583002332e-01
6.391739137458519737e-01
3.824643488922936374e-01
8.819721617039683048e-01
1.052583707849330530e+00
1.226154786086265824e+00
5.788364983435533295e-01
5.420235719610821956e-01
6.214925809971063586e-01
9.437756912826849032e-01
9.852424717047214564e-01
1.538494880007966303e+00
1.542762109508709845e+00
3.829858717563488502e-01
1.090398407581418372e+00
1.229334238700783510e+00
9.683199894702751997e-01
1.656026495729041814e+00
7.832711159175339555e-01
9.224717492331522273e-01
1.111696653340401797e+00
1.082644664212114360e+00
1.667746455113714887e+00
1.541091847977039908e+00
9.108779720780619815e-01
9.516759265586357541e-01
1.731324604315604310e+00
1.249184310610022219e+00
9.702877888848170373e-01
9.711862718931973948e-01
7.014345797394884174e-01
1.395357401652413287e+00
1.194706843857516576e+00
9.928728246476997699e-01
1.328591826501685391e+00
2.853072507894889864e-01
1.194577146680110724e+00
8.217878225627598399e-01
1.732073486896550385e+00
1.028290770257753950e+00
1.161470452218614779e+00
2.661983072320540655e-01
-1.013130823847372547e-02
1.218614831448949554e+00
9.514656317571014155e-01
8.094679107744502389e-01
2.301365307098580115e-01
2.018233825208790022e-01
7.559935821246675097e-03
7.426576363579383555e-01
1.888258307655842128e+00
2.400412241470120667e-01
1.287222098647979207e+00
3.406221887934799408e-01
1.115824312195389106e-01
8.047164647500937296e-01
2.249044531467019744e-09
9.024412751581240011e-01
8.494391231341833493e-01
-1.043529563599782106e-01
3.071813048568880489e-01
9.195671822478398427e-01
4.963802654863886388e-01
1.217177643843824209e+00
1.099313800079845249e+00
1.356163133294265188e+00
1.215327749881454089e+00
7.449766468900228533e-01
7.924332943388655570e-01
5.944892408459565569e-01
1.410180661739080521e-01
1.893879030606308689e+00
8.345055053900940489e-01
-1.220041115564290263e-01
1.857969534636764841e+00
1.676260599592024891e-01
3.750978823325267775e-01
1.277182900369380869e+00
5.684958553509211754e-01
1.158084174652969089e+00
1.281240437065722659e+00
1.072113378028618502e+00
9.360271564442004255e-01
2.930664559638460065e-01
1.308976331626853895e+00
1.437895935388101343e+00
1.678566969211611637e+00
9.979205506473730614e-01
1.180691541959885793e+00
8.486899856404004350e-01
-1.252378347051412953e-03
1.095822827360626306e+00
2.112036001439296040e+00
1.950224111289214912e+00
1.028652543176864498e+00
3.326935826523262363e-01
1.197181063935929490e+00
4.583694574695869606e-01
4.236008392390504529e-01
9.366647040753640630e-01
6.104775072753966247e-01
7.968015435517699085e-01
4.582399196064517177e-01
5.266690867055265439e-10
