8.482972429349999732e-01
1.284019792375342917e+00
1.289033477865182853e+00
7.916300781694748379e-01
1.040171585533955501e+00
9.613454656829857337e-01
9.172752558310528492e-01
7.809126917833508763e-02
6.831138292870764239e-01
1.032553252112997644e+00
2.768678976261595981e-01
1.639711492492116340e-01
2.206171045696156963e-01
5.649679097511735026e-01
1.103653248181496599e-01
1.042784768267668083e+00
1.068060179785824459e+00
1.234993063296331295e+00
1.139285748463634285e+00
1.439878642550280308e+00
1.338837738832598712e+00
1.274631074304251710e+00
1.436839671594976942e+00
1.399769323494907125e+00
1.222037737542581270e+00
1.171664014713468926e+00
1.187258523062843407e+00
1.067753737258055002e+00
9.406354484608758781e-01
5.474847738225823157e-01
9.528410787853555108e-01
8.211221371124637347e-01
9.416647091901303446e-01
9.818415340054156282e-01
1.156036006547168205e+00
1.066906067578826445e+00
1.271446328828451655e+00
1.172198635137951639e+00
1.070540786745246553e+00
8.615180359315499636e-01
8.526207383103966420e-01
8.220904271242510664e-01
1.008431514527084571e+00
1.044771023315846037e+00
1.118074538803704110e+00
1.066852618660135033e+00
1.014445701383293041e+00
8.354461582006714737e-01
6.609480417857720447e-01
9.599502487029436537e-01
4.221406554125222699e-01
5.565771008838630296e-01
1.059414453737641981e+00
1.033680638695115617e+00
9.319526306628282963e-01
8.673516858552403619e-01
9.768346036244325292e-01
1.090392423610033967e+00
1.110831747724183360e+00
1.139931094454159854e+00
1.075442469095570397e+00
1.036721149978473200e+00
9.808488000938098139e-01
1.069789094989521905e+00
1.246178238040456465e+00
9.732673798178572699e-01
1.185083303558448264e+00
1.170013615113939753e+00
1.064153396343637148e+00
9.386325970989921608e-01
9.116313862227303222e-01
7.040535082117644894e-01
8.265920250332663421e-01
1.034052978474391926e+00
9.657350985548400768e-01
8.573239118614164322e-01
9.332382281732369833e-01
9.438499409995316780e-01
9.965693816983671738e-01
9.618637909393989993e-01
7.691814090361543954e-01
5.322640704202058481e-01
6.272636579672170587e-01
2.174864296068017011e-01
7.667829808167627714e-01
8.492888000204652510e-01
9.458039907751718545e-01
1.009868335060767564e+00
8.609832200478870767e-01
8.876679277991843531e-01
8.442065895672133946e-01
8.892183834809374021e-01
9.858290925053210252e-01
1.115278028034981883e+00
1.119542421345162353e+00
1.090502784039573569e+00
9.923543004348691632e-01
1.037714558397705877e+00
8.667798472465657600e-01
3.671510549000224222e-01
1.509677823850433254e-02
8.643992684485704014e-01
8.358689498144959984e-01
1.019733187687325460e+00
9.456523203329841865e-01
9.933023777948228883e-01
1.040865070344889176e+00
9.615381963701867818e-01
9.031928715869254054e-01
9.401722159758474362e-01
8.660299938144696563e-01
6.762440997888543581e-01
6.368528750837841867e-01
8.596319881758636150e-01
8.518265570291151390e-01
9.585783279158643921e-01
9.716869385962811911e-01
9.674231356192301012e-01
9.007708929622366689e-01
6.011383001211800803e-01
8.238235063140019188e-01
9.017075339440865367e-01
9.313738538789868571e-01
8.317721661245671694e-01
8.029409286878184115e-01
7.177726081508655209e-01
6.246915843435496551e-01
8.344053369956317967e-01
7.839541367903323232e-01
7.121716830516072738e-01
8.612336706584619028e-01
7.769601864532514890e-01
4.444062157536975421e-01
3.776362491634482343e-01
8.026743583358318945e-01
4.622126242678821217e-01
1.946532902048702107e-01
6.097117888874264979e-01
7.152723586352744967e-01
2.784858204185807762e-01
7.372034457140083652e-02
7.055212746933700041e-01
3.851622322072801863e-01
6.806901990146655423e-01
3.446823054027251532e-01
3.392255260212310164e-01
3.220767758811626247e-01
1.371902496930529902e-01
2.149360598524455712e-01
6.310232550683408936e-01
3.403064398420033720e-01
3.736489429963052444e-01
5.564316493338035130e-01
3.415573475801300107e-01
3.105651031608169244e-01
6.741436480314646484e-01
6.971637950649300919e-01
7.567263748268724388e-01
7.082022907651701615e-01
7.155006643887509288e-01
3.782106402548094382e-01
1.498167361666558894e-01
7.254413306303391096e-01
7.234796406498691379e-01
8.526478195694007223e-01
9.754204559051020684e-01
1.059094201343450115e+00
7.376227199203185814e-01
6.374371578100941349e-01
9.314645606229594588e-01
1.007098014271403663e+00
1.015089930241550809e+00
1.066303795264073484e+00
9.221891644644437669e-01
4.710594986092674352e-01
3.800266507486077527e-01
7.601951517937370895e-01
7.658545602084272375e-01
9.137381743124604050e-01
9.592623325034679294e-01
8.755425485625709658e-01
3.440899844588335421e-01
-7.728021626340612904e-02
1.185425186351495019e-01
4.773641084469752438e-01
6.119030670409963957e-01
7.641309682737171816e-01
8.107158705438608504e-01
5.782882733582597190e-01
6.633773953922009747e-01
7.945242816714442879e-01
6.850759479598941271e-01
5.109396549592528647e-01
6.652250596861901677e-01
7.436834829876346475e-01
9.355210465736378544e-02
-6.450370413976185269e-01
1.837501898944937095e-01
3.435709111120206494e-01
6.749230779650513545e-01
4.664157093649194952e-01
6.937629971421207520e-01
5.073955709665923797e-01
1.076517742760451785e-01
4.675843730105478935e-01
4.385982616625619390e-01
5.788323420122695184e-01
7.401977365553241706e-01
7.634300578833541628e-01
5.267508405665561888e-01
2.016675219623807747e-01
3.793841239783087849e-01
6.113338336027109854e-01
4.939195677702464815e-01
6.514276384016716437e-02
4.749849518147264416e-01
6.635848034668191398e-01
3.962877296788622772e-01
2.574878958701837250e-02
-1.213801146720964175e-01
-1.556302497901032936e-02
3.201533638068728704e-01
5.502442133393914414e-01
4.364158983512262391e-01
3.430970414746751240e-01
7.259853679257979309e-01
5.592389469233089994e-01
8.030779472478891678e-01
7.969375822547616339e-01
7.213273054696105469e-01
1.677474235440895578e-01
4.720375993351011434e-01
7.465079396177144444e-01
7.828858495280716090e-01
8.477440342487952973e-01
8.456665583147127130e-01
7.625167170928354166e-01
6.934905471181183056e-01
7.553036993228569029e-01
7.750572714214368775e-01
8.064294169153998215e-01
8.407116257778177726e-01
8.261177436094938598e-01
8.044802026041456555e-01
6.903350628727267235e-01
4.338474255875049423e-01
7.753921030365320544e-01
8.022712124609339135e-01
7.461834194727803293e-01
7.167534948762417368e-01
7.257350758370902932e-01
4.517307167709027071e-01
4.100358108797234613e-01
7.204529480894985571e-01
7.495924963565860910e-01
7.134391548411486150e-01
7.120833256397148814e-01
6.825631635358164750e-01
5.659211403999641066e-01
3.952769636215275328e-01
9.337082969710491787e-02
-8.525949648790237534e-02
-8.849099566262480510e-02
-6.188246635422796848e-05
1.251195125350355042e-01
2.640897421495105313e-01
1.266714141001413219e-01
-1.079874382507429662e-02
2.402726264390221966e-01
4.361356792771229340e-01
2.931306263062545894e-02
3.408385874079093991e-01
-1.551863515608321777e-03
2.438614073773248681e-01
4.663240196002985671e-01
8.582542446374785694e-02
-1.891844353700194298e-03
-5.063346386191645973e-04
3.681665350434704109e-02
-3.109484828338543450e-02
3.141407216548708914e-01
5.289146017199977123e-01
4.042921383863405382e-01
2.702331492222203192e-03
5.927400553332068389e-02
2.961903469401766520e-01
-3.269588095598935373e-02
2.561374256100655208e-02
4.454966256257352764e-01
5.185118520180090895e-01
4.596035051910908886e-01
1.090389403683486857e-01
3.006087278847597855e-01
3.454131302645000456e-01
2.095384863470654002e-01
6.096514787249056599e-01
5.983757154962817681e-01
5.814199248921898544e-01
6.437014567643648544e-01
7.193274417751958083e-01
6.252725840492850962e-01
2.480204041899619072e-01
1.374005275858951047e-01
7.267631886335945701e-01
6.097426299174604214e-01
3.167240748398484351e-01
1.176493165563116117e-01
2.149016491139467133e-01
3.802458714124483663e-01
4.821399971450486266e-01
7.541504882637380947e-01
7.014469876765772050e-01
7.332492313457019684e-01
6.068505900458867064e-01
8.484900861299311536e-01
8.517511069325538475e-01
7.919276912120516432e-01
5.885381707219267122e-01
8.037190803864189270e-01
8.526372609171772865e-01
1.002888020291967219e+00
8.540242070840695643e-01
4.145639931475010864e-01
6.997155288211829305e-01
1.007056257085847228e+00
8.262190715063427726e-01
3.643814820737392157e-01
5.028992013026828412e-01
8.021467676514175693e-01
1.032183196592669994e+00
9.422764327573300847e-01
7.809536286848914877e-01
9.729037371533040268e-01
1.080582550027120448e+00
1.037649018840984594e+00
1.034343897961860215e+00
9.732328504350807874e-01
9.780837223225675725e-01
9.651569843229905743e-01
1.016364770289229558e+00
9.754893830692701329e-01
8.862089096684392375e-01
7.754628924500509557e-01
4.313800521360869888e-01
5.203476244353753000e-01
9.140125580820113171e-01
8.058708619253798222e-01
8.415461230276709559e-01
8.005155900811806724e-01
5.861228797175288552e-01
3.405562830640563865e-01
5.648594103164166214e-01
5.443255282590915289e-01
4.404117215167266952e-01
3.180397019366280054e-01
6.073308948471726337e-02
3.088559466921588642e-02
3.602048945879597897e-01
2.674746603670197231e-01
4.516423192564199551e-01
5.994638660461337754e-01
3.094221909896708311e-01
4.355625266168875465e-01
6.093096678062878135e-01
4.375065328137938137e-01
