7.424005246875642339e-03
6.486574942058955795e-01
1.294016680893032678e+00
3.647392407235557354e-01
6.628833280939768757e-01
9.623663361713423736e-01
8.348790394259963943e-01
2.830785439259606573e-01
6.093834622629564768e-01
1.057999430047918299e+00
1.929140116280320949e-01
2.422470921345423189e-01
2.830823332787019697e-01
5.497435725368571280e-01
1.778319951077050320e-01
7.616944524252667881e-01
1.574385271028241995e+00
1.403419489423058053e+00
1.628624762655033198e+00
1.692290423686923839e+00
1.523801215257157171e+00
1.626881242199401445e+00
1.701796165902377700e+00
1.706320152086239661e+00
1.641538123332629606e+00
1.529240590230301677e+00
1.476791236852465605e+00
1.408223296853484907e+00
1.407166885192597805e+00
1.224116322927435441e+00
1.450216998509632038e+00
1.261428222186707249e+00
1.356684025544514505e+00
1.189257941111441230e+00
1.436983553683213621e+00
1.352164999564437142e+00
1.546248396964021499e+00
1.543785013516789872e+00
1.592549872766181984e+00
1.640413825621851007e+00
1.520153192556187527e+00
1.480914817463812483e+00
1.408905558141356762e+00
1.433292124813987378e+00
1.429880762747828271e+00
1.397021447871747313e+00
1.420641232135652077e+00
1.044726572787353147e+00
1.022424274871923666e+00
1.070170472410915785e+00
1.185483548204688375e+00
1.468287286467360175e+00
1.390222370349565084e+00
1.390157798138441647e+00
1.364208524400462474e+00
1.414234123614565686e+00
1.154984263881166484e+00
1.355891482117396851e+00
1.517456315306012993e+00
1.457668451537800003e+00
1.527907182308524181e+00
1.541336273245987432e+00
1.445505755932687153e+00
1.512516782259940795e+00
1.475636090934423716e+00
1.369344057523834479e+00
1.242205997779828319e+00
1.190774268923924684e+00
1.102763164991031664e+00
1.153906907248292590e+00
9.593903149749976045e-01
2.541563314306168886e-01
2.938169179645747642e-01
1.312486142069813511e+00
1.038272575199171488e+00
8.052524567736676353e-01
1.010667307524445668e+00
1.069739873867622038e+00
1.182657809975530938e+00
1.153470394782037278e+00
7.762933391660673532e-01
6.095413943373861887e-01
4.283814309956607280e-01
6.355656570421125418e-02
5.845493630950276964e-01
9.563990792410870245e-01
1.142904849635209885e+00
1.067342922222239476e+00
7.615771348459311474e-01
5.133438100452132336e-01
4.545659936798660539e-01
6.099874421326930696e-01
1.132713767110660852e+00
1.248747415012889439e+00
1.316475412767380559e+00
1.237898830227240232e+00
1.195899853497341070e+00
1.157318224130247319e+00
1.172306766161983038e+00
6.218316987257165307e-01
3.075844729970544922e-01
8.235585097417879030e-01
8.845688611090323228e-01
1.212939506441144122e+00
1.092700411621567280e+00
1.079398559101832689e+00
1.162706336815113595e+00
1.063551727200503283e+00
1.068581861336646899e+00
1.038733505759138698e+00
1.115324449586602373e+00
9.049484853185929545e-01
8.714721250258310459e-01
8.726971623054673444e-01
1.005323804986157032e+00
1.039231737028255997e+00
1.037778343023405547e+00
9.728651397160337222e-01
1.030982644787589830e+00
7.647846410124510275e-01
8.488685650764591362e-01
9.075678275567633513e-01
9.226535765324046512e-01
8.035469707343421142e-01
8.739485447428814169e-01
9.295778771228773163e-01
8.512435946136420739e-01
9.055181307096240584e-01
9.399546184698945872e-01
9.050911731944453198e-01
9.515138138215221142e-01
9.611557857696496621e-01
7.306704586185538419e-01
6.736749948896987306e-01
7.998922557953040968e-01
6.824062835609141509e-01
7.373364937973724276e-01
7.419032127750880834e-01
7.660824823290239838e-01
5.076022609446191325e-01
2.479585316231044945e-01
8.419143031034049818e-01
5.306859840476880752e-01
7.980483687798058945e-01
6.080599872124399230e-01
4.777335798637141195e-01
4.896142717981852854e-01
6.289677996040667907e-01
2.773465881647383946e-01
5.284183948473648584e-01
5.308549003633838970e-01
6.514483764527956300e-01
6.163281238470734724e-01
5.668456513300710320e-01
5.980967170851811954e-01
7.164997643289268137e-01
6.993632702351670893e-01
7.533129418652975140e-01
7.798646130930610987e-01
7.891665651870498621e-01
6.993959029806895433e-01
5.293730091228947554e-01
9.077468997666329198e-01
8.936969586241634289e-01
9.303775509129275090e-01
1.061195850621635905e+00
1.197129648386644263e+00
1.111927941190345548e+00
9.451429513029860896e-01
9.875238984149018462e-01
1.087622012187526188e+00
1.127082487648865872e+00
1.171781403652986775e+00
9.820262125714356305e-01
8.425081326942878146e-01
7.987750462368583548e-01
6.728360731589546617e-01
9.587743809925381999e-01
9.568485700547654238e-01
1.060693833461328950e+00
9.181658640345442546e-01
2.484296808255130606e-01
-8.578200574465688621e-02
2.944880518464428332e-01
7.915100576382889663e-01
6.898265222524537776e-01
9.304008601835995762e-01
8.677783349704180083e-01
7.454060894972158735e-01
9.713921674350489699e-01
1.021393515463860702e+00
9.377979257679265324e-01
8.945966652666552665e-01
9.291178238186239557e-01
7.758272206603940013e-01
1.552245462226071737e-01
-6.597311998980658412e-03
6.788631503850757198e-01
8.008047435023233351e-01
8.153854711491973495e-01
8.112834125900489912e-01
7.996819000311079506e-01
8.375790290812019645e-01
2.362873199935484336e-01
7.911129411895373442e-01
7.800165365579315724e-01
8.902029013044210348e-01
7.646388897110191207e-01
8.679914108985877785e-01
8.355018153711257778e-01
4.912804058110390448e-01
4.230041482531432528e-01
6.396231921074240212e-01
6.375431858835536314e-01
1.537369910381571891e-01
8.484556377758458723e-01
8.790297044883770283e-01
6.183329613029826116e-02
3.468952841620824845e-01
5.074326085166630529e-01
8.000707542707472530e-01
8.472759577875237369e-01
8.844002252176986767e-01
8.751279693678890581e-01
6.841770219916551987e-01
7.551061502735825215e-01
8.923936260523104291e-01
8.967597523632671042e-01
9.432724576757991475e-01
8.405477865645214486e-01
3.236124082062882268e-01
1.013127485428095831e+00
1.025682483326338268e+00
1.039507982959772869e+00
1.126216357245016786e+00
1.181002990179958800e+00
1.050974020033376144e+00
9.926117975242708669e-01
8.968842093060195308e-01
8.759743451042969475e-01
9.530484524669247115e-01
9.731029796398941167e-01
9.701178416541703653e-01
9.051101530221188352e-01
8.895811638022911305e-01
8.014718181653892604e-01
6.399980868352090901e-01
7.250121229575766657e-01
8.242144223564671357e-01
8.958198496547660206e-01
8.826611514116058377e-01
9.599235234052050370e-01
8.041283088368378351e-01
9.090882095413067576e-01
8.540850690877992424e-01
9.469315791951210537e-01
7.850215461094214309e-01
8.023471125203870402e-01
6.230262029044748573e-01
6.842534736293401920e-01
6.067093516163293287e-01
3.856686307167896122e-02
3.431122445776693675e-02
2.474528691500139099e-01
3.347223741470191638e-01
9.344508522391377081e-01
5.338787936849822557e-01
2.265617607043207415e-01
1.096701698759371402e+00
1.063478514954593113e+00
4.564799706852601946e-01
6.224394838865083823e-01
8.769393791774803271e-01
4.932734809488522054e-01
1.020006982330987189e+00
1.814578798700728357e-01
3.374319136792923723e-01
7.579375400755639092e-01
7.495284564580895204e-01
1.772022210307700463e-01
7.834833855413637638e-01
8.698447939190752098e-01
1.029474607427711241e+00
2.094520800582618247e-01
1.050193464518951458e+00
9.112654701319917727e-01
6.696433813277007097e-02
1.290876316589635309e-01
1.103915480168973673e+00
1.023464441141806791e+00
1.778422838158797981e-01
2.664802242494178630e-01
4.302625457342775794e-01
2.406015379501267870e-01
2.717436244547815072e-01
1.070890652797131581e+00
1.009047970819785478e+00
7.963066743873152831e-01
1.027210284892725145e+00
6.979729902426483612e-01
4.834040797260187317e-01
2.230892443080743220e-02
2.768705843462322957e-01
8.062009180565316013e-01
1.548187004118784793e-01
1.309924153348306364e-01
1.995276798446458666e-01
2.654121172275337170e-01
6.100178183003075738e-02
1.689885666861026259e-01
7.957612663690281085e-01
8.037625031103222684e-01
8.603366009923463231e-01
6.216400745339786260e-01
9.072574437216144316e-01
8.188586354607030326e-01
7.658146967540107042e-01
1.514318194633225978e-01
8.043018343949179805e-01
9.187874266026618830e-01
1.062558060058257814e+00
8.955241241813433062e-01
7.768884462907986455e-02
6.669013311639085950e-01
1.040330253104871705e+00
1.010446642775992387e+00
3.993030841748512194e-01
1.894451835556543451e-01
8.028527594238781262e-01
1.107442598996174699e+00
9.964379770180725737e-01
8.269304458401239843e-01
1.022256531335224095e+00
1.176618898527751256e+00
1.120843621472197515e+00
1.108756425085219544e+00
1.070631771916916719e+00
9.677040139281061215e-01
9.561417331485259075e-01
1.027166100355374700e+00
9.950134361256418591e-01
9.066133297108298628e-01
7.504047977162209282e-01
2.020200593769531094e-01
2.879851248099566385e-01
8.715439734048791021e-01
8.130495429431652266e-01
7.997596614890964961e-01
8.430074300956690303e-01
6.384155286254413753e-01
3.834458310032039519e-01
6.491375464281073926e-01
6.853390152344274178e-01
4.652599478580002890e-01
1.158345944575411429e-01
4.035397916564235216e-02
4.227467918285272158e-02
-1.356435221178592734e-02
-8.223919895841172445e-02
1.491565096582426336e-02
5.330868820250569406e-01
2.856702669390912344e-02
1.975586692035112904e-02
1.195989149813848768e-01
3.278024552009525805e-02
