4.089896613716512142e-01
9.192259938168679811e-01
2.087776368811133654e-01
1.025822009257691736e+00
8.103136195098542549e-01
3.636350520206167447e-01
-2.000741441022523340e-02
8.143697272813485988e-01
1.065740623671080689e+00
3.637962876935507683e-01
1.161341481771967610e+00
8.817377807985667948e-01
8.781128994694107348e-01
3.671604668953303008e-02
4.160061038668006472e-01
9.377928645360432691e-01
3.438129931018858443e-01
2.553837928931079748e-01
3.161856024627515138e-01
2.426978631334060776e-01
-2.176124567814557292e-02
3.670838069832618473e-03
4.340513735926548322e-01
4.585084783729914126e-01
2.810534516528526150e-01
2.100619720904958465e-01
2.734125824036418573e-01
4.566344112145945960e-02
-8.665612157800723497e-03
6.015115485501759673e-01
1.531570809674283606e-01
3.470553415505656103e-01
2.085432366238072488e-01
3.000657878867301620e-01
6.416857123844578459e-02
-5.152864368969392594e-02
3.163546991621200011e-01
5.000672515287217790e-01
1.562448803359940130e-01
3.781201250313227513e-01
1.040435201774628504e-01
-6.312477542232691752e-02
4.773622505406406591e-02
4.966754385587345832e-01
3.398114955505590618e-01
1.916393579279107029e-01
4.335749418034647723e-02
3.795915512922889978e-01
1.298526840108625291e-01
2.324995225666604826e-01
2.605461260570346993e-01
6.993050400624002683e-02
1.740378599976432905e-01
1.205213853803519669e-01
8.518831580155895866e-02
-7.995094839119254448e-02
3.230603639154711049e-02
3.415033870500316926e-01
2.048869761588610339e-01
2.028852960980002951e-01
3.560879252246680338e-01
1.378576110397582155e-01
-1.487727883351498345e-02
-1.015795186861337546e-01
2.551991609745506984e-01
3.627028230549343424e-01
2.559409644127921268e-01
6.032687836672048082e-02
9.629005201313695084e-02
7.025613477461366274e-02
1.060946510909718671e-01
5.250538940093846252e-01
1.334719909245225988e+00
2.931900119757903100e-01
3.415606410376440666e-02
4.112190945251059659e-01
3.079885367062170642e-01
2.134419373542236209e-01
1.560280887209394285e-01
2.310585951041525463e-02
3.102459925024099174e-01
5.556698832891687756e-01
4.888256558865267665e-01
6.162452758677449127e-01
4.348413563189774123e-01
5.395332530595262632e-01
1.324716362718993123e-01
1.002408123455965222e-01
1.575473485542917274e-01
4.610473281035744608e-01
3.843902460123851950e-01
4.777564957896692222e-01
2.333724034034240224e-01
2.251678545304893198e-01
2.768192142200542882e-01
-3.308922268123594781e-04
5.569549930423832451e-02
1.073669331422199419e-02
-1.298346910769624385e-01
-4.714781922570220052e-02
1.081723801308413391e+00
3.596258731005071985e-01
6.392425782968493841e-01
5.899857040246270917e-02
1.942404093798408976e-02
8.719939050854226548e-02
3.020128289115692199e-02
9.695042641965927188e-02
1.647529271068954096e-02
2.104407404547254945e-01
6.706589997650323764e-02
1.187480264910632105e-01
4.084165743350737926e-02
3.221218485699581247e-01
2.288515060628933118e-01
2.701249893692833637e-01
3.946076273883918767e-02
1.120739460364205131e-01
2.203228503257223525e-02
2.211615423600884756e-01
2.477396341429455306e-02
2.917628492816559671e-01
6.281522194039683427e-02
1.430544451832490016e-01
2.157130006194731553e-01
2.498586139051733879e-02
1.545070084174773699e-02
1.475327065227078349e-01
2.099980763909834597e-02
2.550322686565081320e-01
2.323544251727366616e-01
-1.081722826333704479e-01
3.155018639066674568e-01
2.519908809219259527e-01
2.369964829041499577e-01
2.261252375267470138e-01
2.136031369910237898e-01
3.160363699244831959e-01
4.286825681307862568e-02
2.697683121087583458e-01
5.662828314482714065e-01
-5.100018785249673010e-03
3.925794633047302584e-01
-4.811455460955942759e-03
2.600802519662194223e-01
4.869368008218111221e-01
4.098656031947262579e-01
9.451368234160066606e-02
3.807314867847008677e-01
3.455950269453206269e-01
2.345272037765865902e-01
2.322498090256575332e-01
2.411534015177694001e-01
1.038021863232212703e-02
2.218209133411129241e-01
2.053740725127760069e-01
1.916198299041361464e-01
1.844632298988596597e-01
1.084761637641049187e-01
1.359662256113386147e-01
4.844689924646149691e-03
3.727675510952117022e-01
1.853967168577367874e-01
9.218148076677172564e-02
2.188527249701895383e-01
1.999817027566863914e-01
2.412646270076731769e-01
1.011327645923659757e-01
7.783098583891683020e-02
4.149855322675076175e-01
2.970703618382750655e-01
3.802541367661971261e-01
1.488928551298903669e-01
1.879011256459667267e-01
-1.230963186869709226e-03
2.604483295105055121e-02
3.427903502944203429e-01
1.930831529541637281e-01
2.311311818789821282e-01
3.095544579330108178e-03
9.472125299181083369e-02
5.022117697485948273e-01
1.046136541157562938e+00
7.847172146359405742e-01
3.524631184920113958e-01
2.814679866519183560e-01
2.104023072613283030e-01
1.083976045707756852e-01
3.668375929676698788e-01
2.420512640130754664e-02
4.161608626731635452e-01
1.904449490457086891e-01
1.489559996932677266e-01
1.840363090421609504e-01
8.633654180368352526e-02
5.570410627719809549e-01
7.795379040304327711e-01
3.062260392939137876e-01
7.268295070921633183e-01
9.034176365139327813e-02
3.577189408082394051e-01
8.230707500599840354e-02
-1.249969022507881888e-01
4.663064560226571342e-01
5.089075862129974898e-02
2.813540555998276793e-01
1.507875467520206625e-01
1.634097977119758904e-01
9.090418561912957940e-02
-1.603893513183644870e-02
2.186269429740701764e-01
4.175193179672366806e-01
2.690566077543143364e-01
-1.338372148210036361e-01
7.304600893669259687e-01
1.868518143171408186e-01
-2.200783833996299843e-01
5.405320612550312820e-01
6.503933696840629164e-01
2.734612954190119294e-01
2.405797516165985583e-01
1.664621485891948360e-01
2.088852353880664703e-01
4.572950151165877664e-02
1.948297975273976523e-01
2.516142724871118230e-01
7.050502806092388830e-02
3.131533209783859961e-01
1.638161910474337790e-01
2.356785410826887639e-01
8.596333205518396081e-01
5.419321948637776526e-02
2.514027831526955414e-01
4.091746573707399914e-01
1.009645797539800327e+00
8.823395085990143327e-01
1.480894025848887852e-01
8.001748883708008353e-02
1.045081766758327868e-01
3.125896033285968101e-01
2.894337053287044381e-01
1.929353768154867255e-01
1.560162486653229597e-01
2.070390153704355085e-01
1.720491469212402647e-01
-3.774691836715560883e-02
5.545720449782229888e-01
4.868142760809338609e-01
5.456096987566259049e-01
3.417591550040215420e-01
4.443557497992846606e-01
1.877777483078333642e-01
2.276248398725282396e-01
6.985692023214001845e-01
4.695558768823057116e-01
2.433973046838264209e-01
4.146048586916494250e-01
2.328771824309762151e-01
3.797467220682953504e-01
2.759087066503130847e-01
4.728468860820695951e-01
9.049057099796278258e-01
9.987216704767586384e-01
8.699735544987882152e-01
8.057117592226283875e-01
1.901289831712093814e-01
4.311022325094756025e-01
1.144125631175767932e+00
1.524863099566858837e-01
-2.351306540273358572e-02
7.475113557886208238e-01
5.679154087204407730e-01
7.734979468830902039e-02
5.131382776053773354e-01
3.291227850099262553e-01
8.496989547400791709e-01
7.040324260485025798e-01
3.659946009725357219e-01
1.151034330878826784e-01
6.947354647987400433e-01
3.094125335494630757e-01
7.248679387795557982e-01
1.707377434110647352e-01
9.726465006845824712e-01
4.334441660624813175e-01
-5.690294698076200364e-01
1.012519557538856585e+00
9.827140890212553437e-01
5.468307105781258226e-01
8.094536584157679959e-02
8.053108303923048883e-01
9.659186017622156673e-01
6.447029487253066460e-01
5.211946719219218149e-01
8.505320540610057378e-01
9.530465870046034293e-02
2.014579140772015386e-01
4.581354044139336890e-01
1.611362844138591877e-01
3.879556745551426267e-01
-7.947735090563581850e-02
4.493183788299011661e-01
1.221445275875460368e+00
6.755784249292500210e-01
5.158305566153086330e-01
8.369778089044290770e-01
5.827517429743295230e-01
5.864845607630218838e-02
4.171373548935699560e-01
1.185523776601865142e+00
4.876344879776255414e-01
2.792119051900981419e-01
2.524560347312976849e-01
5.174781969030988193e-01
1.753763232930406479e-01
1.525544053158172930e-01
-1.269456808765593095e-03
9.303722376794668625e-01
2.911301420952697172e-01
1.458805198402451098e-01
2.266214454051283245e-01
-6.908163293047955844e-02
8.689096452945754834e-01
5.371699017273164900e-01
2.060208408285628401e-01
1.087897559968569877e-01
6.651643169578206338e-01
7.939907412602176251e-01
3.379282922466997907e-01
1.877348567157512416e-01
1.681652767284066707e-01
6.768012922566901679e-01
8.424124113204239928e-01
9.936786752092264807e-01
7.133040577522919978e-01
1.205784054194210669e-01
1.821994923829958410e-02
1.919532336518116333e-01
3.012269081093104650e-01
4.436617451680006097e-01
8.884325863382505628e-02
1.122119728286073564e-01
-8.449072145364085185e-02
3.403218712982755134e-01
6.169747725419717499e-01
-1.518637465250522421e-02
1.211910137276058508e-01
2.132719903636161041e-01
7.187911749022320163e-02
2.024603490721516852e-01
3.830816581925001740e-01
2.699650869819232857e-01
1.205606161485695271e-01
3.131702957793194297e-01
3.754103249292249367e-01
3.570629450948141770e-01
2.059612173265699120e-01
4.107645824466290424e-02
1.827081735090936021e-01
4.799689122374657391e-01
6.911363806245479635e-02
3.704279458888561360e-01
2.109305737372493827e-01
3.886137765444399594e-01
1.195763857229608929e-01
