3.879855501361650916e-01
8.111965534564297142e-01
1.131247685436805872e-01
1.045369459434778658e+00
8.316508084194916828e-01
1.474966335413809559e-01
-4.544951548857339291e-02
4.234325804358291534e-01
1.048250237148116826e+00
3.100286513796579047e-01
1.100431210836901652e+00
1.010191776329373958e+00
1.032398349199888266e+00
1.826840576246484705e-03
3.883038484938321488e-01
9.377929939610220034e-01
3.438130511975065473e-01
2.553839834160873123e-01
3.161856589546879204e-01
2.426981187179136079e-01
-2.176124230402943366e-02
-1.926678377141446616e-02
4.340513685511601660e-01
4.585085010298603492e-01
2.810534291429247489e-01
2.100619829587188347e-01
2.734125740087903766e-01
4.566364779351043957e-02
-8.665538857910215498e-03
6.015115734012207449e-01
1.342573313755034414e-01
3.470554173926921893e-01
2.085428983255048774e-01
2.644676963921694934e-01
2.891686335297632623e-02
-9.827452034064312891e-02
3.359805367671320209e-01
5.000672832408298296e-01
2.253644630377941993e-01
3.781203794564814702e-01
1.832460972957020984e-01
-4.824111585111068301e-02
4.170724142754875935e-02
5.676723408799119186e-01
3.398116096550513054e-01
2.685708592199704814e-01
6.730464350717350885e-02
4.196665733372931251e-01
8.787327829555954817e-02
2.543280961439355892e-01
3.660256344424513975e-01
5.125893409865088513e-02
1.863677395561027239e-01
1.099104245120425816e-01
9.860610752674917046e-02
-8.419322659805902886e-02
2.801510023999732590e-01
4.424273816555797656e-01
1.815273537268375925e-01
2.618208862960340610e-01
3.471956161476294489e-01
1.606761801180850435e-01
8.885307205643612483e-02
-1.193396600967436827e-01
2.782740243799799451e-01
3.581162232686750380e-01
1.799405969819521667e-01
1.277850702798088989e-01
9.698550559200361243e-02
1.105851526788807632e-01
1.223326085420611137e-01
1.027943127568128778e+00
1.646602236704550526e+00
4.896380969086304713e-01
2.350150769410648544e-01
5.515838456186612504e-01
3.374873850646059603e-01
1.278626018352640725e-01
2.983853438344511999e-01
1.393681153200585776e-01
5.341562698572697165e-01
8.495713334134059602e-01
9.249854949629506828e-01
8.155009625204021617e-01
5.380307938615683794e-01
7.620390854474837772e-01
3.798794511677662800e-01
2.179717719210825522e-01
7.295486797099609566e-01
8.953466880606243405e-01
4.762237625180937295e-01
7.186648958268121445e-01
6.466491089724405450e-01
5.153757446148641286e-01
4.526812611326044289e-01
1.160592015376149810e-01
1.573259159605349122e-01
1.266176189696590348e-01
7.724127375231837345e-02
2.893216500051773998e-01
1.376949977864851515e+00
4.598912352581660534e-01
7.667560409143213684e-01
2.541592988515447016e-01
2.192779449377782464e-02
6.052890467626791809e-02
3.827605100934775573e-01
3.273747936680017623e-01
1.457377861800897567e-01
3.814842338340137529e-01
3.007890439645863334e-01
4.603867611531840542e-01
2.486071179650144458e-01
4.705153981034424504e-01
3.284274617000057517e-01
3.845570027179439632e-01
1.302727359514701255e-01
2.030752677341494117e-01
1.067723552343169818e-01
5.626839331711178671e-01
2.556088647268511815e-01
4.319856911652280584e-01
3.798857815226607815e-01
3.815894879023640773e-01
2.770608257896124416e-01
9.784265429921407131e-02
2.734564323921497286e-01
1.597779637690520671e-01
4.698194418564171498e-02
3.745720546105269499e-01
3.835788045381980371e-01
-3.220514736288226411e-03
6.665852591618032230e-01
5.196024300392448891e-01
3.336062915866909173e-01
7.355170785328568606e-01
8.125133048511287148e-01
4.170781190946990513e-01
2.059827245482490354e-01
4.852474860761186726e-01
7.135143865274240493e-01
5.592850969644247439e-02
7.686474420999442891e-01
5.912546943987833509e-02
4.725544733615640314e-01
7.954688661576785336e-01
6.491012215377709449e-01
3.386461328506559787e-01
6.522878279607228214e-01
6.683721167397733698e-01
8.501245519105886661e-01
6.201139999521091406e-01
4.118488214682051729e-01
4.036770270182353237e-01
5.078790735683931246e-01
2.444110946496977632e-01
2.687022267420213772e-01
2.463818658490952163e-01
1.355248641900822504e-01
2.353988913119617055e-01
4.434526355767950956e-01
5.675784734811301080e-01
2.515918927481964884e-01
2.306598816002129737e-01
3.211641012893295954e-01
3.043365602490276101e-01
2.793066844004242766e-01
2.414543110691771410e-01
2.480061340383099833e-01
4.908311477980341064e-01
3.729510763242213089e-01
4.718011664133011096e-01
1.953759870204934412e-01
3.629574215221139655e-01
3.432999527871890000e-01
2.709436450560348542e-01
4.846799437665346710e-01
2.437004641387873483e-01
2.416648227746447941e-01
9.977337545316010414e-03
2.109842547594066031e-01
7.823248968526005376e-01
1.357954406025963623e+00
1.298490030532751804e+00
6.062246446572386871e-01
4.854900483845892012e-01
3.015121771460571032e-01
2.084382770173456301e-01
5.398866697957642735e-01
1.174994421150214186e-01
4.943790178778433297e-01
2.421567469380536686e-01
2.634492089900924983e-01
2.891376256130959721e-01
1.731141699032046621e-01
7.336318205522608382e-01
1.136217518865662468e+00
6.843778223118364146e-01
7.575097209254925135e-01
2.053926589161160499e-01
4.596838556000387155e-01
1.814668144097246194e-01
1.310168122216694431e-01
5.339569262077816791e-01
1.630547152266674515e-01
3.166932947815427335e-01
1.534045327458303520e-01
2.140917605284266834e-01
1.891175263261993256e-01
3.178145081330983057e-01
3.360939125218684320e-01
4.854994519185912849e-01
4.130759999696876350e-01
7.311170059935326315e-02
1.081851449537809096e+00
2.443489407550510362e-01
-6.508088281547391718e-02
6.822897217252192892e-01
8.257043422664215315e-01
3.865000791121543378e-01
3.154089323050606741e-01
1.929840220098268389e-01
4.537593499520816698e-01
5.899131989689342381e-01
5.090525643932445332e-01
3.772773991808592298e-01
4.095392619942044843e-01
3.920234486026878407e-01
1.654881033434899285e-01
1.735315833724972445e-01
1.158175611412629369e+00
3.849988185867667112e-01
3.146982620580800472e-01
5.127469866523586273e-01
1.271712304524408754e+00
9.129700182248213780e-01
2.292899184930571321e-01
2.636513325004370689e-02
2.894173912121805192e-01
3.963454054655297099e-01
4.528992460986561719e-01
2.698495932900303873e-01
2.326653506080612610e-01
2.841882040051467717e-01
2.783863356371312214e-01
3.887861447927809522e-01
6.892694210608666383e-01
5.306766827806901343e-01
6.245680955341658125e-01
4.301904918307873360e-01
5.489107745273209549e-01
3.948618963223528011e-01
6.025149734855304029e-01
8.178845906722631565e-01
5.106208288568685472e-01
3.111300366743808832e-01
4.964743551994426629e-01
3.373731436508554671e-01
5.264542811095502817e-01
5.336497358250733569e-01
7.239955828782879133e-01
1.519892805911023714e+00
1.492179323742015340e+00
8.772536204809002758e-01
9.876659300546510867e-01
3.518335410350406089e-01
7.498680846124343713e-01
1.260726371064007534e+00
2.405802938840574390e-01
1.550286164252900056e-01
8.202629490544032231e-01
7.061499841451958082e-01
4.143900801057363581e-01
8.963651173016760065e-01
4.661937920937652136e-01
1.201535146952208644e+00
9.309109561063912963e-01
4.590101501846569620e-01
4.698498236104960979e-01
1.028088406650152997e+00
4.381647702323919202e-01
8.219296742761995622e-01
2.150355971427083401e-01
1.536533725057995348e+00
4.823478906245596831e-01
1.583680645625694661e-01
1.241670094867289409e+00
1.412983993626669932e+00
6.957640863918276297e-01
3.574399627841077787e-01
9.854906759842165798e-01
9.717159156946320042e-01
7.404204977923272146e-01
8.112969127087925614e-01
9.307556446285165652e-01
1.905308971076391245e-01
2.221152228965278252e-01
5.184657442813657147e-01
2.242752669953168576e-01
7.483408351025950811e-01
2.341570339314351934e-01
4.701874339683611570e-01
1.053750818122989319e+00
6.345998911805194043e-01
6.843440894081040948e-01
8.539323532303484399e-01
7.443236069610016381e-01
-4.279366872695056570e-03
4.976726505256973132e-01
1.227717391816341541e+00
5.221783255205550978e-01
3.013587262950039314e-01
2.699006395268175873e-01
5.624969581552581310e-01
9.067980437910737324e-02
4.906022719428882600e-02
1.515831409501136873e-01
9.471995841917537629e-01
3.455649169788373998e-01
2.126849561736872674e-01
2.066299308882204311e-01
-3.554868500495906442e-02
8.265176371902612784e-01
4.852429077965523252e-01
1.214831910123390923e-01
8.984645651393297072e-02
8.175997353715377391e-01
9.634162633082927751e-01
3.110892656264964695e-01
1.216421107579861438e-01
1.681654208202489897e-01
6.768011248530484414e-01
8.424120453164307687e-01
9.936794733570880611e-01
7.133044375845837282e-01
6.079651341323899505e-02
-5.950739989156825921e-02
1.919532780579520370e-01
3.012273461794778839e-01
4.699519202545588414e-01
8.884328248862202737e-02
5.137534989986908968e-02
-1.846630460571216104e-01
3.193266801300158608e-01
9.178262959638828766e-01
-2.885999169764765383e-03
7.680466471477530310e-02
2.602010478795741544e-01
7.608671215480444783e-02
1.694880120232041820e-01
3.816626995134109190e-01
2.699651556093434768e-01
1.205606679792846359e-01
3.131703032029028999e-01
4.596192040137550006e-01
4.172605870460723843e-01
2.185039204973295568e-01
5.876931471524493578e-02
1.902303228420964831e-01
5.238862210844182909e-01
6.911366893165986347e-02
4.558599798785562540e-01
2.599128340614411670e-01
5.569316765590279772e-01
1.363814604006944320e-01
