4.089862168718998992e-01
9.192217517998004794e-01
2.087736669022995373e-01
1.025818066674557993e+00
8.103112217048979993e-01
3.636311618254439715e-01
-2.001095424797879815e-02
8.143663501132843985e-01
1.065736672417288533e+00
3.637922996057094682e-01
1.161337821164927009e+00
8.817341997474145154e-01
8.781091835387393463e-01
3.671343944047441438e-02
4.160027039031179985e-01
9.377888090032403534e-01
3.438088002651339403e-01
2.553805974062441364e-01
3.161817390019934781e-01
2.426937777817742559e-01
-2.176552318207304257e-02
3.666448250189338967e-03
4.340474790451149256e-01
4.585044434581461159e-01
2.810496751025015616e-01
2.100579656914504101e-01
2.734085888964519206e-01
4.565886421510055582e-02
-8.670148257307155534e-03
6.015075771120101944e-01
1.531537144040951148e-01
3.470508857056283092e-01
2.085384838013800146e-01
3.000618531042232306e-01
6.416493404115122812e-02
-5.153299858481647649e-02
3.163509637592643586e-01
5.000636418222283996e-01
1.562402832106804529e-01
3.781157429773205347e-01
1.040396465897609479e-01
-6.312865347156601525e-02
4.773218821121802402e-02
4.966712677820758759e-01
3.398073389464191241e-01
1.916352164114172030e-01
4.335352220295970310e-02
3.795883704317479235e-01
1.298490614349904759e-01
2.324961242248846094e-01
2.605421690269982271e-01
6.992628753045941614e-02
1.740336575525128771e-01
1.205174999615107323e-01
8.518484779237615878e-02
-7.995454154163837701e-02
3.230170214773738641e-02
3.414992989714356053e-01
2.048827845291080196e-01
2.028810281285502726e-01
3.560838570531030811e-01
1.378542323201652209e-01
-1.488113745837160891e-02
-1.015830389312808030e-01
2.551951961516306100e-01
3.626992410382565146e-01
2.559374454720207970e-01
6.032339179105846577e-02
9.628663048218896736e-02
7.025210298407803811e-02
1.060911548875312221e-01
5.250502678239513665e-01
1.334716472736676485e+00
2.931859517816886584e-01
3.415238488269033146e-02
4.112157115169576271e-01
3.079847920321008292e-01
2.134381716410407581e-01
1.560249610940512011e-01
2.310271813944926242e-02
3.102426458523006025e-01
5.556680165419658479e-01
4.888277394113339502e-01
6.162515014283433956e-01
4.348410418059563409e-01
5.395289545873012127e-01
1.324673276944212941e-01
1.002369390801668841e-01
1.575435855653840866e-01
4.610491341872053339e-01
3.844188539100641400e-01
4.777521818521400232e-01
2.333676455495760083e-01
2.251640273767949452e-01
2.768152501091061812e-01
-3.349126645905753158e-04
5.569124564287900037e-02
1.073334512886936661e-02
-1.298382400568426354e-01
-4.715180317860438036e-02
1.081720299794931561e+00
3.596214852592339306e-01
6.392385255068910865e-01
5.899533954801958191e-02
1.942012100327692239e-02
8.719523980302829047e-02
3.019723882913110183e-02
9.694559605908036060e-02
1.647177765465727972e-02
2.104365814305572402e-01
6.706226567871421962e-02
1.187444277642009521e-01
4.083808121156720650e-02
3.221178283011973398e-01
2.288469449755660690e-01
2.701210331361622585e-01
3.945715215421449762e-02
1.120737775983958184e-01
2.203806503497183003e-02
2.211597270351482736e-01
2.476952631734337038e-02
2.917585718456581212e-01
6.281094786725401058e-02
1.430523092231616444e-01
2.157123894312029666e-01
2.499226632473127568e-02
1.544687119997846352e-02
1.475319329466893148e-01
2.099562448971405496e-02
2.550312113049922891e-01
2.323542080675747024e-01
-1.081651281865304431e-01
3.155137939758516641e-01
2.520026096267102278e-01
2.369966862052856893e-01
2.261214399288982713e-01
2.135996576331966046e-01
3.160451215032905048e-01
4.287461367523586614e-02
2.697742230283457499e-01
5.662843509878062731e-01
-5.083605367051584160e-03
3.925811723914037765e-01
-4.799936259523185367e-03
2.601044506506303144e-01
4.869667085274099194e-01
4.098886614993380584e-01
9.452590767581084408e-02
3.807276185294774518e-01
3.455967273923416516e-01
2.345229056353356489e-01
2.322543747748050391e-01
2.411741296733629358e-01
1.038501228756824428e-02
2.218341300739262167e-01
2.053864418834516481e-01
1.916162195519756084e-01
1.844599795586520929e-01
1.084783291942503225e-01
1.449275053114656986e-01
4.844976666298123416e-03
3.727676234938369082e-01
1.853935618458849299e-01
9.217819189943105007e-02
2.188486134479942502e-01
1.999830335471733112e-01
2.412641852522651176e-01
1.011328305414293249e-01
7.782672310769457591e-02
4.149816128202143406e-01
2.970664557193466448e-01
3.802502954578468319e-01
1.488887346861405836e-01
1.879013486180576009e-01
-1.229696235237022527e-03
2.604042388266544425e-02
3.427860209533989400e-01
1.930791019475744663e-01
2.311270664891908189e-01
3.091392447882837687e-03
9.472182125950071030e-02
5.022196492911434884e-01
1.046144875605611535e+00
7.847137593196422678e-01
3.524587359873232462e-01
2.814642369487038720e-01
2.104018076070820475e-01
1.083936848577155554e-01
3.668387440852019510e-01
2.420144184209462382e-02
4.161566821930903215e-01
1.904407021184383597e-01
1.489517914227823370e-01
1.840330474375974634e-01
8.636063939848953597e-02
5.570401235704954823e-01
7.795344089295599410e-01
3.062215792753132382e-01
7.268253636676699214e-01
9.033772569893543103e-02
3.577152371967594613e-01
8.231118616807238386e-02
-1.249987768645233338e-01
4.663028331023562623e-01
5.088700552990217674e-02
2.813503595850406769e-01
1.507828366259379993e-01
1.634058050138946505e-01
9.090388105129525165e-02
-1.604162046915314638e-02
2.186259370258025747e-01
4.175153247862551376e-01
2.690525163641999118e-01
-1.338418309937284556e-01
7.304596823181485066e-01
1.868620566002413275e-01
-2.200820657682051318e-01
5.405282525917360914e-01
6.503894802395245867e-01
2.734577024358585962e-01
2.405760021031710105e-01
1.664577806282528105e-01
2.088809462980063814e-01
4.573054549547409670e-02
1.948254136609720855e-01
2.516101104999989846e-01
7.050073097101772213e-02
3.131489129155651807e-01
1.638122223331781868e-01
2.356782561858396519e-01
8.596343770727857825e-01
5.418829197713083412e-02
2.513986600838467589e-01
4.091702451858221790e-01
1.009641020117910237e+00
8.823347915251115170e-01
1.480852163316535020e-01
8.001357659701804903e-02
1.045039717292675502e-01
3.125852476341834385e-01
2.894292134011077211e-01
1.929311306740487120e-01
1.560117406738522616e-01
2.070376393687613226e-01
1.720444660412100424e-01
-3.775127966954996972e-02
5.545678011764123561e-01
4.868100491801680141e-01
5.456055470273332153e-01
3.417555616370445137e-01
4.443519289943576589e-01
1.877735968661111698e-01
2.276209606001829422e-01
6.985649739249573109e-01
4.695515632617207058e-01
2.433928732960359831e-01
4.146013489129762308e-01
2.328736071293381615e-01
3.797426170311643534e-01
2.759042003592485082e-01
4.728422269885103613e-01
9.049014465290929898e-01
9.987172888871027610e-01
8.699688420688602708e-01
8.057074210710466478e-01
1.901249336479104990e-01
4.310978698719665769e-01
1.144121267976688117e+00
1.524816610975076037e-01
-2.351708217576793311e-02
7.475069802085887449e-01
5.679118774571186856e-01
7.734575662214342173e-02
5.131340024802724109e-01
3.291191638982818857e-01
8.496944366600424070e-01
7.040282014989304171e-01
3.659906977906925429e-01
1.150992452574678415e-01
6.947314420112697952e-01
3.094084112555119948e-01
7.248635743888477423e-01
1.707331456714896167e-01
9.726421922956565158e-01
4.334399926477875420e-01
-5.690335610439468672e-01
1.012516156540540946e+00
9.827101918297775907e-01
5.468267005164308969e-01
8.094132109635938932e-02
8.053061222290701648e-01
9.659146775085711845e-01
6.446995366442545006e-01
5.211908058531702359e-01
8.505275661173863355e-01
9.530002266308351677e-02
2.014534211240316952e-01
4.581313454822257270e-01
1.611317255577871532e-01
3.879515219524257152e-01
-7.948107945482353609e-02
4.493151677111127396e-01
1.221441665776532348e+00
6.755742404808704471e-01
5.158264764604452157e-01
8.369734199226840365e-01
5.827480103361537545e-01
5.864498284778094095e-02
4.171339928848460388e-01
1.185520192604260004e+00
4.876305865243668602e-01
2.792077162758003217e-01
2.524526610573630814e-01
5.174744396882445807e-01
1.753732473227983812e-01
1.525511929871727346e-01
-1.272863781201937286e-03
9.303682744367798296e-01
2.911258704658399865e-01
1.458771194169391494e-01
2.266184121590356093e-01
-6.908512424202471747e-02
8.689058953543069563e-01
5.371657570121125547e-01
2.060167870704713577e-01
1.087861015413817134e-01
6.651605566770600886e-01
7.939865887147801171e-01
3.379244254700841110e-01
1.877305197466449804e-01
1.681616044354928841e-01
6.767973231237309761e-01
8.424081780651347939e-01
9.936745829891989734e-01
7.132995262845118756e-01
1.205746462682277254e-01
1.821595363548045299e-02
1.919482264466847721e-01
3.012227916273763628e-01
4.436572121576419225e-01
8.883878156612169674e-02
1.122082605088758900e-01
-8.449428270015181541e-02
3.403185310656277052e-01
6.169723628853328590e-01
-1.519024031000733473e-02
1.211877385110924216e-01
2.132679539773454647e-01
7.187651707019436509e-02
2.024563367597650709e-01
3.830774367098709332e-01
2.699606729491197399e-01
1.205564711241971787e-01
3.131663187134340331e-01
3.754060062488658867e-01
3.570592739051527964e-01
2.059581344289763971e-01
4.107339968317192530e-02
1.827047346299152664e-01
4.799652390990229445e-01
6.910975751465578409e-02
3.704244803037538558e-01
2.109280684391962035e-01
3.886110789713224101e-01
1.195728265482716574e-01
