9.708951822609591664e-01
1.325800125742285784e+00
1.304625496746935065e+00
8.278545938831439743e-01
1.050249344516211769e+00
9.785185308899349010e-01
9.372152243021500961e-01
1.184639813472771752e-01
7.797034956744642864e-01
1.050055431141421192e+00
3.721857419934642142e-01
5.878922813638081113e-01
2.934954573437120739e-01
7.164758304740832529e-01
1.388733435272457850e-01
1.044138754014092951e+00
1.093554771243690160e+00
1.237775865682840815e+00
1.184811789045553621e+00
1.456165818328472028e+00
1.349964647138576668e+00
1.286323570578157938e+00
1.517036574109300373e+00
1.411915454008889625e+00
1.223816776727685962e+00
1.190755588994069747e+00
1.262839003277746786e+00
1.103952182636228407e+00
9.406353329479991698e-01
5.975813448109652537e-01
9.803323617645750554e-01
8.430456691104925016e-01
1.057531576575260424e+00
1.024493400180597202e+00
1.215857158698432805e+00
1.083266462433041921e+00
1.390407715066779293e+00
1.179002919765216539e+00
1.073161706401275284e+00
8.669125449390506777e-01
8.812346394796294335e-01
8.465407495134283922e-01
1.008431337520871551e+00
1.080473189164077308e+00
1.197525446009987560e+00
1.075658705454934694e+00
1.087827980424303398e+00
8.376678772750992819e-01
7.865014156359358966e-01
9.648244144677152745e-01
5.888796182946708369e-01
5.948711072518904075e-01
1.086123889908958251e+00
1.059739404562334064e+00
9.319521440760014652e-01
8.769739559715107324e-01
9.842480330179266268e-01
1.127205251271494069e+00
1.117057834763553581e+00
1.182260696800307320e+00
1.083925233045750058e+00
1.040386489296826866e+00
9.827328488515594263e-01
1.099760596619157704e+00
1.324039910651917840e+00
9.992374360118055909e-01
1.243178562630393946e+00
1.186056270189108641e+00
1.081636778886131633e+00
9.537419430336581128e-01
9.218820970066609055e-01
8.200812220230264682e-01
8.369056836699051427e-01
1.037027434629627098e+00
9.725679223014707109e-01
8.803975103610649500e-01
9.387527714464521944e-01
9.438497344134605394e-01
1.043739947968449933e+00
9.680450786527601270e-01
7.782653199292722812e-01
7.222649089270813949e-01
6.738085497089548737e-01
2.319683070566622984e-01
7.851373564671435545e-01
8.815429270667476391e-01
1.029355996039665211e+00
1.016943712701019020e+00
8.731821465101077262e-01
9.065141715714175596e-01
8.561546489197975340e-01
8.978919911847562663e-01
1.083570262760911618e+00
1.123471414586904249e+00
1.146219485028306284e+00
1.107244989465360652e+00
1.045679670041025577e+00
1.041881618645051688e+00
9.445911156639156259e-01
3.739889401319282936e-01
5.834137660490887334e-02
8.807228736663065272e-01
8.885979243104642489e-01
1.019733484249259137e+00
9.660904180772340588e-01
9.933021286828090934e-01
1.113663174108332932e+00
9.866632343437046204e-01
9.066233263630296690e-01
9.515525810845599786e-01
8.856198451766039703e-01
7.116861700854928419e-01
6.730675853124997721e-01
9.264948617945356624e-01
8.833828772820234709e-01
9.717319228968031020e-01
1.018208117548050406e+00
9.731444183708881646e-01
9.026623730659915079e-01
7.764034055021584724e-01
8.476355228520482399e-01
9.455721057743611269e-01
9.742430145855629497e-01
8.355273469551981469e-01
8.214087653510906417e-01
7.564284482700821544e-01
6.440710565127677478e-01
8.558975336338966455e-01
8.127278000071518349e-01
7.287963973163805731e-01
8.622501328863544368e-01
7.772322743214831187e-01
4.592180299208026284e-01
3.820933957936968883e-01
8.204572863853973885e-01
5.630973382158097618e-01
2.326571521134306320e-01
7.091128100970129911e-01
7.379598852991443581e-01
2.796155369435249227e-01
1.024036405415502671e-01
7.238999157179618615e-01
4.377864677615305178e-01
7.366687676470357049e-01
3.943750154870098723e-01
3.506592742419819553e-01
3.273331640426113687e-01
2.145180942027281046e-01
2.236833184649066053e-01
6.769098035602703067e-01
4.230059830904949747e-01
4.203663029800253081e-01
5.786638883243530040e-01
3.509493246329609684e-01
3.374263992596789885e-01
7.329602644485497809e-01
7.241521704214727295e-01
8.082343671782972194e-01
7.203505380783321588e-01
7.335504161986088345e-01
4.028455732803584710e-01
2.013684584282839363e-01
7.254413775514759744e-01
7.292283409467462674e-01
8.840801037552901143e-01
9.887242042390875785e-01
1.062351096734342804e+00
7.759905832974826057e-01
6.415154751672873523e-01
9.396496305720913877e-01
1.045328269298918755e+00
1.045563038794798061e+00
1.079699359007841641e+00
9.471915481880757159e-01
4.739798010327476718e-01
3.836581600836226902e-01
7.766215025013570861e-01
7.672779906486254520e-01
9.194512272952837240e-01
9.592623695738504708e-01
8.901622106884518049e-01
3.601984416261395650e-01
-2.319286197278926098e-02
1.918148612926702801e-01
4.929055542972784476e-01
6.369493294287141838e-01
7.646168551521141943e-01
8.175000118535585836e-01
5.809679079015224179e-01
6.657565843949893036e-01
8.051771186326410756e-01
7.062630403990207695e-01
5.183582678887819206e-01
6.663030363117787847e-01
7.490116673543625314e-01
1.122934087155205013e-01
-2.799718640536418279e-01
2.039020474163603658e-01
3.555708466595471906e-01
6.755070786179160347e-01
4.664666849171605900e-01
7.289746261365507296e-01
5.251595839964737777e-01
1.244755808152704368e-01
5.190418468195162616e-01
4.610062724913839283e-01
6.176528633444489103e-01
7.599901913212560034e-01
7.720170952878868675e-01
5.360346256555919009e-01
2.044136826474615420e-01
4.735675664248776284e-01
6.294471726265529199e-01
5.066873311935076174e-01
2.222462725046731591e-01
5.161212059267029639e-01
6.732923512532155152e-01
4.060790565758123360e-01
1.110453822653749284e-01
-5.139355399438510358e-02
-3.652375733810905075e-03
3.374359162683041591e-01
6.232521293074189117e-01
4.465521148558340148e-01
3.488317334135480063e-01
7.277633064530139029e-01
6.814617600788558383e-01
8.077059149177056030e-01
8.153225491226189225e-01
7.213268744330720850e-01
2.346547825930328512e-01
4.997926715274454423e-01
7.820548278778498563e-01
7.828863489479347404e-01
8.477436201282914086e-01
8.456661404142413740e-01
7.863533213926390264e-01
7.316758273320524975e-01
7.607028020184439798e-01
7.750572804463381482e-01
8.064293047504303980e-01
8.431748311277625918e-01
8.261176834379554412e-01
8.044800829176579349e-01
7.199332206438309179e-01
4.410368825262128700e-01
8.009114200032921849e-01
8.073978273743067646e-01
7.700836331740406049e-01
7.167535560076297996e-01
7.267061710193284396e-01
4.811802290928678949e-01
4.429806899869844217e-01
7.348849333338289824e-01
7.495924778399652988e-01
7.282094723575105455e-01
7.126831021838654356e-01
6.825628941321145726e-01
5.675784224358060293e-01
4.253228931210782382e-01
9.742956583153336569e-02
-1.017211656359660703e-02
-3.996547706740481709e-02
1.302526171837587940e-02
2.020604330680551564e-01
2.807715628106206562e-01
1.785925318898561598e-01
-4.062519873607564440e-03
2.998649774543341584e-01
4.886532919414472431e-01
2.000279001602841833e-01
3.849175246194321831e-01
5.334189644447252104e-03
2.649055340097264399e-01
4.711300662116493787e-01
1.237308733159829810e-01
1.283977655955331233e-02
2.034098956201068481e-02
7.398532871670088218e-02
3.684686502448369233e-02
3.922530503272174673e-01
5.670102795357589986e-01
4.235009201280884317e-01
2.423156181714437515e-02
1.976156956569442846e-01
3.127641238173944904e-01
1.420552317349200316e-02
1.639406810408303439e-01
4.904815144320922582e-01
5.265760132217582878e-01
5.022214369764141928e-01
2.503719967845405292e-01
3.307985132310983789e-01
3.829072777209232004e-01
3.170169369288010630e-01
7.649740101141511150e-01
6.054490857907642853e-01
5.846141593872854481e-01
6.532254429161685749e-01
8.390787073586860600e-01
6.471565528865751427e-01
3.067571338120981816e-01
1.718965319825553617e-01
7.432541080731218663e-01
6.246936874417080565e-01
3.379795903555993242e-01
1.929177569002352710e-01
3.148396762482215672e-01
3.876925335120081639e-01
4.956009536251955727e-01
7.896435368447707326e-01
7.087982996908090971e-01
7.667721694015088296e-01
6.172475357169269206e-01
8.795223835708549931e-01
8.613356408756134286e-01
8.293071596892160890e-01
5.906387240917356785e-01
9.129995796742954584e-01
8.773131743764237545e-01
1.047544370361940036e+00
8.792788426950201019e-01
4.329059327437085880e-01
7.315353197427698628e-01
1.061385455343606621e+00
8.551668726773915541e-01
3.942992944229637975e-01
5.075944593207981637e-01
8.320312735821583372e-01
1.068792504256407039e+00
1.000486186175898684e+00
8.361437054009579484e-01
9.835143321632849878e-01
1.087442844773733652e+00
1.062700309199673399e+00
1.047648134735275294e+00
1.000447036596680661e+00
9.805335338381133692e-01
9.784803371602803779e-01
1.047029952305594147e+00
9.951943262554254765e-01
8.922562181976347873e-01
7.782690579819306897e-01
5.665351462105432390e-01
5.317520140150220342e-01
9.334234382538565411e-01
8.434108947209744134e-01
8.517285432257075684e-01
8.338513465942765102e-01
5.924068208536987790e-01
3.581591712110381853e-01
5.786167188264750294e-01
5.590240149215954801e-01
4.536476214040400246e-01
4.476647788713434828e-01
8.593014968352497007e-02
2.358197788529584060e-01
4.373615501552355345e-01
3.308386900305581024e-01
4.758381845640900498e-01
6.265664939246601284e-01
4.807077381338491495e-01
4.863469798780683528e-01
6.169595814067156958e-01
5.095309868008975895e-01
