1.034925429545701936e-01
1.434445285429705175e-01
1.828905264552319887e-01
3.281813700652002619e-01
5.760325398029108035e-01
3.033703050758833064e-01
0.000000000000000000e+00
9.630447264564844234e-01
5.439541420905288360e-01
2.837342021334433584e-01
6.773157282164439241e-01
2.597844506935066966e-01
6.110598466179731902e-01
1.223284259622001435e-01
8.330757961605143036e-01
2.901590907856907986e-01
2.357012704155699578e-01
-2.346704666115529168e-08
2.214905488799402689e-01
-7.185723347561165375e-02
-2.768556687265628073e-09
2.417288852644698671e-01
3.871044557899419591e-01
4.263042987067049983e-01
-6.400916304402106370e-03
-4.140716860628111553e-09
3.052209553983456582e-08
-1.116799036762028349e-09
1.219346569617164429e-09
2.801521931164862034e-01
-2.989141088438715399e-03
-1.984098486625121855e-08
2.443337473173243513e-01
-8.791535132212400377e-03
-5.283288327895856905e-10
-9.706896021834235066e-08
-2.856493209939856894e-09
-6.709917348658120302e-08
0.000000000000000000e+00
-2.474379685766993745e-09
-1.219764308999493268e-08
-4.808616796193579208e-09
-1.803705242621582669e-08
-3.690833442287044103e-02
-3.676174167600741849e-09
1.569832098956996935e-01
-1.054999031552571271e-09
-2.068964767796354493e-02
-5.903798361580293361e-09
1.734036041560241389e-08
1.077608454163216945e-08
5.377566112149960720e-01
-3.884817320858094392e-02
-1.776142125162203382e-08
1.052685997623954522e-08
-4.391693586872159643e-10
7.965645151853529645e-08
6.913136500145044978e-10
-3.922358358624598222e-09
-2.225514100367255541e-09
-4.414225099647222726e-10
4.709574161434291917e-10
-2.931679409581362166e-08
4.723460702760507629e-09
-5.718452431889418236e-02
9.739448770619109352e-02
9.313863432501180706e-02
1.559433215445374388e-02
6.206901203013380497e-02
-5.208815726985834925e-09
2.044879367612466303e-02
8.876452789146065171e-08
4.684509535864354610e-09
7.105334695946351198e-02
6.905041608687659457e-10
6.688787994598735388e-09
2.190648447992310397e-08
-2.106327030142952018e-08
-3.815035546145585654e-02
-2.552697525665380178e-10
5.140976838113775489e-08
-4.902178481840008088e-03
7.512776903774025759e-03
1.988873370917689232e-01
4.887071415795440910e-02
-1.765794449077759679e-08
-7.188673909913056284e-10
-4.852097317145085027e-03
6.718007170623294111e-02
7.812028822193535504e-02
2.713466967594349341e-08
2.478247674243745299e-02
8.644541043501990929e-02
5.404704444388573614e-02
-4.430520542340206579e-08
-1.056860988759424372e-09
-7.295067022364318254e-02
2.895722848786267055e-08
-1.269414464304950241e-08
1.269396355353935302e-01
1.023048848933783228e+00
5.637227429021956365e-02
5.928305006665415648e-03
-6.748979934484274616e-09
3.676682962952639681e-08
5.492139323878504195e-09
-3.533422548818039112e-10
1.255324917269771690e-01
1.106002548097075461e-01
-1.655474045455750803e-02
1.503355804221263937e-09
1.985035556409355528e-01
1.887154703239572462e-01
2.117788249977688164e-01
1.460533674319269496e-10
4.039136630159118792e-09
3.537580847965011162e-08
5.317058717263292711e-02
5.457542264979327318e-02
1.703318287006868603e-01
1.964548497461751364e-01
8.917912104034440846e-02
-3.520867306261564727e-03
2.609460753205445349e-01
7.632570536462357969e-09
3.039015681734794267e-08
1.200876261241944909e-01
2.349839801070289576e-09
-1.624813973423613702e-09
5.900447542296188841e-02
-1.609358372911457019e-08
3.156067205909271277e-08
7.173371995271058307e-09
8.059266586174045344e-01
6.734730042784584148e-09
6.904426821959211205e-10
5.352742677131037130e-01
-1.839399852463056657e-10
4.935804986729164234e-02
6.374000682357131575e-01
7.350201829237477114e-01
-4.320842753710653350e-02
2.717655715747662182e-01
-2.013091162057457639e-01
2.554072742512966694e-07
6.416950591764394307e-01
6.899073926646706045e-01
7.366312964612914405e-01
5.462868328573502463e-01
3.044993648456680371e-02
8.366482123048771405e-10
3.774573103357701243e-01
1.880407160757530671e-01
6.825307026379764386e-01
5.658084262073140858e-01
-2.770907918597997899e-02
1.903671420133938347e-09
7.760338305742896597e-09
7.451273319800887085e-02
4.377675754631174573e-09
1.656329095680665608e-01
7.430565943509420679e-01
1.431498129674584757e-02
1.839520780689176127e-01
4.347791616582934463e-08
-5.072781644755769423e-08
-1.729755017645396240e-08
4.205465517762497774e-01
6.987544795971739608e-01
4.153035488576066470e-02
3.152060287725576557e-09
1.734326061451839837e-08
2.120745196273917391e-08
6.868959598824227186e-02
9.520276368174116488e-01
9.958350148909702604e-01
5.294715847914741036e-02
5.339251227510600356e-02
-8.137205072681492926e-08
4.693270863054996762e-09
1.862085213294536893e-08
6.717502466793022764e-01
7.106672540688258044e-01
5.684188370956917424e-01
4.849168877706077074e-01
2.353798441402766561e-01
7.210888871125969990e-02
7.541064527477853163e-02
3.684014790294949937e-01
3.543313206414981931e-01
2.842103477527395568e-03
7.299286941180236545e-09
5.090878792255977281e-01
2.207981842908344025e-08
8.827887020519414588e-09
6.510321093395138314e-01
1.046711060779551339e+00
2.101360946543000541e-01
2.600892318090753941e-01
9.818564248956261194e-09
3.514175509130272324e-01
-1.912804682182183121e-09
4.309943371865692097e-01
6.054905260145900803e-01
2.156605925085188780e-01
1.745672693109611429e-01
9.139697184621133064e-02
1.702138418974071740e-10
-7.871263978371752781e-09
3.418647685564202288e-01
6.149302574754788031e-01
9.365602407037364185e-02
3.878453825429805258e-03
2.970288775841155027e-01
2.780056335399980205e-01
1.453330720087430139e-01
1.475185081627059874e-09
4.157493575911719863e-01
1.180656986128195279e-01
3.906918611693387111e-02
4.713728830839631900e-01
1.251967689696984187e-01
-1.197385684624147086e-11
4.584995255272580339e-01
5.579999724949860074e-01
-1.312904007677716653e-09
2.597009948185366632e-08
5.418592222982784301e-09
-1.076034894266344196e-08
8.051727459208045830e-10
3.082978124287484160e-07
2.853279352530734836e-01
-6.298542138026572146e-02
-2.453596721420400470e-11
-3.518892400788444959e-09
-1.101185423930531929e-08
-6.636379798314689614e-08
-1.173105446338611094e-08
-1.153156239737634168e-08
-1.788058654108909047e-08
-9.797518303067192091e-09
-6.468742322887068925e-09
-4.419011168899830414e-09
-3.129406723885846736e-08
-1.828555172573631868e-08
3.528587912542970328e-01
4.148227385180978111e-09
-3.276633065557430388e-09
-4.711627457731446717e-08
1.502929109179880227e-08
-1.292546007640591944e-07
1.883881623799447402e-01
4.407377570547337808e-01
-1.485581169478583592e-09
-3.910346780424655638e-08
-1.977550413484678022e-08
-9.432187152519458760e-09
-4.268346342122502729e-09
7.183617409504777784e-02
1.601070333824485548e-01
3.760184989553996271e-01
1.519451275014109223e-10
3.883183050507433426e-02
1.057085796670177713e-01
-6.681144733166556290e-09
5.256949836369401141e-09
5.421429597530509852e-07
2.018926267742656155e-01
1.565743599386422157e-09
-1.146509664037055123e-09
5.091043814009510324e-09
3.016937315431791959e-10
4.427844254367484522e-01
1.346667446381983324e-01
-6.035829678044520270e-09
-1.181316431162342647e-09
3.284357373537337025e-13
4.624588308871076525e-01
-1.780671181374219667e-12
2.177807771385056046e-01
3.360138460802212373e-02
-1.467500300454301987e-08
0.000000000000000000e+00
7.775274553402416346e-09
1.525292896815452215e-01
2.308247365355277965e-10
3.201071156027887165e-09
1.748845034688434278e-10
3.726583844270969087e-02
9.724564624718059607e-12
1.594454606951859731e-11
3.058963357750099864e-08
7.847792190440829656e-09
6.304014664723651062e-08
3.857528073564020311e-08
-3.595539217548018923e-10
-1.162211216833745724e-02
-3.041235006964116121e-03
-2.946570619826591186e-02
5.286354523145590195e-08
5.134408435444883803e-08
1.065848169129726408e-01
7.050159565669140704e-01
1.221957756248371191e-01
1.121624622328423473e-09
2.090785437457077511e-01
3.125978379873594615e-01
4.053611566076700118e-02
2.028995359596927894e-01
6.240242194406748766e-01
2.027543442204340453e-08
3.681774530481438904e-04
1.025496855273839297e-01
1.395213150485371811e-01
4.543898304813918889e-09
2.958421890253859815e-09
4.143595625128368432e-02
2.160844694258978460e-01
-3.203865510413492447e-08
2.060530247608192422e-01
4.471625530638607265e-02
-2.809060366213615711e-02
4.282774599780213576e-01
3.646112870032062747e-01
2.014486954134063756e-01
-1.537138522457447870e-07
1.253546389816108941e-01
2.103928065661820612e-01
9.492144773376905154e-02
8.482914748347629430e-02
8.154914400817891451e-09
5.142558332170358293e-01
9.377793934260061359e-01
1.064742844847639702e+00
8.594841636752326153e-01
1.665879202385452951e-01
9.030273272806813023e-02
1.635073237478826269e-01
3.034443344416096200e-01
2.953845177538212963e-01
1.905542546675670912e-01
1.024417849652279333e-01
-1.671703184881959619e-09
4.032493646556499558e-09
5.139814608702972798e-01
2.044423867593682040e-02
-5.722748647889035383e-09
1.091970968813918850e-07
1.070759519426944251e-01
-5.134289763156178171e-09
4.384151756244766267e-08
4.230006173190302421e-02
9.556964336848219888e-02
3.820431474241763841e-08
1.043310482839716023e-08
4.698296180349008644e-01
2.642208660594817614e-07
-5.479966105042547656e-09
6.990043471201498604e-02
9.320089087631473757e-02
1.739335147493774698e-09
-8.805144497623007896e-03
1.030960178675730254e-01
1.564679478280435812e-02
4.130846587797554658e-09
