8.419127794497826001e-01
8.310092368412960728e-02
1.092380586242030160e+00
4.831167776373105904e-01
2.961355942196827185e-01
1.155995798749879011e+00
1.044461095893792102e+00
2.064425246905179923e-01
1.405489821725045108e+00
7.013414526133668891e-01
5.725614906786306024e-01
5.795721710885602951e-01
3.029013042074789053e-01
1.053629039275769674e+00
1.317041931744235561e-01
1.843111058857103391e-09
2.052228270373074981e+00
4.335943450121972353e-01
4.037479413731498434e-01
7.642822965337026098e-01
6.206447834309432032e-01
6.539465258875847287e-01
6.316660918543048897e-02
8.427493587239396344e-01
1.296040237770853309e+00
4.205204514078848543e-01
1.182236686867581266e-02
1.287443938840535207e+00
1.014822945844823429e-08
1.338732703528200618e+00
1.122800812569485052e+00
2.581553022367726880e-01
2.170392962776088730e+00
3.011670121691211177e-01
4.270260384020523742e-02
3.327478925383785535e-01
1.014070084955680517e+00
1.292112526765395675e+00
5.852021894096551824e-01
9.056725958589439962e-01
9.315407063268617283e-02
2.686867616001170633e-01
2.091290646312761459e-01
4.461204920576813948e-01
1.452075309405007175e+00
8.576766897079602936e-01
5.047997710522444947e-01
8.443453584291630287e-01
8.109036659363562105e-01
1.010346883400927709e+00
6.436837321891483721e-02
1.068653902272613365e+00
7.745428328693494402e-01
1.188469434317526385e+00
2.119265493175299386e-01
5.118181998328793503e-01
6.964540829837743141e-01
7.030445048640993067e-01
1.046647526261527794e+00
1.491080034467815452e+00
8.559831049882339338e-01
6.895060993698043372e-01
2.575364745987997472e-01
6.182630722238309229e-01
1.076193185659620521e+00
7.486252981144790875e-01
2.715141530058638342e+00
1.743384522820671245e+00
1.593464760485383325e+00
1.318038163379718908e+00
1.689038182941151822e+00
1.738895030561915078e+00
1.165676211436481813e+00
6.415914583363475643e-01
2.464830757045312626e-01
1.331118409441359063e+00
2.824032647099163906e-01
9.591674769649268795e-01
1.153443440079293891e+00
1.407902177102137165e+00
4.726260100769962835e-01
1.124886294434313427e+00
8.721682648409484484e-01
8.972268585651576034e-01
1.524655294016360907e+00
9.465162297238762790e-01
9.049834500974111018e-01
3.837573671233735495e-01
3.292877946464476957e-01
4.779852108170262182e-01
6.443071430926775589e-01
6.989426956699497095e-01
3.262471705942247002e-01
2.656696298786381250e-01
2.244979224974666288e+00
6.001341451332354859e-01
1.305534086070653521e-01
2.100463884793757785e+00
8.434402720204415838e-01
2.138897379420225064e+00
7.960287466482647289e-01
7.355363091890091409e-01
8.506987294687464729e-01
2.580501231959547170e-01
2.203476585620899320e-01
1.115399630449777080e+00
1.649326586035195996e+00
1.477849023455648725e+00
4.044376666994220493e-01
4.341820303523785674e-01
1.999670283232620471e-01
7.456910993492189554e-01
1.350088019941694917e+00
1.461418840422190168e+00
5.091890214966959816e-01
2.768536560312552242e-01
2.095951982629462307e-01
3.909172578849612334e-01
1.100017491492301519e-01
2.763001886600129908e-01
5.841604685743606584e-01
2.269622434266442834e-01
2.399967501738151376e-01
1.630416381923950886e-01
5.026626557702476572e-02
5.827563395121035383e-02
7.617291344467294611e-02
1.137625084033522249e+00
4.252076910002014487e-01
1.158723896022547661e+00
1.702368331714722016e+00
1.130551983829442886e+00
1.600078668028554807e+00
1.706729527004278824e+00
1.598167831053333598e+00
4.051923308576670935e-01
3.628331711941166771e-01
3.768135232702276016e-01
3.323873780138925649e-01
1.161254176240994473e-01
2.008336680663148410e+00
8.056344777046532402e-01
2.076298507114845149e-01
1.173246454881394341e+00
3.885412942364694922e-01
1.486815873420217482e+00
9.335872488259496782e-01
1.501734758338851838e+00
5.453842764424032818e-01
1.313097989651870190e-01
2.408300111502692520e-01
2.491760060471263083e-01
3.926566949370812742e-01
1.671809782750594831e-01
5.497504169492201109e-01
3.109670744899041828e-01
1.939172980098946786e+00
4.141071861191996661e-01
9.008777243064358675e-02
1.231616398374604446e-02
7.427121513728306146e-02
1.501285363667237638e+00
1.797689632281810557e+00
1.022443528732843054e+00
7.123504836312446464e-01
5.938797165823634927e-01
1.053535194037340972e+00
8.994954769857491650e-01
2.017379289357520644e+00
1.743410223488236710e+00
1.422518905444175141e+00
1.705902860197934912e+00
1.704477807902598174e+00
1.078895404885073406e+00
8.340107919384748270e-01
9.557226491677925928e-01
1.979482070941633642e+00
1.044320187297161695e+00
1.462761595684785254e+00
7.536517958489336033e-01
1.170535494158212009e+00
2.205852998928865272e-01
2.261616933587366152e+00
2.301725946682207091e+00
1.897786719836243252e+00
9.889140152470129452e-01
1.667417850942772173e+00
2.344697021041952933e-01
2.294448711211796610e+00
5.343830532584196158e-01
3.222301504571065234e+00
1.059392956318537804e+00
1.481458325964341016e+00
1.760687369599803764e+00
8.998553575579194552e-01
1.640199060392961483e+00
3.108855112899048478e+00
3.010475483348226788e+00
2.700144942702193074e+00
1.396984887349635329e+00
2.195531885668303484e+00
1.319864449109822813e+00
1.181634142476502669e+00
1.338768167165573786e+00
3.043775525092478951e+00
1.429774205504201534e+00
2.270600506175052935e+00
1.157693196520267476e+00
8.369183723057711521e-01
3.498394020717104924e-01
1.230642032472948788e+00
1.656650269325717240e+00
9.091453838297892664e-01
2.232978880732360505e+00
2.478897440035507493e+00
1.172271656926618943e+00
7.802873568170408669e-01
1.891987359812393743e+00
2.878713140461724329e+00
1.594308826957880454e+00
1.450493148855890979e+00
1.106767002466796823e+00
1.545717350116666555e+00
1.112363789781842360e+00
1.761043789148981409e+00
2.862257391663117989e+00
5.560951936394923356e-01
1.170458534867056422e+00
5.678799363208196782e-01
-1.163468613431428884e-02
2.091625234694576285e-01
4.420216368214937019e-01
4.141554364779511666e+00
5.987611667058633236e-01
1.148227039284051232e+00
1.103720612403867207e+00
1.046386370952422373e+00
5.465622273276496967e-01
7.528545056791052792e-01
5.224853070582882175e+00
1.853672141941996809e+00
6.731944922090973282e-01
5.798048898330369072e-01
5.973206466032705553e-01
2.450924085202733416e+00
3.856174902615760569e+00
3.653176459664856157e+00
4.511034323858398309e+00
3.892316848182568290e+00
1.167281160001188756e+00
3.868230498095557857e-01
1.765645038695641711e+00
3.247750815010218561e-01
1.269381349388464919e+00
1.035848135803867587e+00
1.453710820031844930e+00
1.130805489999552549e+00
1.753346219417035501e+00
3.917537164821613516e+00
9.313751367100800982e-01
1.482797077606095915e+00
3.442392448210604528e+00
1.862703530254663509e+00
1.592394965581358068e+00
2.108290377931200776e+00
9.268615667536711511e-01
1.043972755470424923e-01
1.044240306509463645e+00
2.643306933104300871e+00
1.748141193284329820e+00
1.977501008166991925e+00
1.774299081630969610e+00
9.749222567373100334e-01
8.376987564987375956e-01
1.815037479945404097e+00
2.916482398854324476e+00
2.580893536255777665e+00
1.989329118834400001e+00
3.449292821366664707e+00
1.874953551489780379e+00
1.509345192431966742e+00
1.192312555937764307e+00
1.859136822068275352e+00
1.949614085784734385e+00
1.770099473643438115e+00
7.527123978485711353e-01
8.654497440972008793e-01
-1.353146128244372380e-10
1.407689665098526888e+00
1.328811944248622590e+00
6.411250222657333131e-01
7.573949603872666136e-01
8.049553542829672725e-01
4.562720458489865627e-01
4.353650349828618259e-07
3.606762983960804748e-09
6.968304407608313378e-01
9.350134443024744613e-01
1.432835237287819752e-01
3.209973233632465450e-01
1.732979305849570717e-01
1.624020425525316558e-01
1.092829149392689182e-08
6.304088647131188272e-02
2.444684600897753246e-01
1.053715611181885281e+00
6.029447240253212881e-01
1.002481706005005302e+00
4.315317371509574191e-08
9.819469349736232103e-03
1.376624967936181498e+00
2.584730521971853046e-01
8.807105723393404695e-01
4.219058713363727509e-01
8.523870345207369414e-01
2.066146462278687908e-07
2.058067235937361872e-08
8.970019660450241350e-01
5.909565670782384039e-01
1.025712510291739266e+00
1.462934558244631145e+00
6.577356903134015109e-01
7.615473703608777178e-01
1.467784189329124356e-01
1.263886015365571103e+00
1.329476392909820559e+00
6.990530344525607287e-01
1.391315915175208140e+00
1.214229894980977553e+00
3.721817085869683628e-01
1.663327963614433802e-01
2.192592017543314675e+00
1.761450323393039197e+00
1.263808060523297749e+00
1.092846702846002493e+00
5.661917608539721591e-01
2.499774792317392968e-01
5.843056862970413823e-01
1.834573523575488974e+00
1.066404818644627772e+00
1.242850039847024357e+00
1.103291189890481805e+00
9.723731172750371687e-01
3.986375918430091758e-01
6.084178149082042353e-01
1.939734391320358409e+00
2.191835956876880154e+00
1.969753304450694520e+00
1.363176812539208971e+00
1.743692399206253629e+00
1.210841386304747913e-01
1.154555411703758194e-01
1.254868169997757743e+00
1.117550722318442213e+00
2.491397431665302309e-01
4.928669166642286048e-01
4.096867853555590244e-01
8.810466994036117994e-01
1.117219781201896356e-01
5.633414311349853974e-09
1.355284366688804365e+00
7.662462730014831802e-01
4.126333306554378910e-01
1.849766034217938671e-01
6.787568887071173144e-05
