8.419166627444985007e-01
1.258165877780816067e-01
1.153102584795008267e+00
4.489286900422822524e-01
2.174049431987386816e-01
1.155999887806684390e+00
1.044464548880647659e+00
2.349969126886851667e-01
1.405493377180223602e+00
7.013449355820489117e-01
5.725648955717445032e-01
5.906949883060916839e-01
3.095665172474045823e-01
1.035557660027588867e+00
1.334567584852838218e-01
-2.217734546192769163e-01
2.052232086352787643e+00
4.335982294761906997e-01
4.140664541830035850e-01
8.911022140628656052e-01
6.279860427125848465e-01
6.485497120691980921e-01
6.317014859042278940e-02
8.427534603898690913e-01
1.205067861580696453e+00
3.577229069362540259e-01
-2.906150365901881139e-01
1.287447466143047503e+00
8.844881843612950600e-02
1.336192397976689872e+00
1.029330410767219206e+00
1.302712358529416192e-01
2.119004898494476929e+00
3.076832423767896230e-01
3.512077161002953307e-01
8.048970441559828437e-01
6.261017363072165498e-01
1.904203310781626746e+00
5.281600906680760099e-01
9.460716428070437001e-01
7.327388506955762049e-02
4.153622927313517232e-01
3.871106314667479009e-01
4.525541624445757471e-01
1.414600656282656743e+00
8.506933551346456124e-01
5.070983271932729686e-01
1.214457846426551191e+00
8.467469791508328569e-01
1.006606605189426906e+00
-1.661294625496446686e-01
9.952889240133760973e-01
8.474755388245628351e-01
1.257456676470875223e+00
3.476494420908005090e-01
5.518926622031545826e-01
9.662709916416892808e-01
1.004153899306916342e+00
1.604007606605905689e+00
1.366035351154605948e+00
8.415794202791641032e-01
6.060699970956391347e-01
2.998153247973681657e-01
4.847533856351531334e-01
1.076161409496603660e+00
1.258182585818024668e+00
3.252288229037424205e+00
1.712903269413059704e+00
1.702521138129200029e+00
1.502540998178372167e+00
1.356638185678046504e+00
1.729066715478251304e+00
1.219586540384313134e+00
5.863294484419553365e-01
4.326879845437853755e-01
1.331234391766175529e+00
3.721341593698768158e-01
1.312617432608136125e+00
1.065540009841573266e+00
1.820252812645087204e+00
8.102462236215486335e-01
1.020998161779565372e+00
8.411646385440109119e-01
1.005127718028701045e+00
1.524590491729534980e+00
9.464520384766804684e-01
1.295515403633557883e+00
4.907006922641438673e-01
3.491340863575258524e-01
4.967505750174118773e-01
7.527760504436354916e-01
7.219421379408147432e-01
5.022131636428366352e-01
4.000818821968529782e-01
2.170436820565316616e+00
7.002041108509918788e-01
5.431966374327919234e-02
2.223498382491045700e+00
8.433929584872087437e-01
2.183028447317584941e+00
1.005790337780283483e+00
9.581441710237871279e-01
9.453549983188843653e-01
4.134463637943645575e-01
2.291199657730187689e-01
1.115361433377722200e+00
1.649278489117964375e+00
1.470519890380483030e+00
4.494479525336173009e-01
3.684298331843320895e-01
2.220934842376086626e-01
9.003987355831987172e-01
1.350047784824253361e+00
1.404811138407498605e+00
4.544024426704296737e-01
3.496532274185751299e-01
2.919149599919867999e-01
4.913404706718476067e-01
3.476664402938982601e-01
3.383385186049348015e-01
5.274380432438315891e-01
3.862050364689309512e-01
4.376479295948472736e-01
4.431349624032405177e-01
3.932269809082969414e-02
2.532646311128965433e-01
1.894011644647445036e-01
1.137586636040495369e+00
4.784003202005530642e-01
1.298435261361703841e+00
1.688186447203135820e+00
1.398718523995861052e+00
1.672593181113462446e+00
1.745258258566978027e+00
1.598116524570992292e+00
5.636925360400404372e-01
5.819606172010632905e-01
5.947505651431918006e-01
4.999696498698644187e-01
6.692037345324143571e-02
2.008293908008847328e+00
7.710875299502256697e-01
2.333095250462502157e-01
1.204077320473780022e+00
4.637592159819207138e-01
1.486781073012294341e+00
9.943994225005065024e-01
1.497950311400108481e+00
5.453536578465127960e-01
4.044096897874307484e-01
3.420643412712463527e-01
2.880402700173639308e-01
4.551320279539964320e-01
3.844694641079739461e-01
5.618037713398353894e-01
3.257006535021126359e-01
1.939141546232975744e+00
3.662165039809769373e-01
6.370471393381951786e-02
1.504391140585442654e-01
2.817684921175664381e-01
1.473865883081552086e+00
1.795975129846939522e+00
1.046927778191000691e+00
8.221177096153745589e-01
9.168391528549720837e-01
1.141696584488248956e+00
1.330773135969356646e+00
2.017331413445049737e+00
1.743365556852565001e+00
1.459407736957921475e+00
1.877233849964732748e+00
1.813306737304212213e+00
1.335729815818970545e+00
9.513234730096228331e-01
9.556771494369780129e-01
1.979435080849713202e+00
1.042349959028733730e+00
1.378917069192796996e+00
7.588760912064590469e-01
1.173424590979296411e+00
3.103284330411320013e-01
2.261563448932538023e+00
2.301675876248465702e+00
2.017740716642006937e+00
1.028869624042749953e+00
1.657471228433157640e+00
3.610050268317142041e-01
2.555478160092852669e+00
5.343679843682898056e-01
3.222252237072371628e+00
1.097097908152576018e+00
1.603274048230446391e+00
1.810277418333940069e+00
9.497606305971518781e-01
1.681444167524801969e+00
3.108810067886932149e+00
3.010431859969364687e+00
2.758576202412887035e+00
1.494941396413367984e+00
2.509910997299294344e+00
1.449572242116839549e+00
1.291776907917440154e+00
1.338749354578568695e+00
3.043733301467607788e+00
1.655943095044833280e+00
2.321033215633534041e+00
1.422372766436077018e+00
8.426661674468420848e-01
5.975021687259194358e-01
1.042120419899843053e+00
1.656622360042572684e+00
7.917540236621224414e-01
2.225707194065511096e+00
2.710488384612793844e+00
1.278692599341604064e+00
1.062255261141369367e+00
1.870826962008412586e+00
2.878672780780722640e+00
1.618554118065238301e+00
1.540090489656363859e+00
1.211680935636360035e+00
1.633778561125060147e+00
1.112755252853168564e+00
1.761004641965782769e+00
2.862207084016562320e+00
3.670102923838347020e-01
1.102912946076228362e+00
5.824525736502980111e-01
-1.513447665532919317e-01
1.266483502396528460e-01
5.250648008864002847e-01
4.141516815868397039e+00
2.334741567546696484e-01
1.071208056923124596e+00
1.073360699892374814e+00
1.206974127681638809e+00
5.575820138099365497e-01
6.906272817214041959e-01
5.224822780696462665e+00
1.972399957253057723e+00
9.971573478167037319e-01
9.550077558861161942e-01
6.008838200413327835e-01
2.482710902913110917e+00
4.093484320912542884e+00
3.653130823507868996e+00
4.530483239649099936e+00
3.962463392301557086e+00
1.258816008662794639e+00
4.642571823268334397e-01
1.829207286109729935e+00
2.784209228898504307e-01
1.269351578334823705e+00
1.279122901193570083e+00
1.289468613419561427e+00
1.144590458151290679e+00
1.783792534570951327e+00
4.319301553734081978e+00
9.186614753000772460e-01
1.488750036911640207e+00
4.292084941393797592e+00
1.928287795118116099e+00
1.818574697447657540e+00
2.338594414211730754e+00
9.398782240539738098e-01
2.222566488917758140e-02
1.082033798337887820e+00
2.919328047345079113e+00
2.118369222521270245e+00
2.165564512014274801e+00
2.006002650584384206e+00
1.233824782339456361e+00
8.439678322446814152e-01
1.821188736871392821e+00
3.972882567529916642e+00
3.118142591589616153e+00
2.074958447724692068e+00
3.662841597282188388e+00
2.041957661380547684e+00
1.662388218286918518e+00
1.150997417535038814e+00
1.990071249826870670e+00
2.430753907437716244e+00
2.549499051112269932e+00
5.398091734128069863e-01
8.647758940705604358e-01
2.117163719835852276e-01
1.368093803865060964e+00
1.354309976266268700e+00
1.142385939211239432e+00
1.013206350432452219e+00
8.332091008060255044e-01
4.679632118966459697e-01
9.097659210885425396e-02
9.957852307581015194e-02
9.227691564371717226e-01
1.061307241306953086e+00
4.271600300824144325e-01
2.870207990703967926e-01
1.780865294874394433e-01
2.104013722075955550e-01
3.527322959917598144e-01
1.825514999960739793e-01
4.611177639359185787e-01
1.340569797533320617e+00
5.557985808183479870e-01
9.483892644579570153e-01
-3.183019483475889311e-02
2.045815037964374139e-01
1.350048185807965373e+00
5.610913694041994582e-01
9.755422872586821947e-01
6.448646012383554282e-01
1.030296712136681281e+00
5.886290990244581467e-01
1.474627659402238389e-01
6.506299418125790490e-01
5.533145837579152015e-01
1.023612681021385695e+00
1.462938898126695531e+00
5.283744495429930632e-01
8.554296962861728248e-01
4.556401120815830041e-01
1.263889327968119369e+00
1.329480245462588694e+00
6.878164651396105889e-01
1.376365617300182365e+00
1.214233861024011540e+00
4.147926313608388260e-01
4.583086638058019857e-01
2.192596315130876050e+00
1.761454737028317119e+00
1.336748703069742694e+00
1.092851340551336259e+00
5.038860186790731222e-01
4.635147210946946594e-01
5.972922100262714196e-01
1.909906412007410514e+00
1.053679124666372147e+00
1.242854468444012594e+00
1.106425467292573073e+00
9.723769974449218978e-01
6.006208812506078631e-01
5.889391518739200970e-01
1.945841791294698808e+00
2.144990264829604421e+00
1.969757693169876145e+00
1.370533110625808071e+00
1.694083629286518011e+00
1.457246440236303620e-01
5.254264108007543690e-04
1.254872750505120038e+00
1.116728195582169958e+00
2.506451457840846442e-01
4.928709579322437806e-01
4.096914320038300139e-01
8.291876738218818543e-01
1.232009573154281834e-01
2.653820098646522685e-01
1.355288614187299734e+00
7.330012532365760558e-01
4.185143962246943850e-01
2.103232995802047922e-01
2.578645966501195638e-02
