2.660682053494335952e-01
2.191025142924551972e-01
1.990447988299880455e-01
3.489372242303753757e-01
5.922774788189278938e-01
3.445235958323349390e-01
3.330656661068889801e-02
9.738462757726342733e-01
7.711419691792340547e-01
3.194285859107127701e-01
8.824223396621252435e-01
8.611266289751142722e-01
7.187969172556044617e-01
3.894846710683379509e-01
8.494729278408040818e-01
3.674694828869687346e-01
2.835343080067862509e-01
4.845454122347366693e-02
4.171803481714324580e-01
1.942703635793114614e-01
1.168147852807605580e-01
4.071116811405405822e-01
7.723213632581473753e-01
7.319272285850805249e-01
1.417950690740464592e-01
1.328497618387438663e-02
6.225992504751216572e-01
0.000000000000000000e+00
0.000000000000000000e+00
3.140668452063968275e-01
8.580327804227204369e-03
1.871566953558955748e-01
6.222537089658453091e-01
2.188738172050036859e-02
2.212808792335673180e-01
3.250771597397549006e-02
5.875738857073844468e-01
-8.078971261702857685e-09
0.000000000000000000e+00
3.206396487359491204e-02
9.340742402097326758e-02
7.208205736131353958e-02
6.784528394740426924e-09
-2.929508994669669061e-09
7.592101240403050788e-01
2.267512857458736097e-01
2.743476424547236503e-01
2.759979515514007786e-09
2.803628911287860404e-01
-5.294195029842883419e-09
3.890274572192192748e-01
5.987098807595683247e-01
-2.277185830413541406e-09
4.801373743000991543e-08
-9.806789755704943997e-11
2.367682815292507096e-08
7.656003738910452383e-02
1.662507558890210513e-01
2.738131498203474962e-09
1.814784530514769734e-01
2.222837007148110239e-09
3.541725009065731585e-09
9.921631166649499522e-04
2.813580011613444065e-01
5.006503328534533948e-01
1.616575670214333849e-01
2.872402034323435771e-01
1.287287312955469609e-01
1.077543921657666548e-01
4.788934643320038459e-02
5.767661684926676802e-02
1.169844859629937950e-01
9.414093991245228721e-02
1.056166964509283324e-01
9.378271126616243014e-02
4.808714372590305874e-02
1.470890409775259602e-03
4.216965300869523490e-09
9.841752365096418861e-03
0.000000000000000000e+00
3.015671353234951682e-02
2.868707544695512923e-01
1.573339851818293389e-01
4.733853586434551008e-01
8.551577168597111755e-02
1.249606087692998330e-01
5.556783187458931295e-01
3.539776264366605862e-01
1.843695931294660473e-01
2.235270238900582129e-01
4.713891810829985005e-11
3.622123079101326887e-02
5.722192813400963640e-01
2.493527119884775267e-01
1.532922453615536140e-01
0.000000000000000000e+00
1.714306904659341352e-02
-7.037885767328497332e-09
2.869795393418190788e-01
5.944138348135422634e-01
1.054566564835991649e+00
9.095973206823018686e-02
8.840527970109934852e-02
4.935087894653706623e-09
3.115172506081111820e-02
4.368866816177465885e-08
2.715196586475019380e-01
1.423328058347159419e-01
1.562289138761179808e-01
5.208901747361487089e-03
1.717355298880651471e-01
4.216506805321296181e-01
5.820510721390731446e-01
2.416938934377655113e-01
9.659136473773632936e-02
-1.340656748679471994e-08
3.171138248586845010e-01
1.616389482508589492e-01
1.305892543572960418e-01
4.268839152533162040e-01
2.094911128247151644e-01
3.068155202212798360e-01
1.808124304105584723e-01
3.626691163763832715e-01
3.046836088928270292e-02
1.750507724386418662e-01
3.527080535594258048e-01
9.131343125931756788e-02
7.856069512503698060e-02
1.018136321013894674e-01
-3.464841402998661896e-09
5.775722621920958803e-03
6.775519306943800224e-01
8.059266954706290065e-01
7.736543689834183071e-03
3.157400867701114500e-01
8.619264642113553254e-01
2.794913054226998428e-01
2.238868490972954761e-01
7.063231960238784968e-01
7.514999818178003110e-01
8.617617974947347839e-03
5.132171093540145446e-01
2.072929489906039091e-02
5.049838273569382530e-01
6.530450422202799254e-01
7.077911321628193031e-01
7.716805782607629727e-01
5.876067197814478504e-01
2.198687423326889101e-01
5.662123929249256449e-01
4.131457221708812466e-01
2.846944872974850327e-01
6.871192580568183939e-01
6.376499987383736912e-01
1.178221876438486221e-01
1.298300131489038001e-01
1.204355697866855840e-01
1.231305839943908631e-01
4.264020252756240553e-02
5.768359340645959898e-01
7.765505494327410441e-01
4.365846032781167674e-02
3.510489354865544698e-01
1.474676848671366836e-01
7.445786160856276981e-02
4.981712324779546350e-08
4.660119402307192349e-01
7.018087440452895898e-01
1.221865392822542584e-01
3.450045917802820328e-01
3.119005018306483246e-01
1.349063169013165267e-02
1.487123793360435597e-01
1.003852379741239975e+00
1.018604830056996091e+00
2.081763099766568426e-01
7.749518714625242000e-02
6.398301804543984721e-03
3.324303627344632305e-08
1.718962079573181992e-02
6.998662073563920449e-01
7.549859282958680806e-01
1.073586490518267711e+00
6.633685923786220018e-01
2.939731694650672411e-01
1.066984861260566464e-01
1.136434811613974694e-01
3.766977791217488991e-01
3.826856001418005304e-01
6.573162723029253585e-02
2.298645394213377213e-01
5.090878261035625130e-01
1.225067110582655078e-01
-9.488402251092520636e-09
6.940707453572992902e-01
1.190766433748828845e+00
3.927917237209833101e-01
3.731749943154553106e-01
-1.158641020959862241e-08
4.161214546235995071e-01
2.764472016264165818e-02
4.978668416894411752e-01
6.496667836453262623e-01
2.510576324810007143e-01
3.855635078049915454e-01
1.260598218274065208e-01
1.408175316937806780e-02
-1.022271748694745479e-08
3.657929191053088669e-01
6.180456288345445026e-01
2.577459495920567112e-01
6.514300035388394250e-02
3.379655002874254466e-01
8.033562547147399258e-01
1.921273423189467644e-01
1.039505246261270346e-02
4.758655635140222051e-01
5.827816788650652668e-01
1.513456140352053836e-01
4.827151064530011970e-01
3.268385623764379355e-01
1.309472090905787200e-01
4.823154203726311984e-01
6.519076928636569068e-01
4.087637680735001222e-03
3.544412349484474256e-01
5.290458369125726265e-09
2.433144399239797910e-08
-4.497157111218981283e-09
6.913657134557843476e-01
4.364201128385959416e-01
-3.266947615216388296e-08
2.246202448589857971e-09
5.372051140369823337e-09
-5.866953351464045705e-09
3.409610075152173098e-02
6.964940882551583223e-02
2.818312455035309773e-08
1.490726492787579058e-08
5.321379091218366609e-08
1.586237746225862352e-08
-1.358722703599989691e-08
-6.082126495182515092e-09
2.689840578836505403e-02
4.828510133918312852e-01
8.924374130539375338e-02
1.000264023773498462e-02
7.825075209413723254e-02
-1.228314586463482934e-08
1.082810416543008523e-08
4.742486010922287720e-01
4.586377210573796548e-01
5.825808983130154186e-09
-3.012135515636367705e-09
5.208934240454423867e-03
1.371287218978706475e-08
0.000000000000000000e+00
7.478097843772121833e-02
3.677191279907401911e-01
4.958476497247673032e-01
9.789848644292731272e-02
1.256797378822426536e-01
3.591538966908875419e-01
3.007574829304441866e-01
6.002705473363028482e-02
5.113714986040581723e-01
2.188336070935288369e-01
1.891383119821328784e-01
5.285633450401058114e-02
5.330172715917410597e-01
7.262675521785791344e-02
4.663772534289757909e-01
4.205003560447222455e-01
6.688466335954404168e-10
1.917147499428366042e-01
5.772831714347805010e-02
4.701306348154016268e-01
9.792302011881819090e-02
4.168268024074748834e-01
1.388227879801019748e-01
2.109692094087576020e-01
9.484042922943938803e-02
2.488284474618166486e-01
5.324732657994165619e-01
1.267484489763230360e-01
2.427613392197611741e-01
4.764074703419257095e-01
1.147786919068202044e-01
2.953972456520304046e-02
1.235008422425527275e-01
2.118269262356166638e-01
4.066276750273511986e-02
2.278967321035114124e-01
3.150278117264063704e-01
9.824709183699411597e-01
4.385894969036368968e-09
2.801849316037806088e-04
2.992314791544821093e-02
6.410761530604137670e-01
3.932589498942729578e-01
3.535075383846618680e-01
7.654510316068587894e-01
6.152696011496748829e-01
3.924524350742114587e-02
3.032543894126597528e-01
4.461510524043526549e-01
2.357295851992468327e-01
2.149266876991086095e-01
7.041299670256756515e-01
5.463023143436609441e-01
1.019945763678143519e-01
2.205417371194275944e-01
1.810742024361190750e-01
2.048232423411132097e-01
1.634660282319364000e-01
1.885507491822891735e-01
2.355926772379649259e-01
3.246751208175865377e-01
5.999498552868003376e-01
2.645168202381835698e-01
2.558043949259311903e-02
4.816236603089957269e-01
5.429613379317198563e-01
2.424002980730770029e-01
0.000000000000000000e+00
2.842968039959313797e-01
2.235707955395115354e-01
2.864670046796124470e-01
2.175086958497470524e-01
2.669130796745204925e-01
7.882311289089537487e-01
1.103520439089299865e+00
1.098534653747662349e+00
8.969573969094625232e-01
1.975499683344640045e-01
1.577825977824601766e-01
2.153301708261325664e-01
3.578627117086821685e-01
5.150423459786341862e-01
2.299065822731992392e-01
1.706533573552073968e-01
7.098030892254985139e-03
3.193375830364558743e-01
5.562612224270273575e-01
2.242546671697445426e-01
1.682484370787633576e-01
2.859325074574367020e-01
1.758180404778171835e-01
-1.825734234911364792e-08
1.981305820574151555e-01
6.642705249619994257e-02
1.323273036510374534e-01
2.242151799396586709e-01
1.878446429076025270e-01
4.709410099454055532e-01
5.544268648229686569e-01
9.682684434651978034e-02
2.728290386094631703e-01
9.794941728264403014e-02
7.556519915329500126e-02
2.642193433974667771e-01
1.575192202130183405e-01
4.596062982025041210e-02
1.376419892629417163e-01
