9.728262707669448339e-01
1.319989280535343257e+00
1.370020545194301942e+00
9.022116620206557247e-01
1.101304924490231762e+00
1.065115524462650010e+00
9.411424105495156400e-01
1.800211382661027482e-01
9.735501756642189752e-01
1.141940325029318304e+00
4.658662587212566986e-01
4.048015006964896245e-01
3.196175871540430924e-01
8.387508857667916873e-01
1.338880708429094069e-01
1.180257452111570959e+00
1.133689161312850358e+00
1.245186585835515780e+00
1.238074720180316612e+00
1.461421031306024299e+00
1.366877356267472310e+00
1.286515929657499946e+00
1.541425841226579996e+00
1.530419540216195085e+00
1.260468876467987442e+00
1.188707216623899443e+00
1.295788514669971248e+00
1.080291998677666676e+00
9.471693583862412780e-01
7.221430451585725274e-01
9.624424830180364765e-01
9.078468916922874943e-01
1.049795571817488504e+00
1.004061935171131958e+00
1.192778011086464085e+00
1.080582573845243699e+00
1.367047447515393532e+00
1.179676485035474176e+00
1.070541342769960380e+00
8.795274841020361833e-01
8.919914215112764166e-01
8.407193612779481073e-01
1.008431351947874033e+00
1.065231306060885119e+00
1.147542506293299791e+00
1.117598117233264521e+00
1.049699501468216001e+00
8.361888593581872087e-01
8.532945142730739008e-01
9.648244502980541926e-01
6.767787143325351140e-01
8.587496857061308608e-01
1.079177335288547201e+00
1.033680289550123810e+00
9.319524550573414778e-01
8.718103103923424690e-01
1.004705618489662777e+00
1.125154944688814940e+00
1.132746593467217178e+00
1.179168090374697719e+00
1.075442978418016837e+00
1.036721283396221160e+00
9.880341566912993478e-01
1.104068490944533076e+00
1.287678806174051171e+00
1.007645668460412036e+00
1.274446071716733631e+00
1.195866383500486796e+00
1.086062751889881106e+00
9.628725079142241849e-01
9.176697858355333803e-01
7.852537270866407626e-01
8.708539447571009839e-01
1.059252475381230019e+00
9.866470642751469233e-01
8.777395050313490099e-01
9.388794554321567842e-01
9.438497208555494122e-01
9.987156649570203548e-01
9.618636476256066103e-01
7.993270746962671813e-01
6.908259132603377095e-01
6.787594954631360755e-01
4.207915008276201241e-01
7.928732558334752323e-01
8.876347900386771794e-01
1.027166888783050958e+00
1.037867739521800559e+00
8.763398474754459100e-01
9.515848580895085451e-01
8.442073338717636100e-01
9.001502216140978563e-01
1.066212631542455380e+00
1.149843981852593400e+00
1.138340106982554278e+00
1.104200135201413691e+00
1.012102466824679636e+00
1.046501851180206444e+00
9.380940701263674741e-01
3.757496092622355510e-01
3.327599305690189802e-01
9.364207561834653193e-01
9.099885071995675867e-01
1.026453244784913510e+00
9.660901449942680408e-01
9.992182040397803444e-01
1.111542607674343541e+00
1.011914555447258612e+00
9.241570068546525185e-01
9.479088637062801359e-01
9.173865599923282099e-01
7.532104130534180708e-01
6.673417117660189746e-01
9.419981683738327671e-01
8.801526820831845344e-01
9.704877665647321239e-01
1.024284978377299815e+00
1.022315969709647776e+00
9.536018580554489477e-01
7.720762898672992591e-01
8.343278620497247555e-01
9.977328929827344872e-01
9.921232862646551798e-01
8.761210777652320703e-01
8.147029276797108643e-01
8.008891982676537014e-01
6.761908916059055086e-01
8.694759024200395814e-01
8.201864926769375508e-01
7.787631934566009440e-01
8.622501295086110185e-01
7.873234046801853570e-01
5.284729640531622419e-01
4.120036605040195976e-01
8.430254473166061135e-01
5.687606608121661411e-01
4.039435928537575826e-01
6.994190565239588597e-01
7.588430369571323997e-01
2.892188673959540379e-01
1.056255434582269309e-01
7.152219253483190764e-01
5.479075766265432135e-01
6.953489513140419520e-01
4.103841511869734116e-01
3.529714049488414385e-01
3.321523567855299564e-01
2.149361287216300653e-01
2.229418737917946147e-01
6.845413839870549966e-01
3.742687918208146836e-01
4.083789997473643019e-01
6.056300156500348253e-01
3.499285651279409604e-01
3.430755278803389596e-01
7.306363800830475430e-01
7.563710998840769140e-01
8.019654405549409004e-01
7.277399534989994478e-01
7.415521255456769545e-01
4.975440293285902649e-01
2.006669675167228883e-01
7.408960354361024958e-01
7.803949617102881042e-01
8.905315259250572435e-01
9.886696314062551894e-01
1.059094176630505091e+00
7.528192045296059343e-01
6.625842842298406143e-01
9.710688669594927935e-01
1.046655226778108183e+00
1.078962162528956714e+00
1.080989938645271042e+00
9.462103238172788755e-01
5.009754478507123521e-01
3.836582022938385683e-01
7.845743838802436976e-01
7.850056275187613508e-01
9.169192406710411358e-01
9.592623457904225770e-01
8.901126828488548082e-01
3.590971023264015183e-01
-2.129379929060320337e-02
2.723498858074447360e-01
5.243016253279080274e-01
6.363523520047663640e-01
7.712693032694635242e-01
8.262098763781182686e-01
6.351559443412213568e-01
6.968970384566769427e-01
8.339311601633686566e-01
7.102984973610794173e-01
5.483935026193527129e-01
6.902776673007672281e-01
7.466450588436037705e-01
1.029616382147898745e-01
-2.396552371627423961e-01
2.114659755550851450e-01
5.211241637427532769e-01
6.811159636473059775e-01
4.755767445328858423e-01
7.289750904583395252e-01
5.579597674744225522e-01
1.370559484733697708e-01
5.828115028900510142e-01
4.440325269552340970e-01
5.977129066810151770e-01
7.520444857318681064e-01
7.634303630608038072e-01
5.371042815470403742e-01
2.040525727186335569e-01
5.003818972309684865e-01
6.365589920847782857e-01
5.123618800457676592e-01
1.962962170044018628e-01
5.058958670381950018e-01
6.706965277974971107e-01
4.087957515915356388e-01
1.394771210270843165e-01
-5.731144414785397517e-02
2.619248537362474198e-03
3.428297881315777174e-01
6.390114585944869363e-01
4.505134337466260019e-01
3.447540162586434920e-01
7.465013458348259690e-01
6.481271011940825666e-01
8.062783907002618600e-01
7.999954615785703771e-01
7.213273385359105783e-01
2.464894602430653670e-01
5.150167622942729562e-01
7.504166852791970266e-01
7.828858110201660780e-01
8.477435244365814082e-01
8.551303672836654268e-01
7.870895244235157628e-01
7.257135271571767410e-01
7.679003730102740288e-01
7.750579972230611236e-01
8.064292519209548260e-01
8.431750271939011387e-01
8.344131321597472173e-01
8.044807571284371406e-01
7.203811997391217359e-01
4.824438941664805913e-01
8.009115898472951578e-01
8.073984457088670963e-01
7.686076402055903589e-01
7.174757056576184233e-01
7.257350780487037412e-01
4.850583517489291951e-01
5.310438674553830118e-01
7.282087418205688278e-01
7.495921248148066374e-01
7.183527321645556407e-01
7.126828110016144580e-01
6.825630892109846304e-01
6.381929420923713181e-01
4.103576609178476442e-01
1.109844044686878334e-01
-2.916269312587164292e-02
-2.664709628468968361e-02
1.104621605010486368e-01
2.137734292722272278e-01
2.807715000015164608e-01
2.599720819463599009e-01
2.094219116051863894e-02
3.006925925482749618e-01
4.875425521723688593e-01
1.647965843874086012e-01
3.849178610636767028e-01
1.745090981470300007e-02
2.708102494186167553e-01
4.828306607319999832e-01
1.078065059598392189e-01
1.669323296105280213e-02
4.587447868899738324e-02
7.334751210543589972e-02
3.061903749619292875e-02
4.341691029619942355e-01
5.452174241616246642e-01
4.234171385057813319e-01
2.239014171411972398e-02
1.376809665189574206e-01
3.246673973002406899e-01
8.595364501645880520e-04
8.946825065532293397e-02
5.053182125185847751e-01
5.270610273023383918e-01
4.953701024305730560e-01
2.058628944410428874e-01
3.298121442246989554e-01
3.935693380278726394e-01
3.079621324777872537e-01
8.988361360482425289e-01
6.305568864146418040e-01
5.898867589037283254e-01
6.532428525086014792e-01
8.553754122187824382e-01
6.264030569506593427e-01
2.504797361674456768e-01
1.707033967597771373e-01
7.576390291257446563e-01
6.219304881082589054e-01
3.384604971180087407e-01
1.514055319912011865e-01
3.071189930147103508e-01
3.899995141330643289e-01
4.904657625641022367e-01
8.159141890976124856e-01
7.126614443043962632e-01
8.076330753590637013e-01
6.576595847398942762e-01
8.748543975243032733e-01
8.592771069224336422e-01
8.333685185222459157e-01
6.147687814442786003e-01
8.531571273337821282e-01
8.961712614476214922e-01
1.012089879914667812e+00
8.864287375065773578e-01
4.223308293803100799e-01
7.447126451714580764e-01
1.052112452714186741e+00
8.796290470290294428e-01
4.546537455713157705e-01
5.642484935146829805e-01
8.394270270727446359e-01
1.070235660335411065e+00
9.953373119732539243e-01
8.215896265271998011e-01
1.021067286970907873e+00
1.100455620691419778e+00
1.092100436190949653e+00
1.046697691323264845e+00
1.012646479765318297e+00
1.002462881585928223e+00
9.925275639261100791e-01
1.045601064920407719e+00
9.791329636890166999e-01
9.210388563727895939e-01
7.975665423820361699e-01
4.556420444011465842e-01
5.356558204768223641e-01
9.468487542051029493e-01
8.281469053537667824e-01
8.713423923186514042e-01
8.100934179846410732e-01
5.913931263282636852e-01
3.658774740581978158e-01
5.718924549928390277e-01
5.737259348371706036e-01
4.603029194488538201e-01
3.249330436080928863e-01
7.826939164731192000e-02
5.711309979547805199e-02
4.101953065600794091e-01
4.032618235503091508e-01
4.838266114377560712e-01
6.101880011927034442e-01
3.179207168667969596e-01
4.652173393971932303e-01
6.311602018051634122e-01
4.825130855696428966e-01
