1.186929106822390556e-01
1.400725400499486240e-01
1.058028360286376313e-01
2.913552798211863082e-01
5.331691597095498114e-01
2.659285562799480404e-02
-1.138088769895243269e-01
9.722785634424648826e-01
6.083705503820480143e-01
1.397302170265539711e-01
8.259760848652092369e-01
6.657473440092280814e-01
6.546758832615752199e-01
2.543748896363012268e-01
8.037911539683476603e-01
3.115951989818744328e-01
1.848570874397837127e-01
3.083906043416416443e-02
2.448241696147644142e-01
-5.764676652263418799e-02
-1.321482388535079842e-02
2.765948303048558765e-01
7.065124147957514422e-01
4.839732300205160098e-01
-1.107675506347089028e-01
-1.831107422446285465e-02
5.961277670932393045e-03
-1.606812714029024203e-01
-2.928430304337195089e-01
2.272594062670814374e-01
-1.166013095838449865e-01
1.002506250066038940e-01
5.970738409768318045e-01
-1.288860532016068705e-01
8.137812116289418543e-03
-1.232316762287095774e-01
3.970912378158769074e-01
-8.501985300900870290e-02
-1.113747219198875371e-01
-8.043100335559746905e-02
-3.646878161056728296e-02
6.076901374802676919e-02
-9.869450868651732933e-02
-1.773345148172772723e-01
5.060100707753156790e-01
-1.159703901054977976e-01
1.693301486533347888e-01
1.201297795016523324e-09
2.155884816237629009e-01
-8.705887333476831913e-02
1.013695038129479170e-01
4.601084314329389469e-01
-1.303649805424554609e-01
-9.857234989451571505e-02
-1.140920245317924575e-01
-1.053335698794102687e-01
3.588295675774005877e-02
-1.106776026397859741e-01
-1.600177195405312058e-01
3.812374725959253099e-03
-1.808108265273860038e-01
-4.126724522329477257e-02
-3.151920139924410669e-02
2.096249637710557445e-01
1.950815824336582516e-01
-2.746003830074838364e-02
1.528630620470491919e-01
-5.233430607739830709e-02
7.224855783436757994e-02
2.338548956302785413e-03
1.130799802765585990e-02
9.708484063924752161e-02
2.013316458400748327e-02
-5.410774393305117086e-02
4.806408743617652385e-02
-2.878225688145130690e-02
-3.645966633961657266e-02
-5.727330928654110476e-02
-7.447491104857834054e-02
-1.012560575328165791e-01
-6.292182840657548244e-03
2.192643654134425191e-01
1.137180336683825399e-01
4.677276465177050424e-01
-2.701879166939353052e-02
-6.110152616618938493e-02
3.488007054997321887e-01
2.216557166179931593e-01
1.158754852167715732e-01
3.737314088058158595e-02
-8.622212079191934886e-02
1.916435259826688650e-02
1.467820679687966146e-01
6.214277637756423361e-02
1.378842750988471672e-02
-1.156369662738336995e-01
-1.176781374854733719e-02
-6.368253838761538110e-02
1.877402181509383872e-01
4.055936895079820803e-01
1.006792935829577518e+00
4.679131570653616984e-02
-4.679092821631917164e-03
-9.643001656196410754e-02
-6.195216298881937866e-02
-1.168839894811086050e-01
8.734809886835641357e-02
3.673784560080375211e-02
6.697014738250357813e-02
-8.501158907992961700e-02
4.588550906773197074e-02
2.674635482644532880e-01
5.367804978987655851e-01
4.117768390938418566e-02
5.031471675271281113e-02
-9.671407839615450697e-02
1.992406940492968126e-01
-4.682121625604948600e-02
-1.141603531249274148e-02
1.802274895298067170e-01
7.270148794659946068e-02
1.565160614349485613e-01
3.610517882357823505e-02
2.761557302171735451e-01
-5.585975189840089450e-02
-7.583334092679391847e-02
3.084448273798549578e-01
3.111677197091360092e-02
-1.473386695509388764e-02
-6.241468889824411219e-03
-3.022674447533935105e-02
-9.034654841182844509e-02
6.167220708908903726e-01
7.762498382539484432e-01
-1.961387064675819414e-01
7.327225999760007824e-02
2.583712678825754172e-01
2.347576718579501009e-01
6.446701305263771720e-02
6.241178897786358037e-01
6.949381119821095298e-01
-1.018935124505404161e-01
6.623429371095353180e-02
-1.746227997723555359e-01
4.669736124580737280e-01
6.158680635629941724e-01
6.881124042573207866e-01
6.728393824089200503e-01
5.504610511532227468e-01
2.454625711818913397e-02
5.310150293886406470e-01
3.732207945622573741e-01
2.265089774602595529e-01
6.642577478805734570e-01
4.923435176266468538e-01
-2.310000869945892307e-02
2.880035525320120277e-02
-8.681561284503343245e-02
3.491664222209046875e-02
-6.691121782915210314e-02
5.761114718122680722e-01
7.493850454187788168e-01
-6.529666733137529100e-02
2.681572726452344790e-01
-2.713428953904659449e-02
1.987668825937190242e-02
-2.706066932821750773e-02
4.307655528314429105e-01
6.519458869331030693e-01
9.743510744950668358e-04
2.161898737339194854e-01
1.563304184099316707e-01
-3.236283084219433726e-02
-1.351288233717745993e-02
8.640992338105725201e-01
9.675257808654847969e-01
8.498153891972597129e-02
-9.335211502021998134e-03
-9.855972277890460986e-02
-5.194892686404910254e-02
-6.035490731326352554e-02
6.402065874201622320e-01
5.133891928242489966e-01
9.764178393885183382e-01
4.568471036021797271e-01
2.424601197331142377e-01
5.691436127616406743e-02
8.086171197426803015e-02
3.107461181792045002e-01
3.214707126145567861e-01
-1.639240898236941912e-02
1.125200781777960096e-01
4.170991297680292642e-01
1.116970231857547097e-01
-2.437815828583622668e-02
6.372907245790142561e-01
1.094905272607679336e+00
2.421970771023779223e-01
1.665528503285905459e-01
-7.782063531507597831e-02
3.583475583040390822e-01
-1.127488196331456471e-01
4.421999495969443084e-01
5.324407719942439998e-01
3.244101322144869043e-02
3.664900907318284218e-01
4.652908427508668787e-02
-3.388141947169242413e-02
-2.487970740863711117e-02
3.620016938201289780e-01
5.924725118873367391e-01
1.978979975707951811e-01
-1.283240743713691054e-02
1.617528915671263279e-01
6.742659759057089142e-01
1.271255425360449942e-01
-6.546339021865384133e-02
4.642883725377547344e-01
2.917193883792625342e-01
9.983998276796465787e-02
3.134856408890040469e-01
2.571012180372672096e-01
6.890269406092305871e-02
4.317994497816459165e-01
6.467688845911980788e-01
-4.390306115570756507e-02
2.357021645300517443e-01
-8.868560503744929435e-02
-8.462756799833624777e-02
-3.458779102060699495e-02
4.407328160976994313e-01
3.754866593939908959e-01
-7.111488358107466434e-02
-1.779339666544587778e-09
-2.972315945064716584e-08
-9.838621527044154325e-02
9.924726738707439414e-08
5.053849336424523497e-02
-1.217466050738368194e-01
-4.771307235676700009e-02
-1.155781023133747448e-01
-2.670072871266426437e-02
-1.565375812050490700e-01
-4.529076731619974261e-02
1.771918970525253193e-03
4.791125877506090536e-01
-2.273761179398533713e-02
-4.420120289948204634e-02
-3.545375865152792377e-02
-6.370626616037368406e-02
-1.169987419058126088e-01
4.708125951844590595e-01
4.401316300952707872e-01
-8.676814942844614242e-02
-3.178208555980366334e-02
2.757391812663951853e-03
-1.056850669738761475e-02
-3.642343219835050827e-02
3.575872951261867272e-02
2.281504552787270712e-01
4.257785432506129841e-01
6.939088987004465858e-02
7.699929618513982887e-02
3.417698349769555666e-01
-6.961190851339957297e-02
-2.842125780822921111e-02
2.783645629830132640e-01
2.064055253337237772e-01
-4.668614993022534437e-02
-6.223066842045416741e-02
3.594086627804586875e-01
-1.764758390304311045e-02
4.075325947985852792e-01
3.679667121754949810e-01
-8.977344044454479977e-02
1.218793098892834714e-01
1.345740178085128025e-02
3.277281709578135915e-01
5.051562134769956025e-02
2.620724439193659050e-01
2.710035834898080406e-02
2.023299784077030317e-01
6.014301743523402938e-02
1.968169912307524139e-01
5.148670512730439963e-01
1.870016957303668667e-02
1.966463846309403074e-01
3.551130331121622463e-01
5.599005742719226353e-02
2.460192745670129397e-02
1.112178803973478403e-01
1.246435136596170529e-01
-5.467652213310846693e-02
1.818707611412395397e-01
2.789766611935844409e-01
2.464860153791911535e-01
-8.366312863574813796e-02
-2.690722884444661511e-02
-2.953307067658612547e-02
2.581049757811563206e-01
3.156731353680734542e-01
3.117117257207581149e-01
7.028337883233193306e-01
3.602768379163711066e-01
-2.820682128391704263e-02
1.839918946027757352e-01
4.342137505525163754e-01
6.148776423223484972e-02
1.712268087995560684e-01
6.354445225681252252e-01
4.053642604028802054e-01
8.963427714134039603e-02
9.665474662243209170e-02
1.483063992647151719e-01
4.562067673649861858e-04
6.233258037247289135e-02
1.091710266482363162e-01
1.736676745142570755e-01
2.965907188729024480e-01
2.585474308471524263e-01
1.649964428172526754e-01
-1.202660398475142028e-01
4.353533803463326968e-01
4.562732142127938206e-01
1.938949546508988708e-01
-1.920046773712009158e-01
2.759256359501282008e-01
2.108179105000236586e-01
2.616426446772533998e-01
8.523617905913415116e-02
1.941183808054161852e-01
4.533181025021407740e-01
4.981187115282857403e-01
1.094505469807351750e+00
7.259130706592045179e-01
1.164138038915083356e-01
-2.001576260120023834e-02
1.437738008698959125e-01
2.062818868542816986e-01
3.360763210770157938e-01
2.085358492101546390e-01
1.175526000998121240e-01
-8.741303246010546923e-02
3.101314887084919980e-01
4.583084569129232122e-01
-4.298265713929777521e-02
1.167713764858057390e-01
2.746849639260323661e-01
6.657806609620309235e-02
-6.227878296635584038e-02
1.827243445081561668e-01
2.595347325202776445e-02
9.768683154143829872e-02
1.968683122310729006e-01
1.655475315854388618e-01
4.631647842911200130e-01
5.316559812489023429e-01
-1.660209078856238196e-02
9.314124237414292407e-02
5.652935703657541167e-02
6.925050674069554990e-02
2.503671686746575253e-01
1.180997955296473889e-01
2.881820533047259672e-02
1.265276058175425211e-01
