5.510106176821135543e-02
8.488622168490232711e-02
4.655049306433926837e-02
2.629149541431964887e-01
5.261915732158888304e-01
6.246863586408945429e-02
-2.488137271302491224e-02
6.222759277892341290e-01
3.244702819476710243e-01
-1.115889459973807526e-08
2.707002643903755890e-01
3.561230819950316762e-01
3.849693193822143478e-01
1.370631306718425302e-09
8.037866153999316809e-01
9.435101347767142765e-02
8.163519937141107408e-02
-1.769465249841433020e-09
1.505636557446106694e-01
-4.395929201591310097e-09
-1.449976913061651045e-08
2.465702714993098232e-01
4.836485161842067337e-01
3.066366637825022612e-01
-3.235583446804245894e-02
-1.556654969920625957e-02
1.446641183385818374e-01
-1.873375289029774533e-09
-1.882626010788343192e-09
9.564799301212056254e-10
-2.844419368330505042e-08
8.536806868540814447e-10
5.222102345595389661e-01
-1.287092819011453715e-09
-6.317309163349700518e-09
5.119320488014116169e-08
3.512089271259308318e-09
-2.851913654907438340e-08
1.059705611844912557e-08
-2.632805130752615645e-08
1.500926927698505644e-08
8.974201084117861986e-09
-5.067024481010218647e-08
-1.065670369378630419e-08
1.162439277135724758e-01
-5.301772922806000956e-08
-4.712503746714628246e-08
1.698970015363936786e-08
5.342631837815141413e-08
-1.167494727240259627e-08
1.210179437028738123e-09
1.578252085770182611e-01
-6.900255324744963334e-09
1.734423603191849319e-08
1.093700019204657635e-08
2.380200736350038683e-08
8.285211119635544426e-08
-3.753652422391707154e-08
-5.162464332152476932e-08
1.038785168151412712e-09
6.109782497567566365e-10
-7.553738965286504195e-09
-1.982466061309706528e-11
1.480483766205544597e-07
1.022675793996603855e-01
5.711507455098103820e-10
-2.001137065928654450e-08
3.447510946328157661e-02
-6.088598625942503798e-08
-4.872973188958819202e-10
7.524357053659512118e-09
2.448374564482987158e-09
9.213987437530927822e-10
5.216995338891304182e-10
1.836957838385355322e-08
6.364684621286980011e-09
1.052830521426696525e-09
2.313163990176940233e-09
2.301090826661880934e-09
1.991680248246523894e-09
-9.406558689315994000e-10
6.989010507044879517e-09
7.125266227368035473e-09
1.870798711084568355e-01
8.698172089754708239e-10
8.834844482555059755e-09
3.913943784990653394e-08
7.898698528134476260e-02
-3.081397328165913547e-09
4.645752598561992425e-09
1.338523223781823147e-09
1.409409532275664222e-03
6.724114221477135336e-09
1.047450051358230216e-01
-5.394450865692981129e-03
-6.097145068169553262e-10
1.266370832758736283e-09
5.014366134031797596e-08
6.790682236547169137e-08
1.260319011633317334e-07
5.999832167635261726e-01
-7.719691866968986381e-10
6.047502290330845733e-08
-9.812957031721843239e-09
1.657822565037146489e-08
-1.458141368323638040e-09
6.298318031929118710e-09
3.384029092466995274e-08
4.232871292888064352e-02
-2.412304364114718572e-09
3.234241240300979109e-09
9.445630257761269966e-02
3.543401882682980508e-01
1.630670584181703447e-08
2.258412875690142269e-10
-4.633839120485398687e-09
1.703266853090780502e-09
7.913480581584976771e-08
8.673922618873838858e-08
1.286825394135709955e-01
4.127623404651077632e-02
6.914489135077475626e-08
2.867810953325347683e-09
1.093485099262939825e-01
-5.156226616021183423e-10
2.616114882162022440e-09
8.807033076701314966e-02
-4.970834732224077741e-03
1.966947620540940823e-09
6.849790347994120400e-08
2.357963143012663095e-08
1.173380562948365298e-09
2.120864706477459394e-01
5.181883361074526295e-01
-5.583042622654694184e-10
1.755988816841309831e-10
2.326147131973296790e-08
4.400906709774879861e-08
3.695353909830561160e-10
4.279876639933907767e-01
7.339085139900796140e-01
3.204695178370386717e-09
1.150936987331942614e-08
4.250057893879330262e-09
1.977167744096512692e-08
3.686627635517693014e-01
4.329603260887045502e-01
6.998378101081198510e-01
5.640972388025813355e-01
-4.032582328204876304e-03
1.613864744344255531e-01
3.080573422070838618e-01
1.211323853108348263e-08
6.643120705005297610e-01
5.075176262505386449e-01
4.406182967975024610e-09
1.183597213279073182e-08
7.366777402336329525e-08
3.558293366958836938e-08
-5.349433044983270373e-03
2.490754478006637007e-09
4.841117367812661221e-01
7.232612399124937053e-09
1.166254164256265713e-01
2.524313959764109411e-02
9.990984474717166958e-08
4.674747002372492888e-08
1.722850097854208284e-01
5.893264976137955191e-01
1.842290704830474288e-08
7.535665731455838144e-08
3.279111483131408322e-02
1.469082876040635339e-09
2.654940641632437519e-08
6.712628638849651441e-01
9.747805040807322463e-01
7.302949579431633476e-02
3.065449353184904538e-02
1.059873631552829913e-08
1.685254836800911777e-08
1.850824005763655188e-09
4.334595080830622726e-01
5.559341639678039293e-01
5.621830380107744052e-01
3.657408315264097931e-01
1.329540193804006620e-01
3.643111988547766827e-02
1.498023360361727156e-08
3.436501194461802355e-01
3.215228198799277570e-01
9.449431474673798601e-08
1.003062346604931181e-07
4.932798757877510654e-01
3.661785362072760702e-02
2.564267423314283628e-08
5.203105544682944394e-01
1.075334513626299726e+00
9.475603457723565104e-02
2.896134434962371568e-09
4.993607685191827539e-10
1.369673563069163380e-01
1.336812588578836103e-09
3.829684471443539741e-08
5.324923085453410199e-01
5.049806035956054210e-08
2.047917884614069706e-01
9.903751156658366315e-08
9.403539302772644646e-09
6.125810016024564445e-10
3.627433919830763132e-01
5.925199516261924204e-01
9.299525951678831726e-02
-3.480244343953430191e-09
8.522967117442153961e-02
3.167829040621920056e-01
5.199359716172004958e-02
2.309670543423609435e-09
3.014296892126449579e-01
2.860419802742807018e-03
5.675115975204268054e-02
8.284907559965857346e-08
1.953133333525196857e-01
4.428597874148699560e-09
3.343561127585586434e-01
6.467677811182966918e-01
1.748601901212194606e-08
4.616856052061554635e-08
8.599788377653901498e-10
-3.485566486267624868e-09
2.561945409049940067e-08
1.561018136772960585e-01
1.479991940637813141e-01
1.330063640116818683e-08
-2.818786365229635039e-09
-1.535349362751778807e-08
-2.073427759977601080e-08
9.303059114812806934e-08
1.384912318021082884e-08
1.158029037373054747e-09
8.149666668775162541e-09
1.355120506060291199e-08
2.783310823316003615e-09
-2.391548124339060253e-09
-6.859339300516793338e-11
4.299655426970121426e-08
3.268199898940535864e-01
-4.784303320228700152e-09
2.925644857685997122e-08
3.439369872481439189e-09
-9.821890845323115178e-10
5.646351058051856083e-10
3.572588751727738821e-01
4.375880637122747663e-01
-8.870712347752099247e-09
5.394812763733916649e-08
2.108503182210486340e-09
-5.774920085336085101e-11
-9.974403025672319519e-09
1.188190288964724794e-09
1.350037381789234436e-01
3.635780520757327938e-01
4.078239498001634544e-02
1.741282372898208392e-02
5.546837823608615390e-10
1.538495553447259683e-10
4.644919738872834380e-10
1.586604911062755742e-10
7.301111679382579018e-09
-5.824430430454356217e-10
1.935474884244507536e-08
1.777925061208199233e-07
-9.747094204523114361e-09
1.398763977765024591e-01
1.227000715660426927e-01
-2.610558491850402049e-02
4.900545903898902850e-02
3.802773038474159365e-10
4.569691216781460730e-01
-9.718110946051575303e-10
7.891366023264342888e-02
1.678597938836427758e-08
-2.363093918348111676e-09
-1.220580778446456063e-08
2.584256088484269731e-07
5.238605043820890872e-01
0.000000000000000000e+00
5.012203102208067501e-02
7.703710758079414245e-02
4.151228916305856478e-08
7.948249829530133065e-03
-1.393234251517383441e-10
9.549098544153655777e-02
1.706191006883603949e-10
1.949577814596179653e-02
1.956615994929999935e-01
-7.623741660070760268e-10
-6.890261265850783357e-02
-2.255656036141481599e-10
1.094273851131300455e-02
5.304420307176985294e-09
2.951023565775808821e-01
3.527056182124176931e-01
7.028299978888170596e-01
4.575817163723745473e-01
-4.012816050413334744e-03
2.110281230503504302e-01
4.313120940325109176e-01
7.303181523777722839e-02
2.050367095159852660e-01
6.274026358853455054e-01
1.153808395542516990e-01
6.003185925785883836e-02
-2.432345696798678038e-03
7.360981914632390433e-02
-1.962981789018428734e-07
3.341361530525237893e-09
1.188843324707065385e-01
8.131784188634050281e-02
1.935216854875353443e-01
2.425848005351386449e-01
7.429192150098277991e-02
-8.881217692559351732e-09
4.353495178882248462e-01
4.562690625942253941e-01
1.420018496258117768e-01
-1.186941741021345781e-01
9.866883654097999279e-02
5.747163877661778247e-02
9.144505581167272634e-02
1.474379915829303056e-01
1.676296377392139658e-01
4.824548770825755062e-01
3.265257475612244331e-01
1.094501689778769826e+00
7.259084831060086396e-01
1.199914713620507806e-01
-8.325809352046937025e-08
1.143788898534608550e-01
1.670644098550825851e-01
1.296160320526635601e-01
1.742579863270353191e-01
1.175486766611108652e-01
-1.931006188903549970e-07
3.099135860154089150e-01
4.732392426384954276e-01
-4.298699511303863408e-02
9.863356106403382839e-02
2.602958523047770312e-01
5.134665379188232959e-02
-6.140987968891392031e-09
1.127340735932177290e-01
1.255854018603139166e-02
5.842925503452089248e-02
2.004010167293301115e-01
1.633400967509187340e-01
4.631604928952311462e-01
5.316510576806217081e-01
6.106988338597571682e-03
8.028784598643522522e-03
5.490596347925377069e-02
2.503050861013027956e-02
2.503635761128440440e-01
1.249927220590207055e-01
-7.885088340312861391e-03
4.737620257528968315e-02
