5.510210360630427712e-02
8.488867308822203861e-02
4.655165345509883201e-02
2.629186096924591154e-01
5.261954181714675327e-01
6.247211795563013814e-02
-2.488024615664407094e-02
6.222785404652338981e-01
3.244722583645567315e-01
-1.116548087460205505e-08
2.707015316810152394e-01
3.561256589599787192e-01
3.849715649509226068e-01
1.370733077102144106e-09
8.037907640400905329e-01
9.435232770342957820e-02
8.163654264057787491e-02
-1.769520027277749468e-09
1.505648228481754614e-01
-4.398243641670067715e-09
-1.450587794153836846e-08
2.465724258142587000e-01
4.836509721566814579e-01
3.066392878747284390e-01
-3.235501026188698087e-02
-1.556541270765039557e-02
1.446652811391418991e-01
-1.873500403000253065e-09
-1.882839417116028161e-09
9.554395327584996251e-10
-2.844602081116096810e-08
8.534477070198965741e-10
5.222144033416931119e-01
-1.287300142869490469e-09
-6.316350647043195141e-09
5.118040267981305422e-08
3.511763239832663263e-09
-2.851856288290467823e-08
1.059728133933686606e-08
-2.634019990048195726e-08
1.500931571800551698e-08
8.979009342666771929e-09
-5.068746232986271828e-08
-1.065565841780619913e-08
1.162450649134770253e-01
-5.302160203411827083e-08
-4.713676317826302802e-08
1.699015694329756875e-08
5.340074656318938227e-08
-1.167755827526540567e-08
1.209664650907615006e-09
1.578266412023101861e-01
-6.901638403827915668e-09
1.733355003357660479e-08
1.093462600488829980e-08
2.379411996668081392e-08
8.282838851142080863e-08
-3.755087935355691995e-08
-5.164299647847626596e-08
1.037352492051744445e-09
6.107037488337052456e-10
-7.552648903576962680e-09
-1.925528388030919629e-11
1.480995573702786434e-07
1.022688950822334963e-01
5.708426218085589133e-10
-2.001647221279818510e-08
3.447644109444224225e-02
-6.089747454720936147e-08
-4.879048422699672274e-10
7.515211299131039472e-09
2.449679396043895787e-09
9.213362896616390419e-10
5.216806023348729819e-10
1.837077619359407609e-08
6.388395885849629214e-09
1.052596459458114201e-09
2.313287417757960518e-09
2.300538891373326422e-09
1.991929856919082639e-09
-9.405680940524855798e-10
6.989070083701633328e-09
7.127609273604248661e-09
1.870811847227032143e-01
8.695064724986231388e-10
8.842590112529467068e-09
3.915610026827542047e-08
7.898816805621410031e-02
-3.085429234318764827e-09
4.643856071860575901e-09
1.338030863692332304e-09
1.411083087541618094e-03
6.703998624910483327e-09
1.047460014034325704e-01
-5.393195724026073404e-03
-6.100467783063348795e-10
1.260464394139839534e-09
4.978759167792105995e-08
6.754861677578896792e-08
1.260094003114706861e-07
5.999857349089263714e-01
-7.697388965967627888e-10
6.046117384446820440e-08
-9.816261194121623341e-09
1.657832039394161754e-08
-1.452313883782650866e-09
6.288890646729169023e-09
3.382730753156880496e-08
4.230758289547530832e-02
-2.428597136625080092e-09
3.235364524830460728e-09
9.443701027241535595e-02
3.543396188806234304e-01
1.633083931264883814e-08
2.258179632758506420e-10
-4.623929027389811515e-09
1.701360633494332391e-09
7.912327627935993151e-08
8.675448286100360290e-08
1.286517406659459795e-01
4.127110035974140140e-02
6.915734328851545123e-08
2.870421052843216245e-09
1.093375779485821070e-01
-5.166226117907470388e-10
2.616200055287277407e-09
8.804786390476365687e-02
-4.995527993663006518e-03
1.967541151164874167e-09
6.853863405015353379e-08
2.357831514029044294e-08
1.174057484858702498e-09
2.120707310249831667e-01
5.181535178269809361e-01
-5.573046671403413400e-10
1.722740667061237362e-10
2.321079257572990069e-08
4.384252890069735424e-08
3.690237128653683940e-10
4.279535544413007320e-01
7.338470897767855883e-01
3.200698988605721491e-09
1.150960212271638542e-08
4.236439346456002675e-09
1.970633193818353669e-08
3.686382882012579354e-01
4.329179174439310995e-01
6.997821868344278329e-01
5.640544269607518091e-01
-4.060693668844653909e-03
1.613697687726646790e-01
3.080314971894403953e-01
1.206292818938606720e-08
6.642577498432044036e-01
5.074485092306275646e-01
4.389218843906765006e-09
1.177852829868894617e-08
7.359864363739724083e-08
3.545439345015143515e-08
-5.364765462674034140e-03
2.465429640838438421e-09
4.840734112202203510e-01
7.178647601789214288e-09
1.165950316060272995e-01
2.520736276975608578e-02
9.990063677143501066e-08
4.673126083011329227e-08
1.722697050194510193e-01
5.893123959868814543e-01
1.840018148203043684e-08
7.278762495058677719e-08
3.279114102917343732e-02
1.469714376285168218e-09
2.625814257875035052e-08
6.712290042455595351e-01
9.747267147255718189e-01
7.301880348340607230e-02
3.064043268290323613e-02
1.059506766394102491e-08
1.684104715392611950e-08
1.851770922985558360e-09
4.334319522740531228e-01
5.559016085249961492e-01
5.621527382575334242e-01
3.657259873719362897e-01
1.329279760781772457e-01
3.642703245181819205e-02
1.494878643699888399e-08
3.436091369698398013e-01
3.214708218274482943e-01
9.437022200007582462e-08
1.004786961993714172e-07
4.932751355004961757e-01
3.660076420867009600e-02
2.564774618024179607e-08
5.203112101364980591e-01
1.075306636380378045e+00
9.474066197668883083e-02
2.894221172006846873e-09
4.990156955402101019e-10
1.369537011106857216e-01
1.337421030877122218e-09
3.822403247421274776e-08
5.324407899356813356e-01
5.054492699757451473e-08
2.047630898263501642e-01
9.891580127179326187e-08
9.483250035060253649e-09
6.128042120085993903e-10
3.626904284852534577e-01
5.924725346509347457e-01
9.299660794628972216e-02
-3.480730422161859324e-09
8.520603682540030255e-02
3.167445166597162576e-01
5.198092496123798284e-02
2.303968483150192570e-09
3.014206083858034235e-01
2.860907617903211877e-03
5.675452154340088901e-02
8.291695750751099050e-08
1.952907411850779151e-01
4.428682647873940758e-09
3.343291619171695483e-01
6.467403482893356870e-01
1.747144101524235428e-08
4.618277773106445784e-08
8.601051905652486164e-10
-3.506888580087806005e-09
2.561680881560064517e-08
1.560998927425252814e-01
1.479919100956047784e-01
1.328987475882721572e-08
-2.818837673410926322e-09
-1.534527198845670459e-08
-2.076280760794305502e-08
9.303360485074083791e-08
1.384520985421091258e-08
1.157581331223959277e-09
8.143630947177132654e-09
1.354708986257476509e-08
2.782552405463122226e-09
-2.392955092729015482e-09
-6.907237903708687258e-11
4.293234518762727832e-08
3.268061799413542468e-01
-4.788288439351806273e-09
2.925474414511448593e-08
3.439780067491643436e-09
-9.858398478094172195e-10
5.645399919073615018e-10
3.572562391936220938e-01
4.375468111038710584e-01
-8.869251530613630853e-09
5.392699689905035472e-08
2.106066470321455351e-09
-5.730215287684978405e-11
-9.974256360738460698e-09
1.185916597776810167e-09
1.349882684000471567e-01
3.635813639481973447e-01
4.075728780567734744e-02
1.741404187306476448e-02
5.548735402094478379e-10
1.540140754238207468e-10
4.642898689318275500e-10
1.581751907633432257e-10
7.330780561459372218e-09
-5.829726901272017598e-10
1.935385493854322596e-08
1.778512274587210143e-07
-9.751604093137117145e-09
1.398776927987655794e-01
1.226880753017598885e-01
-2.610470458843447417e-02
4.899082215838830578e-02
3.802144017595102322e-10
4.569731773952527276e-01
-9.718470777473294519e-10
7.891469483782316552e-02
1.677969587470522323e-08
-2.365941137799189109e-09
-1.220812313943521240e-08
2.622974762188547473e-07
5.238645730573580073e-01
0.000000000000000000e+00
5.012181476610951675e-02
7.703821724810404337e-02
4.211365789858876130e-08
7.949270875020593777e-03
-1.394787732139967963e-10
9.549356460295375937e-02
1.706072362017190818e-10
1.949700621764664105e-02
1.956645559150110014e-01
-7.624036441402535737e-10
-6.889867500120919197e-02
-2.256365055006218052e-10
1.094417466732825091e-02
5.305036872535686629e-09
2.951048329589320840e-01
3.527098780274403600e-01
7.028338446802561146e-01
4.575852967785353775e-01
-4.011580685414224343e-03
2.110322123323972732e-01
4.313162351417999529e-01
7.303294609164950879e-02
2.050406685982062993e-01
6.274062677004844657e-01
1.154016841557775480e-01
6.003323187783390913e-02
-2.431218850096889764e-03
7.361108441074312725e-02
-1.963654100629434188e-07
3.344139286207721758e-09
1.188865787002811453e-01
8.132061220916016187e-02
1.935241897758051832e-01
2.425882784316008289e-01
7.429289497171111256e-02
-8.885408422064246404e-09
4.353533646818501524e-01
4.562732072852024312e-01
1.420042644232526741e-01
-1.186911675098119429e-01
9.867008706725396983e-02
5.747299618442932440e-02
9.144628686666729511e-02
1.474421934025809400e-01
1.676316758247995975e-01
4.824591239913951224e-01
3.265286068882226611e-01
1.094505444404823891e+00
7.259130598757559394e-01
1.199951500039352636e-01
-8.324367117329568679e-08
1.143831107239152711e-01
1.670667974786163579e-01
1.296175972573792579e-01
1.742618607078116888e-01
1.175525777170325359e-01
-1.931603399389922201e-07
3.099177706465804372e-01
4.732429761865826756e-01
-4.298266146564078127e-02
9.863691914035163655e-02
2.603002959631924296e-01
5.134826807914705943e-02
-6.148142846345992414e-09
1.127370734104259364e-01
1.256115768282116928e-02
5.843161094036272707e-02
2.004051547918920817e-01
1.633444419340507603e-01
4.631646529171515869e-01
5.316559796427716700e-01
6.109111982082237984e-03
8.029864770431336188e-03
5.490961024205556068e-02
2.503192687268715119e-02
2.503671516576218004e-01
1.249967709005077726e-01
-7.883813838444742386e-03
4.737763450925080305e-02
