4.044257329292716974e-01
9.912170292396732529e-01
2.396714586550365844e-01
9.791542857292923063e-01
9.983988177240953332e-01
4.630293706688289324e-01
1.048913595782354075e-01
5.713849446415600886e-01
1.043238913285919667e+00
3.791308028501391147e-01
1.208919955691912573e+00
9.721749799934985559e-01
1.036212286746463374e+00
4.451397571670273612e-02
5.518852222252007556e-01
8.618582648798216450e-01
4.055891821305217526e-01
1.909292770372197356e-01
3.042393866117346080e-01
4.054394040112221237e-02
1.730277149100067566e-02
2.211133547504149921e-01
5.266454481161213508e-01
5.119201939739753682e-01
3.362081857163138898e-01
2.659099372935959105e-01
2.112463711541225087e-01
-3.127222239495679873e-02
1.811011715733545357e-01
5.373415580933722513e-01
2.412514265310732320e-01
3.425290597908685064e-01
1.598460076951388198e-01
3.568230769339891251e-01
1.266485059739775321e-01
2.146969932808999171e-01
2.955816623571955182e-01
5.559197624474893074e-01
2.760499573133237683e-01
5.465185285972983253e-01
2.780938038905979570e-01
6.511150279273754393e-02
1.724662536275102520e-01
5.276980089687607345e-01
5.510817585793083007e-01
3.536415841406718719e-01
7.381495730690661172e-02
3.872206633363454720e-01
4.446624166661514166e-01
2.568785474016122561e-01
2.964975976920080081e-01
6.105913753035815267e-02
1.015139012214463232e-01
8.479993397119607590e-02
6.324085015287898848e-02
1.452640881595895252e-02
3.669211241841809912e-01
3.942874925513537021e-01
1.874827951777875701e-01
2.450927393848366387e-01
3.530030067607309308e-01
2.392402592387948557e-01
1.747213006757538101e-01
5.666899401058226454e-02
2.696670974063321014e-01
3.825689307068795841e-01
1.635956658299295152e-01
1.519885497220121728e-01
7.815068130000427105e-02
2.306232410762075191e-01
3.627250574133171201e-01
1.092237853662803015e+00
1.582460447540096293e+00
5.228363048416577730e-01
2.743361716330730560e-01
5.218221997967856796e-01
3.562175026083466145e-01
2.111168056054927022e-01
3.093951694682737785e-01
1.085621507896924048e-01
5.864332081469977309e-01
9.492529957475942526e-01
8.515164659310825446e-01
8.032364777140932333e-01
5.735093879701492758e-01
8.725389789749046221e-01
4.838190426427942392e-01
2.530230803248150750e-01
9.103988621688493543e-01
1.022961589240141134e+00
4.262490923203201554e-01
8.903545437939777152e-01
8.492826197602205696e-01
5.923629064624423846e-01
7.091709374082671991e-01
2.227820943012393529e-01
1.998683202858479446e-01
1.905608148598736395e-01
5.067834114737248541e-01
5.688671434064812571e-01
1.555744003666737596e+00
4.346318275030101597e-01
7.639571795255237774e-01
3.680893883514095299e-01
1.419553360273831388e-01
1.537614225164957160e-01
4.604774542322116471e-01
4.059098498174789627e-01
2.361965896706777202e-01
4.885562132026486926e-01
2.561222535595829020e-01
7.132118678581315097e-01
7.709939811681321142e-01
5.373015740637955284e-01
3.378004693525160640e-01
4.134687469537187132e-01
2.696537246483213246e-01
2.312854723875479024e-01
2.333163023144303461e-01
8.543188818256046702e-01
6.095544984809057043e-01
4.293684956041007861e-01
5.088977650578161427e-01
4.191548688488458407e-01
3.001243813896559143e-01
3.180603486901787957e-01
5.639150261865696345e-01
1.939740800405587440e-01
6.331896792975423571e-02
3.510406169493568429e-01
4.174507551157908836e-01
-1.089529496077078045e-02
7.534802229353716463e-01
8.459465581331560013e-01
2.666610530734315199e-01
8.789237263755992347e-01
8.887417377569774013e-01
5.326721340060160959e-01
2.710855544932191385e-01
6.659670379255494543e-01
7.889738880511202312e-01
5.981622310643432139e-02
6.750738132587356111e-01
5.698807770198924261e-02
6.565263309655556823e-01
8.224537168164727241e-01
8.792785839874766030e-01
9.896779051299873231e-01
8.896207151009941638e-01
5.687291529224346442e-01
9.991415684858317992e-01
6.988487447263015406e-01
4.606247469697564156e-01
6.267992224309071325e-01
9.452821718848752885e-01
1.814339329409868362e-01
2.717261925682073476e-01
2.342170801728911955e-01
1.943227857907214307e-01
2.398237516447871143e-01
6.862058928956678017e-01
1.025585579722883001e+00
3.228907771194048371e-01
3.163289261640354622e-01
4.330425374305714725e-01
3.229207029538047613e-01
3.373615138457811691e-01
7.368570329928568752e-01
7.847672457961617498e-01
5.647135965231928623e-01
3.864994237911338337e-01
3.631034480925935393e-01
2.223957327171998677e-01
3.712629181061599670e-01
9.708634277493924936e-01
1.068859888769003286e+00
5.205216598788099391e-01
3.380129716857759870e-01
2.174887900529911267e-01
6.213553406483179192e-02
1.528959976073167581e-01
8.941677551791944456e-01
1.624707950160586778e+00
1.363835918877730480e+00
7.467066409595194409e-01
6.604770296358861703e-01
3.928328590839885726e-01
3.392680203212079526e-01
6.771753069650949808e-01
6.715223889130179646e-01
5.504943166921960618e-01
2.647826245588327243e-01
2.617752285674098678e-01
3.328074528168197821e-01
2.650765404324102459e-01
8.173220968662482377e-01
1.300072823939627975e+00
7.342254529494843807e-01
7.083202615297553573e-01
2.617342369381290279e-01
4.307775067567544691e-01
2.337151737788065731e-01
5.201824583994771878e-01
8.723038396049704879e-01
2.009463056306527162e-01
2.488903418877512208e-01
1.159148821890610553e-01
2.095475553532930024e-01
1.866439536454926051e-01
4.807690717370547984e-01
7.586046385596952879e-01
5.279621168302662815e-01
3.812929456601608091e-01
1.486161766008132490e-01
1.100730368281382265e+00
2.050381389604363502e-01
2.165263394427286714e-01
6.988980643850981611e-01
8.787597990021106531e-01
4.564135189514461621e-01
3.727159660494248627e-01
2.666258819011769754e-01
4.982316568164861792e-01
7.102055047724995518e-01
9.049804022812558690e-01
3.786821501734097262e-01
6.311695283649373378e-01
3.011118524564607712e-01
1.058762976252835691e-01
9.956497734939280531e-02
1.127630674391788101e+00
9.755524897843362853e-01
2.947074671814305380e-01
5.476775086764452682e-01
1.323165935492799150e+00
9.717426202177302796e-01
1.470847373104293421e-01
2.214214730263857900e-01
4.067528008972703946e-01
3.195746455997326985e-01
4.318134113289450182e-01
2.785342256231963520e-01
2.245975413362603923e-01
3.202244917600497454e-01
3.341735643031276126e-01
8.167996898241859371e-01
7.186101284602076644e-01
5.635665275620937997e-01
6.964832930947654210e-01
4.403172252860843017e-01
6.458297115858014914e-01
6.369564122652523475e-01
1.075662364372788504e+00
8.538126690163256871e-01
5.336192319869290657e-01
3.320538977589205798e-01
5.336175570530246048e-01
3.605528553230054611e-01
6.460109975377508196e-01
9.345388436605732707e-01
9.469414567660811022e-01
1.851905744946814592e+00
1.761511814127425746e+00
8.989889300033333530e-01
1.046235262699010127e+00
4.197990055033975487e-01
1.025559916001185234e+00
1.483386825232556827e+00
3.587517725273263181e-01
1.235059374465191789e-01
8.932838644494482949e-01
7.638451172161261349e-01
7.188786349973123047e-01
1.117360728791904068e+00
5.915256666380535044e-01
1.310654438753845463e+00
1.095936416264850610e+00
5.142609916319731411e-01
6.033797319310109097e-01
1.321148389159806813e+00
5.104970435428659581e-01
9.388261517623192054e-01
3.775686747169688107e-01
1.765243958002952418e+00
5.975819778151254535e-01
6.528778525998742976e-01
1.176991198517925774e+00
1.465553646007285105e+00
8.629821378401745235e-01
4.603203344732548774e-01
1.012361218642180205e+00
9.547696345174159216e-01
8.103090333412076296e-01
9.271844214183743160e-01
9.996940544533606809e-01
2.795024600504651402e-01
2.423005501541292961e-01
6.230247794347123502e-01
3.257261122159440525e-01
9.027681041578379251e-01
5.456972219712752370e-01
4.914993896399508788e-01
1.065247910261147846e+00
6.334668117526084385e-01
6.607511446551819212e-01
9.424978074619562163e-01
6.879463624862514060e-01
-5.309319073600672276e-03
3.276541661849601272e-01
1.233452422881951671e+00
6.286799290005878893e-01
2.621055133106138246e-01
3.065216695923736467e-01
5.469009493759523499e-01
1.669361479995550845e-01
4.467408662109437906e-02
6.629241065121793675e-02
8.527678990986998775e-01
3.265805571828840348e-01
1.032697304151586615e-01
1.683417302569587271e-01
8.357353007983568671e-02
8.655795978202628360e-01
5.502900397195479298e-01
4.381233180457452803e-02
1.374311721419957943e-01
9.171571459036647056e-01
9.543348055411879916e-01
2.110753112999355641e-01
8.531211415828053590e-02
2.372584762282778648e-01
5.364711581259343776e-01
9.163703597400795209e-01
1.030463815743081213e+00
7.932220769240849734e-01
1.249584662588674178e-01
5.366691773816333749e-02
5.150199086920447672e-02
2.961691773156315821e-01
4.765316525354040822e-01
1.600025605544960483e-01
6.525280316320086760e-02
-2.224343874967972187e-02
3.712366672072778262e-01
8.540063312742200985e-01
3.653389097139121688e-02
5.110362452973682412e-02
9.014771199375584687e-02
1.712264949157454585e-01
9.441312545227954767e-02
4.356964148239943491e-01
2.680725958771534856e-01
7.804944384261434942e-02
3.388370038024866582e-01
5.235668805541501269e-01
4.394170429062835281e-01
2.671275842341265805e-01
3.678252520806472858e-02
1.711455892279734048e-01
6.283517503219573364e-01
-7.599271084234656033e-03
3.601974709690985432e-01
2.889965373164262163e-01
1.597959478921221199e-01
1.865403315887497748e-01
