4.358698986467762215e-01
9.912169964671531108e-01
2.377480985367325106e-01
9.791539231675149280e-01
1.002217511815959083e+00
4.630293874805264664e-01
-9.416886394627926204e-09
9.421412046774696458e-01
1.052454654856359584e+00
4.807860915414933212e-01
1.253066935941139493e+00
9.245715540804922972e-01
9.481903094633501450e-01
4.584156443654143626e-02
5.588568612699361671e-01
5.799081919528393803e-01
3.549503460759971807e-01
1.755346545236392275e-01
1.031194772707194063e-01
-5.310668519144310037e-08
2.431119308864710879e-02
2.008176715030799697e-01
4.676642365597378226e-01
4.832604537419700197e-01
3.066124631625813945e-01
-7.260061585580816468e-08
1.737567395734493370e-01
-1.990293822494885098e-07
6.377831445791555819e-09
5.373414811513942402e-01
1.404961232399312143e-01
-3.951024662715566150e-08
-5.943437030646350356e-09
9.133113366513365920e-09
2.383793931287388365e-10
9.253978358907138935e-02
1.838384566989128277e-01
3.165512595226442762e-08
4.203989849747834240e-02
5.439332278425825969e-09
1.329432809210371153e-07
1.917743957108511895e-08
1.322390972742403947e-06
4.823408496391592415e-01
3.541783140511659096e-07
3.761151374402358955e-08
3.618609974565844174e-08
4.127648419424604365e-01
1.373897258633873764e-09
3.188715389076689499e-01
2.486336829776848723e-01
1.057350922591249807e-08
4.484097279303700390e-02
3.026386695634954160e-02
6.163167995559749387e-10
3.356566168907587667e-10
5.791833641866440952e-02
2.976584310448794346e-01
4.142573137728027373e-08
-1.227347392731662128e-08
4.351922191749622360e-08
7.480092540285260272e-02
7.448076049152329970e-08
1.424742872421747575e-01
9.460514206483222610e-02
7.564988299036472183e-07
2.453624213990161784e-01
5.648632746006648775e-02
-5.063153729741234687e-08
9.600421515682007985e-08
3.659997117660763760e-08
5.554258792605089035e-01
1.538488657490185929e+00
2.712171599091898796e-08
4.073790368144804275e-02
4.285919680871465576e-01
2.243873295586734651e-01
1.566743833949464371e-01
1.080326541466660453e-07
2.702316994968045546e-02
3.450383142335767261e-01
6.171720265066966693e-01
5.861550496462665238e-01
6.986962681719318669e-01
4.552878600666923625e-01
4.046672719365366766e-01
2.072283549395658719e-08
2.338126018392706618e-01
2.113628867512099552e-01
7.747269472117455091e-01
2.540081804268148336e-01
8.758671145464667074e-01
4.719933589320044476e-01
1.678161243743681030e-01
4.119156480350804062e-01
5.726362626092852681e-02
3.680355589704904864e-09
2.374629884557171819e-08
4.952184249387769910e-01
7.480269750232475534e-01
1.422111235372878646e+00
4.164416062122718865e-01
6.167561731245029266e-01
7.022506163902623999e-02
1.715000128588585175e-07
4.360545451569622366e-02
1.023003045587232984e-01
1.619305041553334434e-01
6.283134285978409242e-10
2.225261406086053995e-01
4.939246915382745370e-08
6.468444610069009063e-08
7.709939918998564012e-01
3.420410522940028342e-01
1.202759996202098498e-08
1.829016879258884672e-07
1.425283822240733681e-08
7.488975336598678589e-02
2.231098826865141284e-07
8.996813869831725707e-01
6.688272542800148823e-01
2.449958382534942747e-01
5.341827295455867915e-09
2.029460505744916932e-01
4.105573867947978934e-07
1.261311522217891667e-01
5.639146448150370583e-01
1.832626309433118550e-01
1.626963012127760969e-02
1.611137527190846994e-07
1.592029702010404613e-01
-4.030398438418272139e-02
7.000670817967925684e-09
8.924364407373556185e-01
1.464463644367469120e-01
1.700985966136113747e-01
6.695568697731553165e-01
5.433181963131599179e-01
2.083641501586231126e-01
7.300679896094373067e-01
9.686490451227555143e-01
-2.506343544328445277e-02
2.066927003233700778e-09
1.709460459838163179e-02
3.548544230466428306e-01
7.192986851592398923e-01
8.828154673971099209e-01
1.015625272162119952e+00
9.455695327109355786e-01
5.148538373423503511e-01
5.576425580665866910e-01
6.456400248949443199e-01
3.740582514093950262e-01
6.753086876868154009e-01
9.452442543442750589e-01
1.159779026758808868e-01
1.400866304968376996e-01
1.707751948451722776e-02
5.633257023448787204e-02
1.019146165628747602e-01
6.862061718593664983e-01
1.025562357501820232e+00
2.072898717385325829e-01
3.851585788705797676e-08
2.588160291475814014e-08
1.286420822189432478e-07
2.652555861682833808e-07
7.021116080294546036e-01
7.844252505758895211e-01
2.509404193426427732e-01
2.258909951468922039e-01
2.018140537549522505e-07
1.104306196987639155e-01
7.241518950690135903e-02
9.708634338211900028e-01
1.068859860350056756e+00
2.289285981015545257e-01
1.592663548224254877e-01
6.574769850960685003e-02
5.212829970355500049e-09
2.288042480738915825e-08
7.850056701648823188e-01
1.679271295160931210e+00
8.580359792924230344e-01
6.446949308543360457e-01
5.773933636940077330e-01
3.628671011627562226e-01
2.090267273587118335e-01
6.770037402232597090e-01
6.715223753244070615e-01
4.404873919629542778e-01
2.213771995143431204e-01
2.015095528482928056e-01
1.664243030872623874e-01
1.860875913297206363e-01
7.689297528757115252e-01
1.324498833460488800e+00
5.493865462712835823e-01
6.644723428316687830e-01
1.262101777970299765e-01
3.221284833671470560e-01
1.049598916102528895e-01
5.111477976797316192e-01
8.723038251306366453e-01
1.998532360902122995e-01
1.852721525245397682e-01
9.828014449483791701e-03
5.088741473931123610e-02
1.362955680243621859e-08
5.209481149865053951e-01
7.600097748010604670e-01
4.267549882498458125e-01
3.120773044558061704e-01
-1.629694554837078299e-02
9.074193005766114650e-01
1.504533500748566621e-01
2.165263690344991498e-01
5.979556940909976914e-01
7.232757023280831365e-01
3.120593922869366321e-01
2.738807020804036596e-01
9.003861613448269074e-02
4.370209839362259596e-01
7.539443871899902394e-01
9.611353774589244114e-01
3.016943952390342409e-01
7.061030985135579030e-01
4.069756187299147787e-02
9.663103846607246084e-02
4.825236370993917639e-02
9.505567575464440866e-01
9.591807435244599223e-01
1.866251286996899184e-01
1.808498793163459961e-01
1.108745664540912168e+00
9.543703646579778654e-01
1.681386164025924779e-02
2.214214446782754309e-01
3.882102573211627661e-01
2.951624972850799278e-01
9.067914593612823315e-02
1.165016706700805621e-01
1.566177474205102116e-01
1.388270589819216860e-01
2.747796281463226187e-01
8.167996267880216488e-01
5.998269802419572416e-01
5.014739193189150512e-01
6.186752983491327074e-01
3.939320374896251309e-01
4.490306957186421255e-01
3.824058314425910488e-01
1.089222458076385180e+00
7.057734254439181898e-01
4.232394167632070880e-01
9.658807876130151571e-02
4.224136802413540059e-01
2.002048237859858359e-01
5.257040235749602664e-01
9.074638555057326084e-01
8.377815346255326201e-01
1.206314777139077199e+00
1.751871655907429215e+00
8.152612147774751516e-01
6.350913149095316346e-01
4.082124154826893836e-01
9.646497392580590802e-01
1.443561731493628653e+00
1.541524647729244912e-01
-1.597160940449972658e-02
7.724129648986122199e-01
4.157394362247464059e-01
7.316106900933013746e-01
1.085092643112225197e+00
4.135309055500245301e-01
8.882846669278727791e-01
1.156330191253219120e+00
4.691317383960471044e-01
2.257620021139275235e-01
8.546981021736733686e-01
4.232510761424564949e-01
9.278924945651857437e-01
2.823733076522967900e-01
1.579135116742174771e+00
6.066899897340478631e-01
4.716848137564134680e-01
1.158361146368038996e+00
1.463316282757571640e+00
6.560239718708464896e-01
3.643585941125943584e-01
9.007962127004860431e-01
1.047992608860611519e+00
8.597232559617383751e-01
6.226781474074999378e-01
9.786115730217840314e-01
2.489354761714033248e-01
2.887867036506463481e-01
4.703134332554086972e-01
3.172391531708650403e-01
6.155756891584323043e-01
2.370411382022696023e-01
5.245853295333776645e-01
1.230649654103793900e+00
6.091293481076393013e-01
4.592404567179202424e-01
8.985000188035897617e-01
7.075363709149994351e-01
-3.076081647565362051e-02
3.254124512797881286e-01
1.201759652338675766e+00
4.936005406954722119e-01
3.289277631773768751e-01
2.641190375879268748e-01
4.668092308869375984e-01
1.452104094475903384e-01
1.863107688061597655e-01
6.623829002098707841e-02
9.682850190419680647e-01
2.861699581169746542e-01
1.652060891033499956e-01
2.655572548733157329e-09
7.076781885966999427e-08
8.655793454280333865e-01
5.572548175651479418e-01
3.918888392092231138e-02
1.193831877188208379e-01
7.765525354802629288e-01
8.723191867096848906e-01
1.071801930746171111e-01
1.250965960665743697e-07
2.360947041949263969e-01
5.564538787594145441e-01
6.660924958336821300e-01
9.903920211074693780e-01
8.077344210331537377e-01
1.202561156618781463e-01
3.291025496501692044e-02
1.912428462932191930e-01
3.437168608605395970e-01
5.099157635958330159e-01
1.619310540661026698e-01
1.040702906522058269e-01
-3.338276501297695459e-02
3.712365672128161154e-01
7.975727930255579468e-01
-7.886878833843124700e-03
1.128006910536420576e-01
1.705171942409802466e-01
1.658790235729328266e-01
-5.321123615475468792e-09
1.852626910009563268e-07
2.504665105240174161e-01
1.972834409889541105e-02
1.959993682340500920e-01
4.757981038078984981e-01
3.902878066311914473e-01
2.274506718600314281e-01
3.987267008437297283e-02
1.409613268599714808e-01
3.916498300907423902e-01
3.046558487901829260e-02
4.354635277583924213e-01
3.049694272204064305e-01
5.803430756898729503e-02
8.923640508636406746e-08
