4.358659769902642478e-01
9.912127545016726771e-01
2.377441466863999819e-01
9.791495603861379848e-01
1.002213379996641729e+00
4.630247864169574346e-01
-9.492114498878980017e-09
9.421372573276906026e-01
1.052450493553571009e+00
4.807818326186384938e-01
1.253062862042163994e+00
9.245671207492354160e-01
9.481862206250238900e-01
4.583922724722560432e-02
5.588527117195732918e-01
5.799056853783001175e-01
3.549467337772033160e-01
1.755310365974014630e-01
1.031183406718137602e-01
-5.310601276011541218e-08
2.430994468807991943e-02
2.008139005848600667e-01
4.676610404195294390e-01
4.832567322546254540e-01
3.066092822245005123e-01
-7.259628674197627356e-08
1.737543104550654804e-01
-1.989952634885696005e-07
6.374224653040246270e-09
5.373371675403015857e-01
1.404934693854167360e-01
-3.949756823505259112e-08
-5.942540859253005180e-09
9.131620979843173763e-09
2.380475548944362816e-10
9.253817196248027843e-02
1.838357637299338765e-01
3.165513300825259629e-08
4.203841775811482245e-02
5.440324599828121283e-09
1.329237618341870172e-07
1.917655870854345576e-08
1.378368695005774281e-06
4.823367313735461570e-01
3.546626635642849314e-07
3.761269062191474546e-08
3.617942111441491536e-08
4.127611520181936888e-01
1.373693850282033047e-09
3.188678327232911669e-01
2.486296049076205383e-01
1.057751406867006226e-08
4.483957002173918210e-02
3.026271334506477548e-02
6.166134382057298847e-10
3.355969569278614537e-10
5.791701563987130402e-02
2.976545304441207129e-01
4.143074472640306771e-08
-1.227014729358710594e-08
4.349785749923925460e-08
7.481869954946769596e-02
7.447275016795136131e-08
1.424738395842877481e-01
9.460360598223764572e-02
7.561671431192605316e-07
2.453585560123393849e-01
5.648400108183560669e-02
-5.063592294314363756e-08
9.608596620680539696e-08
3.662079540425486995e-08
5.554213333576852873e-01
1.538484691607604926e+00
2.712963481127042001e-08
4.073529074641631109e-02
4.285882253490231331e-01
2.243849488967688266e-01
1.566850932978058331e-01
1.078790644340065696e-07
2.702219802457979034e-02
3.450343145591044380e-01
6.171756591226400523e-01
5.861671681133802103e-01
6.987230113745314108e-01
4.553137070070423231e-01
4.046644648356796381e-01
2.069908122765125987e-08
2.338084579325421242e-01
2.113633504825706833e-01
7.747413053180312037e-01
2.540343606354741879e-01
8.758758609359765801e-01
4.720355445948274387e-01
1.678149653266419461e-01
4.119328012316155752e-01
5.726215483360556219e-02
3.636911184956128214e-09
2.377758041299429752e-08
4.952670793372525027e-01
7.480397813438265375e-01
1.422120170580246201e+00
4.164369949950357253e-01
6.167521204275879798e-01
7.022282795313553039e-02
1.716039911835971968e-07
4.361088907103426171e-02
1.023078475807408239e-01
1.619261904440887356e-01
6.307396900987970047e-10
2.225303427202895978e-01
4.944120529486716570e-08
6.476143632618498972e-08
7.710244649769739667e-01
3.420737328335534122e-01
1.204443778423039135e-08
1.830902805322240107e-07
1.424037233209754593e-08
7.490070355565643656e-02
2.248069348560550473e-07
8.997004743814425165e-01
6.688758841509530040e-01
2.450205826690906030e-01
5.346404093327622168e-09
2.029518865003476780e-01
4.130216935976446652e-07
1.261471630047997505e-01
5.639466493214738696e-01
1.832761675988513472e-01
1.626854734756495724e-02
1.612724783000281523e-07
1.592016537480380467e-01
-4.030533010774518116e-02
7.143989770946955400e-09
8.924963814469845103e-01
1.464643821279894009e-01
1.700961349141437984e-01
6.695908056303122580e-01
5.433668554624098146e-01
2.084029817502345838e-01
7.301081086885464755e-01
9.686803688360086095e-01
-2.504775833596084925e-02
2.072591331000700880e-09
1.714450595534926930e-02
3.548907866980494097e-01
7.193535587321208125e-01
8.828768900202891290e-01
1.015687826455328624e+00
9.456281920360011251e-01
5.148792120477778678e-01
5.576772599366632832e-01
6.456996925202173054e-01
3.741284635581905715e-01
6.753759595317379016e-01
9.453076003398199756e-01
1.160253324351012277e-01
1.401125303735658578e-01
1.709246266893357791e-02
5.635154092191769354e-02
1.019506342859159698e-01
6.862577567195511374e-01
1.025610473313505855e+00
2.073454246891051900e-01
4.071055868132276106e-08
2.588304885587768809e-08
1.299383815263566108e-07
2.653194781600042145e-07
7.021561946172609758e-01
7.844684025699284469e-01
2.509571916728249863e-01
2.258905953090291074e-01
2.017812281422009023e-07
1.104344505469780080e-01
7.241394528985206636e-02
9.709217587528109483e-01
1.068923171941938532e+00
2.289584376350908002e-01
1.592940153760530608e-01
6.575264270316492909e-02
5.268740516210001935e-09
2.292256381085865412e-08
7.850309286730408065e-01
1.679295772922732022e+00
8.580321125304671837e-01
6.447183880777174192e-01
5.774268391050684235e-01
3.629048815809340356e-01
2.090585179852104958e-01
6.770579263269231873e-01
6.715560124317776491e-01
4.405520295682517351e-01
2.213850966636787543e-01
2.015581351990727021e-01
1.664213382323939949e-01
1.861261163672127406e-01
7.689609514310600247e-01
1.324526167636704832e+00
5.494014242110940582e-01
6.645225482077909973e-01
1.262108574984839027e-01
3.221359691934032043e-01
1.049787490595424089e-01
5.111794902104027649e-01
8.723172485041301716e-01
1.998682278162187131e-01
1.852777782804815032e-01
9.832962535577303639e-03
5.088642459558628817e-02
1.362012742283851605e-08
5.209607802225829642e-01
7.600378193867244336e-01
4.267510216095744546e-01
3.120815576034843275e-01
-1.629782414094763099e-02
9.074188433593303182e-01
1.504901851629199261e-01
2.165339391270769132e-01
5.979968559849112575e-01
7.232714125771757541e-01
3.120901344203311778e-01
2.739000240029560440e-01
9.005021973956969794e-02
4.370739073975428712e-01
7.539981984798413972e-01
9.611720127052608698e-01
3.017430266704147490e-01
7.061353255731882550e-01
4.071031532064144781e-02
9.662760066422497462e-02
4.826141964724766503e-02
9.506064200727298852e-01
9.592433355426267516e-01
1.866619744580433615e-01
1.808484598603248561e-01
1.108741444221873929e+00
9.543658750578012384e-01
1.680967546211804484e-02
2.214682912148009941e-01
3.882437836021359612e-01
2.951590072010327193e-01
9.067748601643450812e-02
1.164993577163214167e-01
1.566143076727204986e-01
1.388313021554957727e-01
2.748386745763857220e-01
8.168544015080918541e-01
5.998400477799019637e-01
5.014698141386811914e-01
6.186876070134896821e-01
3.939282557885670499e-01
4.490266723825988571e-01
3.824196106892638891e-01
1.089286119671873942e+00
7.057897785861070306e-01
4.232352568339778354e-01
9.658675606690082793e-02
4.224101710677211630e-01
2.002025350366414547e-01
5.257384205631295826e-01
9.075000023678184702e-01
8.378093602084094593e-01
1.206320707312431573e+00
1.751902694222138290e+00
8.152553765017194198e-01
6.350884451550878884e-01
4.082530562880264391e-01
9.647035984425447186e-01
1.443578975975338574e+00
1.541499929724770845e-01
-1.597562602320224193e-02
7.724086199375561623e-01
4.157379228418864869e-01
7.316433196031818520e-01
1.085152957303328058e+00
4.135272809693403273e-01
8.882950912430629398e-01
1.156357902396642379e+00
4.691370561208032530e-01
2.257578943381015613e-01
8.547538369796655600e-01
4.232911272963877924e-01
9.279352533314938478e-01
2.823684052552393742e-01
1.579155191058784879e+00
6.066947961444342230e-01
4.716978004579152062e-01
1.158374473631594848e+00
1.463341386031679958e+00
6.560195312395501466e-01
3.643876344929546374e-01
9.007897864247287334e-01
1.048000780485226269e+00
8.597234939463735959e-01
6.226740877371511607e-01
9.786348836068962109e-01
2.489302141023920223e-01
2.887914746203102956e-01
4.703092027205162395e-01
3.172343841444447698e-01
6.155712877160843810e-01
2.370393497550099260e-01
5.245897277312233653e-01
1.230646061682121317e+00
6.091251630743852452e-01
4.592368030392421918e-01
8.984954591275355895e-01
7.075322298430308798e-01
-3.076490727254958812e-02
3.254078499913333200e-01
1.201755794319830928e+00
4.935966392535893754e-01
3.289230659886887564e-01
2.641154639170730789e-01
4.668048942984066585e-01
1.452080734548781560e-01
1.863086061522204184e-01
6.623504235611374358e-02
9.682810049842770495e-01
2.861652815284628226e-01
1.652021578552828884e-01
2.652013960454282305e-09
7.075281690882052585e-08
8.655756124364371029e-01
5.572506994286617887e-01
3.918751311031118401e-02
1.193794267309418594e-01
7.765481678468992843e-01
8.723149627208611756e-01
1.071778133810789985e-01
1.251421423904155465e-07
2.360911280024240722e-01
5.564500768724869317e-01
6.660878649849059085e-01
9.903874804532798448e-01
8.077298892699378285e-01
1.202524079835303322e-01
3.290757828459049683e-02
1.912379715267957803e-01
3.437126919436560013e-01
5.099109037977185288e-01
1.619262108280625223e-01
1.040665177856954227e-01
-3.338534724298816703e-02
3.712326346840997826e-01
7.975690594010942380e-01
-7.889577556480361839e-03
1.127966506052255208e-01
1.705127507437410872e-01
1.658758922915622436e-01
-5.322121482737818726e-09
1.852611129945106376e-07
2.504624660521393431e-01
1.972705440398007590e-02
1.959972300974258119e-01
4.757935227937152844e-01
3.902836333408675196e-01
2.274457498982625780e-01
3.986881440884813832e-02
1.409573393399507213e-01
3.916458900304154445e-01
3.046372543612387712e-02
4.354597183776081626e-01
3.049653297231824101e-01
5.803317951489160575e-02
8.919765635105222125e-08
