4.463777227995526786e-01
4.545672542978503872e-01
3.608457969301471779e-01
2.860359056093783048e-01
4.437737774823268255e-01
4.683130178088943940e-01
5.335589128302237194e-01
5.177585996303361027e-01
5.490535649694959774e-01
4.862750316164707876e-01
4.595250696581906213e-01
2.307398054694270728e-01
3.691539345800883276e-01
4.158795631692575601e-01
5.280955521930355001e-01
5.327018064756823268e-01
4.964565016172496348e-01
4.986533349206854204e-01
3.883408095682679972e-01
2.958819575378583977e-01
1.178939675685103522e-01
1.343128998535829954e-01
4.657901322289269563e-01
4.445252624864698965e-01
4.708938967494376016e-01
5.082139968039240951e-01
4.738561753491850603e-01
4.819109961622102811e-01
4.271148089069339848e-01
4.028797339810863409e-01
4.349810671481949553e-01
4.321650333756497653e-01
4.827060189191266781e-01
3.659931401367486070e-01
3.655022328771839191e-01
4.595777679352737177e-01
3.566773427892970805e-01
-1.635012334144895357e-02
1.118795718142321372e-01
5.110009196687881339e-01
5.428729956115343480e-01
5.676130650970430125e-01
5.321833321076931966e-01
4.940565529993588001e-01
4.418183474787157894e-01
3.811080323843093476e-01
4.700805974398906129e-01
4.234037669347040511e-01
4.168960488352526084e-01
4.030596369878379215e-01
3.380201764669781284e-01
1.916697912067893139e-01
4.233114503004076212e-01
4.118774330170476006e-01
2.854443265844324173e-01
3.803515014124541072e-01
4.373476149686670311e-01
4.181809185082566160e-01
3.624521129295719679e-01
4.422665720753297669e-01
4.595023260345575400e-01
4.767144338930550118e-01
5.003871503411742028e-01
4.791419713085740550e-01
4.187994892646519363e-01
4.143603912118131172e-01
4.993675802002927044e-01
4.878173179358843425e-01
4.948664113717803348e-01
1.553091881878095049e-02
7.514665925785951606e-02
2.197311466375776595e-02
-1.243076464908625910e-02
3.992569870830769974e-01
4.867719359542144186e-01
5.012191868873169254e-01
5.525242818073092810e-01
5.234576977122054053e-01
4.952983947577986323e-01
2.396356734584023374e-01
5.268780422616837766e-01
5.765284768923578662e-01
4.866879571131259574e-01
5.369778111026461964e-01
4.625050340719486508e-01
-2.223133217528452943e-02
-3.109286547412761781e-01
2.480813186048038688e-01
4.664217144789778446e-01
5.184044035391931482e-01
4.518052811553828763e-01
1.555053959807999597e-01
3.183371495789933392e-01
2.265112043484071580e-01
-7.158450885358662585e-01
1.528410688353298852e-01
4.737971340493448702e-01
4.609528161934843826e-01
4.334971978972391726e-01
5.665855843868469188e-01
4.595266560234071429e-01
5.482636088382311090e-01
5.007059989391096089e-01
5.747614796810971427e-01
5.908929659346067176e-01
5.764881719937353655e-01
5.764259166272058810e-01
5.875102185286463774e-01
6.253392838577034318e-01
6.570691952643812339e-01
5.501937333979225464e-01
2.938370400666502347e-01
5.524108492327928221e-01
4.497273120542319980e-01
2.299807129851275389e-01
5.385972827690115317e-01
5.224720186522546772e-01
5.571905934987124720e-01
5.357669713669596101e-01
6.418895802401649586e-01
5.456424720592760735e-01
3.253888661630444101e-01
5.481129591721382033e-01
1.223851998953340153e-01
3.736696310200986887e-02
5.435996809391767659e-01
6.405251141940848658e-01
4.293660889196596053e-01
-5.772853550035967896e-01
3.959804494917580353e-01
6.729561184249998051e-01
6.247308128353077361e-01
5.892630138958030450e-01
6.745131086461644276e-01
5.525023061511951106e-01
2.182402096655028101e-01
6.188349549529237326e-01
6.673557596505970135e-01
6.923577670102502024e-01
6.338640621539850528e-01
1.485397047608827126e-01
-7.794404246416208881e-01
-1.287876488412084131e-01
1.342855484559866697e-01
4.940638111491458817e-01
5.802097965541925806e-01
6.246170186843649219e-01
6.809579157939154026e-01
4.646449305744759783e-01
1.928422719974737520e-01
6.096229978782174985e-01
6.089097971163298650e-01
6.145222274116663996e-01
5.645339123722625807e-01
6.701136210930622727e-01
5.897915497212588010e-01
5.450470549973793766e-01
6.804290759552196199e-01
6.954751216432329963e-01
7.031989679631724943e-01
7.405060097303362010e-01
7.270389258417717659e-01
2.774076358706550338e-01
-2.305420803357568493e-01
6.286660388219574847e-01
7.576278940988221411e-01
7.622404064241203869e-01
6.657643780651545384e-01
7.222567170391374081e-01
6.284743168678119662e-01
4.459833275323589752e-01
6.650236822999985309e-01
7.362711517488914614e-01
7.812292510153532321e-01
8.276772907620072450e-01
8.347796511902044747e-01
7.621073612254340990e-01
5.267738798008152479e-01
7.795716288320901910e-01
8.256919489198101259e-01
8.297689279058086953e-01
8.116884496246417058e-01
9.000035066719407340e-01
7.615660435606212975e-01
7.806825625690273496e-01
8.229943910660635353e-01
7.418893952386000912e-01
8.443805672065352041e-01
9.171091208098322012e-01
8.543632369181466402e-01
7.509150586706260233e-01
7.116274265546065347e-01
8.334235105073477534e-01
8.707231734873228657e-01
8.093547363550568363e-01
8.357740744907296015e-01
8.000279427065536408e-01
5.314192985354626586e-01
2.908860814677204920e-01
7.289013429087534135e-01
8.434556214212221015e-01
8.288890171630930448e-01
8.271434439917528803e-01
8.447224936100734549e-01
7.216810157242364854e-01
5.161894758595466648e-01
7.892683207233377463e-01
7.988643970098943115e-01
7.244718403998329226e-01
2.215466354750712796e-01
5.145547468875975028e-01
-1.516368515780325277e-03
5.346422059195652388e-01
6.054188284392822972e-01
8.408781995287891720e-01
8.611792160387606865e-01
8.666212141463516261e-01
6.527443889501247654e-01
5.780426515706500457e-01
-5.722403644674888268e-01
4.055716140108144296e-01
7.515351289993943418e-01
9.028195040638187230e-01
9.570833826652165310e-01
8.454402065945821887e-01
4.427456682058290571e-01
4.675007966162991746e-01
5.899412271662753948e-01
3.462101005051440028e-01
6.837824832557971577e-01
6.795151891590081039e-01
9.210997119570540903e-01
8.649520309695374332e-01
7.318608658386929200e-01
8.282254982731811488e-01
8.626317848169386959e-01
7.993205486204563170e-01
7.958302004570918520e-01
8.638389237158308198e-01
7.985066523386918913e-01
7.547815846884250446e-01
8.488007640726126235e-01
9.654791136209099900e-01
9.933369064266344139e-01
1.050767109647930964e+00
9.943035453423477721e-01
9.840983960945157705e-01
8.296943726906486072e-01
1.098956977769208976e+00
1.154564089091248746e+00
1.150972288309350944e+00
1.148242024843995512e+00
1.251457780421087129e+00
1.217798954566527980e+00
9.118427445738731540e-01
1.171448211688961072e+00
1.245312196069837452e+00
1.431373027510483009e+00
1.356176764903663345e+00
1.354365080194375626e+00
1.260243326039715672e+00
8.037476121450446431e-01
1.121699464611136232e+00
1.309769124569379883e+00
1.099255450634591291e+00
4.889104108999863252e-01
6.623766616102391147e-01
1.114374688475766373e+00
1.120940401322263469e+00
1.134939479615430846e+00
1.130278520716211599e+00
1.025231241258681258e+00
7.651959417342251157e-01
6.913055360328352883e-01
9.703438592629032300e-01
5.053563120077549792e-02
7.638273093006220371e-01
1.126463613796847563e+00
7.518694863010575435e-01
2.683922993416271829e+00
1.778465337380878974e+00
1.237767767206396474e+00
1.146515702000665993e+00
1.311815421401761661e+00
9.980917133349820336e-01
1.512374695039289563e+00
1.340348915806296226e+00
5.780495227362214550e-01
1.241265656315435839e+00
1.165642561225113782e+00
1.246055278661337695e+00
1.075857653942708048e+00
2.249244474235362334e-02
2.810953746596164815e-01
5.712625350436713045e-01
8.070137247776216771e-01
8.934336435831936596e-01
9.465867715927076542e-01
1.323945277120335939e+00
8.616195920071267889e-01
1.335571372502941445e+00
8.540553105311246007e-01
7.394994062919681976e-01
6.043709254842516421e-01
4.360580664158109077e-01
1.412855546717718180e+00
1.472226863675322406e+00
1.607767090839459456e+00
1.246860264683783415e+00
7.735721351444012628e-01
3.872700471079823514e-02
6.631629123552460481e-01
1.600060332860576473e+00
1.154140813625407880e+00
1.734496579808421757e+00
1.607043867025226724e+00
1.160849649476962231e+00
1.696809026542540622e+00
1.685249018775109020e+00
1.812010553552491077e+00
1.706151978532499225e+00
1.019155792741941902e+00
7.846148209616263802e-01
9.738017725668858260e-01
8.454991716784452382e-01
1.653193384916844089e+00
1.695439945197789733e+00
1.971549943109212943e+00
2.034599095812455793e+00
1.624971216786052164e+00
1.647246262101192293e+00
1.952001057704416898e+00
1.584977308289950315e+00
9.451522964381643410e-01
9.947201689556510740e-01
4.986721584623911019e-01
1.269878040141250164e+00
1.734792478079669742e+00
9.215167641700885426e-01
1.943910694732958966e+00
1.300176363493127152e+00
7.952322358504382294e-01
1.989193142532298175e+00
1.760087210999024432e+00
2.189655492996077424e+00
1.182068546765228767e+00
1.636832002273206577e+00
1.689555275641595244e+00
2.204877490009568675e+00
2.481149617535751695e+00
2.740990953864658408e+00
2.605040948118940936e+00
5.977246686783573848e-01
1.582985817511241677e+00
3.224817054756708323e+00
3.566401543467782709e+00
2.729847234108774501e+00
1.121062563069066709e+00
1.550095028951109288e+00
1.534839759866307052e+00
9.076259084351026019e-01
5.298623261985936361e-01
1.077840111172058135e+00
3.824533443283766321e-01
2.221497030570312569e-03
