-5.867076311210514539e-02
5.491219909647757635e-01
1.259273471763024954e+00
2.055127818352642521e-01
1.990158390096476507e-03
9.955507080201668746e-01
8.660261874020989126e-01
7.602281171298216900e-02
5.666390849472863200e-01
9.932218799770780038e-01
3.030862118448696216e-03
5.482091801902876788e-02
1.256991351836055371e-01
3.414307577450853559e-01
5.547074280208735830e-02
6.607720684018369983e-01
1.028766577642790558e+00
1.321718813794236391e+00
1.131763375474458710e+00
1.573039207620548829e+00
1.405411438363436627e+00
1.304524865169921499e+00
1.632345285771530818e+00
1.697680806702744016e+00
1.617256599535001005e+00
1.501916408686316817e+00
1.413638268182252355e+00
1.389418534269253769e+00
1.221779993644379392e+00
7.548090715343212798e-02
1.041356949501150098e+00
7.079509335184982488e-01
8.154855145255310855e-01
9.670412803721544215e-01
1.208517989668596027e+00
1.202425478653431856e+00
1.577846536102341268e+00
1.526169965425740793e+00
1.472636706425494157e+00
1.234335093324256505e+00
1.189759756295666993e+00
9.048925214285009622e-01
1.279829103304145566e+00
1.438558482148359019e+00
1.406716239016363890e+00
1.340224926242971293e+00
1.237912969501063998e+00
8.172521426469334660e-01
4.718862041446568734e-01
1.032763132224735259e+00
3.473576368519849522e-01
5.532438049456400719e-01
1.401519689700498450e+00
1.376140870697444285e+00
1.164775656326689335e+00
8.084785555064024631e-01
8.784486629693856186e-01
1.387743927706118097e+00
1.330150332235215505e+00
1.315733024438320076e+00
1.361746991619874336e+00
1.296958239335100682e+00
9.770416266452088827e-01
1.097550697325495372e+00
1.339774012181669693e+00
8.946870941035385272e-01
1.231578035713817521e+00
1.199014334863374387e+00
1.075441543690221824e+00
8.787060498955956422e-01
9.366832575949640693e-01
1.446570778207481311e-01
4.009743480324239051e-02
1.129225243429604397e+00
9.902994899828471143e-01
5.804698201757798603e-01
9.462544776968148108e-01
1.041814804734277011e+00
1.172968077490361027e+00
1.140344463657406049e+00
5.186517701917359169e-01
4.747614964508393154e-01
2.577575124152586827e-01
-3.108644426890264795e-02
4.366591485480266766e-01
7.871046245729704793e-01
9.397021600880277603e-01
1.045007518589974094e+00
5.897265103952964438e-01
7.758123609686609079e-01
4.969241176361540169e-01
4.404079591780155623e-01
9.619038980637046876e-01
1.175280966948644590e+00
1.251348984101202877e+00
1.179954755123831411e+00
9.958186045471670855e-01
1.121941380226324947e+00
9.363042681797799638e-01
3.226668173440114251e-01
1.112985436405444437e-02
9.027112963435129922e-01
8.655799263899517371e-01
1.206637705738390132e+00
9.941384750081239119e-01
1.061872572419621186e+00
1.126810341387187719e+00
1.001423435620067304e+00
6.280974266774480563e-01
1.009024874256521764e+00
6.041826185967854590e-01
5.901852827714697547e-01
5.836434748425011199e-01
9.165006784408140650e-01
8.709263262088673407e-01
9.978097625155892825e-01
1.017967999767910303e+00
9.943935372571153231e-01
9.338808362152172249e-01
4.216620093536094238e-01
8.262475993664004648e-01
9.127477379678686775e-01
9.811410377638403180e-01
8.851308740603427427e-01
8.527246260142206102e-01
8.041832512311215542e-01
4.362276694599941940e-01
8.612036591387393081e-01
8.215600375781058062e-01
9.694908749460987574e-01
1.083508361792784536e+00
9.349033761938552178e-01
5.654041109046871183e-01
4.499512135969145343e-01
1.068946670608609706e+00
6.667985111922836161e-01
5.213836059850481819e-01
7.287935174182987863e-01
7.678500731136067570e-01
3.243390524855168100e-01
-1.508990606738737639e-01
8.147097194892747307e-01
5.305365548679260579e-01
8.380250410301530728e-01
6.141911826719148593e-01
4.733027460716966450e-01
4.127424842869816812e-01
-9.500173955994553054e-01
-4.660899888100276667e-01
7.270909539223608942e-01
5.115274267024720878e-01
4.804416031648258700e-01
6.636825060006260601e-01
3.848863975326873854e-01
9.261134149331728960e-02
7.898217394706700256e-01
8.557373602019862080e-01
9.094014949683826288e-01
7.846989512518774967e-01
7.935969640428381933e-01
2.774065037232208430e-01
-6.791328969246221425e-02
8.236413908959938635e-01
7.519981997290644538e-01
8.882741591633571687e-01
1.036204828920801013e+00
1.160008325393410367e+00
8.323723922878281112e-01
6.932425045259993368e-01
9.864959632952194912e-01
1.076131876480990179e+00
1.105342185033521663e+00
1.195715150579088615e+00
9.521393049480928461e-01
5.373453188020438365e-01
4.611112542950369653e-01
8.206083270236126381e-01
8.796013486613571963e-01
9.765771202633946046e-01
1.074557225697720941e+00
1.025497955045509002e+00
4.971070523417816522e-01
-2.792080554218935085e+00
1.281303354823977725e-01
4.140880351904429046e-01
4.174636644464416735e-01
8.838232153439720129e-01
9.154405709695145887e-01
5.758818233526992181e-01
6.989076363975503803e-01
9.503027525804319531e-01
8.550206570564602426e-01
6.431372201824786528e-01
8.191599328839885841e-01
8.785841492520352070e-01
1.415941498355738071e-01
-5.788305700835562062e-01
5.679975392912729459e-01
9.298128891499839455e-01
8.886516252020666418e-01
8.550136424393075529e-01
9.741629594555969440e-01
5.927276340522803499e-01
5.593750206272089798e-02
7.646598431071462976e-01
9.500130212096231652e-01
8.529382753892331692e-01
8.342060145032632601e-01
8.545735176106407094e-01
6.191105270443797437e-01
-2.201390529253909045e-01
5.511900347440825687e-01
6.528969186211703857e-01
6.240104392857643845e-01
3.170238929705166964e-01
8.773231684061855162e-01
7.975271384202863301e-01
5.075017726310318000e-01
3.855757901734499504e-02
-2.551649329204033756e-01
7.232042419459712157e-01
7.432957664754969995e-01
7.658360460158976091e-01
6.058832967582222784e-01
3.984140824962481564e-01
8.571814890789755115e-01
6.899171069229153019e-01
1.008760008955763343e+00
1.020336968729836258e+00
1.011114067008934470e+00
5.887345433806264738e-01
6.403231420202307733e-01
1.032123897932334167e+00
1.062338033391597492e+00
1.135836754884374411e+00
1.255154101572219183e+00
1.036307866691825952e+00
7.940020024499478968e-01
9.594362598643284556e-01
9.583469562806179454e-01
1.064726120243168594e+00
1.023080730973442209e+00
9.521391160485683791e-01
9.965136895896717917e-01
8.339494687042573462e-01
5.711402948034787208e-01
9.240999890505401382e-01
9.008633291165184520e-01
8.858039210717072454e-01
8.436733893529646533e-01
8.453748163029223273e-01
6.316827411597270014e-01
5.438965835269130578e-01
9.802307382893800103e-01
1.086360192529980839e+00
1.034917432341908583e+00
1.010525239353349702e+00
9.306862188356053167e-01
7.223103561057857558e-01
5.890534503747230088e-01
8.694455257325071074e-01
-2.200771785467514965e-02
-2.152674255501146536e-02
6.323363549768150627e-01
8.974594455838962315e-01
8.852739616661522426e-01
4.237782266758725047e-01
1.264604688261408150e-01
1.031588463683593471e+00
1.022804459110748798e+00
8.364209715728543326e-01
9.439954005454498365e-01
6.457556915336720715e-01
4.554899374369071885e-01
9.898731367596196318e-01
5.570475848674324992e-02
1.088317983961222535e-01
7.480799408071352463e-01
4.903076836510422698e-01
1.589497750561226150e-02
7.635557515525652761e-01
8.645072835720639670e-01
1.010426354017756490e+00
7.655908900138619355e-02
9.358605483007860215e-01
6.714295655273816443e-01
-1.522298161090043962e-02
3.867223685445350667e-02
1.085290094043330544e+00
1.156499141472744796e+00
8.993695750334240735e-01
1.746804826849850389e-01
4.461616405791850037e-01
2.955739366456938688e-01
3.050790319326472932e-01
1.087832870596278312e+00
1.028949549556848142e+00
1.004337357751864612e+00
9.782358643208459714e-01
1.064993054278049245e+00
7.374445501106143830e-01
5.069277227714495682e-02
1.000214197377737868e-01
7.509974637022438504e-01
6.040583106084889131e-01
1.631849327852869236e-01
1.245838430312502243e-01
2.162969344896644441e-01
5.158173769259477570e-02
2.557548974704565437e-02
7.740139720885036434e-01
7.241719518892514307e-01
7.960133967275545563e-01
5.761319335217383042e-01
8.916303925741921876e-01
8.969208661214179701e-01
8.716090581176589858e-01
4.460140109464031180e-03
8.097018576505061738e-01
8.492707042793441463e-01
1.065454911650756564e+00
8.913404159114870495e-01
5.914480260170650039e-02
6.849435946635924477e-01
1.048944721920172185e+00
1.002550875134952779e+00
3.154426347490942861e-01
3.348417471948085880e-03
7.963032092317701149e-01
1.075379679799367549e+00
9.797125424746364608e-01
7.436375657560070351e-01
1.016571199121320213e+00
1.129010411746301124e+00
1.090604751780708703e+00
1.069061737268554690e+00
9.985393637149455603e-01
9.499117385851635342e-01
9.371300156115123237e-01
1.001957623531033237e+00
1.032976448024033989e+00
8.873962982825571721e-01
7.694413789013533345e-01
1.500947634881216464e-01
1.339588844531163225e-01
9.278013305993528803e-01
8.023073421524404836e-01
8.514117259091444900e-01
8.454636419102544709e-01
6.540997929261266330e-01
3.492877849049367267e-01
5.557125387553051299e-01
5.788453539192962571e-01
4.416488885645789564e-01
7.519768324846502761e-02
-1.832430956799431911e-03
-5.169828902737971923e-05
-4.946138625516713350e-02
-1.273456612864467541e-01
-2.187572193084604336e-02
4.885144555922700249e-01
-1.309467967224954392e-02
-7.138335955647147346e-03
7.828511794184964123e-02
7.030998719958221621e-02
