4.551806019975396800e-01
3.881282847884007792e-01
-7.121381733462822140e-03
1.148234348257586745e+00
8.972338247042590531e-01
1.248146680986944812e+00
1.170372052666024620e+00
1.577233028108216306e+00
6.610951197532435319e-01
2.038167052893371523e+00
2.148980526640640765e+00
2.001266651961462362e+00
1.657042397090535690e+00
1.242362792779519998e+00
2.069874663773858536e+00
1.358137542639234141e+00
1.816470769080491543e-01
2.062258582749289193e+00
1.634301821217924555e+00
8.171527532798582572e-01
1.263753444798755066e+00
1.316840861760736558e+00
1.920544448027437623e+00
1.970559546763152703e+00
2.227006993307676375e+00
2.194853004402861796e+00
1.144764684735901650e+00
9.032930605459660311e-01
8.802854904944940051e-01
1.000289497458898696e-01
1.155989156941684248e+00
1.520669364867541562e+00
1.338087911657765139e-01
1.729707885246678734e+00
1.265312651363099006e+00
7.078518297989827568e-01
3.912609991183780417e-02
1.506534053066526657e-01
1.166588673354687966e+00
1.270816992622142649e+00
1.901231600322560222e+00
1.819521989809981477e+00
1.389137055137078525e+00
7.436342121342565115e-01
2.089913362035451250e-01
1.286617217541314417e+00
1.080047769847868100e+00
1.780983289487457211e-01
8.330110656741214203e-01
8.635192823131181139e-02
7.083103729630860768e-01
5.638635605311186072e-02
8.984420354119005969e-01
9.382867481657556352e-01
1.139218384050333377e+00
1.054280840364402394e+00
1.990536533773689776e+00
1.575597352551539654e+00
1.836448997727802901e+00
1.645053412066791676e+00
2.538069828273651130e+00
3.140270770512653797e+00
3.398941105584561750e+00
3.229620014112771109e+00
3.064322685663522172e+00
3.738133794875100335e+00
4.018538296032566848e+00
4.074052838628558604e+00
2.544982488630924689e+00
5.287849934456742007e-01
7.767342775071430783e-01
6.567468559278814011e-01
2.307544829003224773e+00
2.661398163730893884e+00
2.338236315767808104e+00
1.518798089884247027e+00
2.155290691745738396e+00
1.199556241121298106e+00
2.161548077882070873e-01
1.346170778421526437e+00
2.204847236598398652e+00
2.072617091245770204e+00
2.248575270132287862e+00
2.200049326376128267e+00
1.449591668291503543e+00
1.645563031495528072e+00
1.965044702416824052e+00
2.335993368385019586e+00
2.509125554404622704e+00
1.968365074626877931e+00
1.316583166433686669e+00
1.468617937270807694e+00
1.608568094951907224e+00
6.840004640749337561e-01
3.585728133586983390e-01
1.137037283901422891e+00
7.244193979910458214e-01
2.008919399981318188e-02
4.518423698850509984e-01
1.896349775527698678e-01
2.000200698742131245e+00
1.647257112240625432e+00
1.837877928063717192e+00
2.119713526742690313e+00
1.857946317265748215e+00
1.211795012840287233e+00
7.377733189156092664e-01
7.654608105072640001e-01
2.000805899236269170e+00
1.876705507425213471e+00
1.891412624860827174e+00
1.559491587990848194e+00
6.539931515741673751e-01
6.812122167978892362e-01
2.018700710893365891e+00
2.239099554435807882e+00
2.096666003161107739e+00
2.156539892121488222e+00
2.172682832838206846e+00
1.886420353890813306e+00
1.765060703984734358e+00
2.061082271999084448e+00
1.999245368966705350e+00
2.161929070330851577e+00
2.247345621894230483e+00
2.183231308791710568e+00
1.948380911003813054e+00
1.424353930051911687e+00
2.039534905889538230e+00
1.504709928956062814e+00
1.222334571671296111e+00
1.313413867612731600e+00
1.319113673489652028e+00
1.073333967608531170e+00
1.061037644027311710e+00
1.941191220312961097e+00
2.062888241205065754e+00
1.914339175293990891e+00
1.931468330006336220e+00
2.031456768824547954e+00
5.675571780615111805e-01
1.432561891870446580e+00
1.764161701833192764e+00
1.076622605577792102e+00
1.672336823764899894e+00
3.664301469388233090e-01
2.790104551823224255e-01
-7.171751795042699551e-02
1.378658678624054446e+00
2.038300699836552710e+00
1.958372094743508818e+00
2.000314219094078361e+00
1.742877408873706457e+00
1.707070959160091217e+00
1.421846415350565440e+00
1.280859861497502639e+00
4.523516377261759258e-01
1.636667169202115080e+00
1.798091507421761825e+00
1.775538660343664032e+00
1.766794796417252122e+00
9.568311630846639826e-01
7.469720295793783604e-01
1.398111605593252538e+00
1.708116294603201135e+00
1.863783424302373204e+00
1.785183039607971311e+00
2.257217809317700663e+00
1.448549497773921946e+00
1.025996188170472889e+00
2.330815845428700239e+00
2.353113996341046565e+00
2.742194526093746809e+00
2.600715292444245819e+00
2.395381954070802344e+00
2.079663651626399545e+00
1.429466008851108860e+00
2.799307868039716318e+00
2.844235070734698390e+00
2.735900790928099013e+00
2.912373064915227516e+00
2.946156269253598303e+00
1.642840793795544929e+00
1.410943591663535113e+00
2.418422935909345206e+00
2.859768032686893946e+00
2.583777618199851744e+00
2.042977361460269314e+00
2.293478892043896877e+00
1.432596119189130546e+00
3.489254380231576746e-01
3.316127636608395601e+00
3.284753816543603655e+00
3.065966016003596195e+00
3.293733856518282543e+00
2.795256085111066824e+00
1.189449025908043911e+00
1.342252715436040633e+00
3.126312765411144667e+00
3.528813263017060997e+00
2.591999193574137106e+00
3.541785813812895700e+00
3.326766473697799320e+00
2.885860779026021117e+00
1.842734673820906277e+00
2.685944609382845627e+00
2.644603059376522403e+00
3.793569599766146716e+00
4.337194035113403956e+00
4.099148480352027946e+00
3.431954729476513588e+00
2.650826000299785878e+00
3.828029833712419006e+00
3.197257060950608132e+00
2.943712532199028065e+00
3.706370343560958958e+00
3.557044302639692734e+00
2.229640907875355182e+00
1.433207424094508964e+00
3.119540927333191327e+00
3.027083381216075786e+00
2.970954617576645251e+00
3.160299324424077128e+00
4.001951277654399064e+00
3.202360794688111856e+00
2.455076730870253687e+00
4.027999199691968180e+00
4.512750474953673319e+00
5.178691856970589313e+00
5.477573822705715578e+00
4.826917799759158356e+00
4.342061770290574607e+00
2.420845208106298330e+00
5.135829981739939321e+00
5.562107954914764285e+00
5.798746604711874753e+00
5.483266930662149541e+00
6.421285029644757003e+00
5.869804305829911861e+00
2.852325024179265700e+00
5.714345882505902807e+00
6.303614223582872711e+00
5.614554450130844643e+00
5.399458652176388540e+00
3.652038860805164155e+00
1.823959818822042500e+00
1.432598985610646913e+00
2.469412755829734962e+00
3.001897429084749991e+00
4.124664158611821563e+00
4.193789757064520174e+00
2.568358856270303026e+00
3.824434467228691847e+00
3.444581551230192495e+00
3.741229845234179230e+00
3.473726926021248218e+00
3.771039646352972063e+00
3.203154752003229078e+00
1.245245581538090285e+00
5.205780070901276924e-01
4.215522918848239042e-01
1.003860494687559113e+00
2.952803632373112386e+00
3.241803947132990693e+00
3.403092328808934752e+00
3.342163905061119156e+00
3.362922925425927190e+00
2.367447933702174989e+00
1.532324404120963601e+00
1.871195349791471951e+00
2.977047227668117468e+00
3.544285408253030845e+00
2.903071125182477452e+00
5.397762024211125720e-01
6.472723165949274549e-01
9.929924960586100635e-01
1.894167304265190310e+00
6.828989366884188339e-01
2.182333490665297818e-02
1.231558740000735508e+00
1.013203851210427775e+00
1.235361917971652623e+00
9.431490295979323424e-01
1.866677207457781762e+00
2.311755293097737862e+00
2.176519421437305368e+00
2.340082200617640051e+00
1.491384844582886560e+00
5.443988942422173238e-01
1.050811626406138011e+00
1.531715190937165794e+00
1.374342942094553432e+00
9.467588488946999670e-01
1.339897401195855098e+00
1.360284637640722494e+00
9.338466405232598300e-01
3.998805789853129289e-01
6.166681213144813434e-01
1.044938457017392519e+00
1.088839081809859222e+00
9.602173303423264805e-01
9.375518958686618332e-01
1.053801733564724508e+00
1.305626642815258975e+00
5.638443577693266207e-01
2.280506533757751808e-01
6.158727018189799063e-01
1.136983327876975647e+00
1.297864124578215206e+00
4.769244212398533467e-01
8.675977706272937351e-03
7.849115546729972248e-01
7.929871986684762231e-01
1.119466024677505001e+00
7.957773307744508973e-01
1.442133511897521370e+00
1.380397427377419994e+00
1.177806483359016720e+00
1.391139096163019673e+00
8.181640592661858502e-01
1.363366311461976232e-01
1.337356118205705879e+00
1.602084106638394845e+00
1.948981945862085619e+00
1.662119353823042989e+00
1.105075384191505083e+00
1.468178527744892214e+00
1.427949028610318916e+00
1.803698293473646519e+00
2.178797824516860437e+00
1.328678724770079755e+00
1.387596887525245126e+00
2.596733307575529004e+00
2.937649475811503486e+00
3.063762823967694615e+00
3.226936693181702065e+00
2.527879760485856053e+00
2.290719337322617122e+00
2.010411704600398863e+00
3.076516930504876957e+00
2.361249360507509554e+00
3.006018478723826881e+00
3.340221376094148820e+00
3.131288807860765910e+00
2.965459485552949470e+00
2.976515443800876071e+00
3.140506625320450773e+00
3.048817899239083751e+00
3.079440964913052525e+00
3.045412705098329731e+00
2.563229498425992237e+00
1.790226940267120703e+00
1.000443573617606052e+00
9.458325294574073672e-01
1.888479345245351215e+00
1.525439572486869011e+00
1.526375070918140953e+00
6.306281409534064686e-01
9.996003854024444468e-01
3.352101279180522142e-01
9.232835116944110299e-02
5.521972875388041907e-02
-1.837843793356164213e-02
1.819129753811788569e-02
-4.856131609969712402e-03
