8.419170532023384501e-01
8.310606053539947025e-02
1.092384977991270212e+00
4.831207194822800810e-01
2.961398258938746086e-01
1.155999638372100069e+00
1.044464856911856643e+00
2.064449516583822253e-01
1.405493410754891315e+00
7.013451662964108602e-01
5.725655766258620494e-01
5.795761198280655613e-01
3.029048301043974489e-01
1.053632955040962216e+00
1.317087460518842623e-01
1.844811885392491393e-09
2.052232161485038286e+00
4.335983054332340769e-01
4.037519073045549578e-01
7.642863322104868073e-01
6.206486697961044463e-01
6.539498239219556641e-01
6.317020701525571935e-02
8.427534789719378638e-01
1.296044013393312211e+00
4.205239621891115886e-01
1.182469104339834917e-02
1.287447528537319030e+00
1.014964980273637544e-08
1.338730774897056497e+00
1.122804759149365283e+00
2.581578724228618671e-01
2.170396429337025701e+00
3.011709415615179131e-01
4.270376841205845292e-02
3.327509900473545335e-01
1.014075178169909996e+00
1.292117288429997179e+00
5.852064318625719297e-01
9.056769841189130643e-01
9.315775905549952829e-02
2.686905616328968960e-01
2.091083600949544818e-01
4.460766492278540052e-01
1.452079043888224064e+00
8.576801632878875425e-01
5.048035774498795814e-01
8.443492281424078705e-01
8.109076105407438950e-01
1.010313213788570197e+00
6.436699623409855575e-02
1.068658296590575318e+00
7.745471049058397783e-01
1.188461260924696283e+00
2.119289370773899672e-01
5.118082530799714647e-01
6.964576498090991885e-01
7.030139527468395322e-01
1.046639353630516300e+00
1.491065083453304352e+00
8.559789701277018548e-01
6.894526749709248836e-01
2.575214794207029700e-01
6.182007040300334655e-01
1.076161568853691630e+00
7.485908468278594796e-01
2.715076771400401157e+00
1.743325793333127871e+00
1.593417520967762568e+00
1.317984554931009189e+00
1.689015867214648914e+00
1.738848142378273787e+00
1.165680047178356382e+00
6.415918697106848256e-01
2.464742043074700795e-01
1.331122126148902129e+00
2.823761499127764307e-01
9.591414916297341664e-01
1.153388633084459158e+00
1.407906650450049479e+00
4.726113409655137709e-01
1.124837812605421705e+00
8.721327952526306548e-01
8.971758622022167895e-01
1.524590509337065081e+00
9.464520371825136946e-01
9.049324140814958284e-01
3.837504584663473661e-01
3.292910547252719811e-01
4.779877414506550348e-01
6.443113093110782730e-01
6.989363729881986620e-01
3.262312996337874971e-01
2.656275669758730862e-01
2.244983486722865074e+00
6.001252857118724027e-01
1.305562296493810170e-01
2.100467835225991564e+00
8.433928659991708487e-01
2.138841078840332255e+00
7.960001640384476440e-01
7.355055051082365347e-01
8.506861428013936521e-01
2.580263670414486565e-01
2.203189850392188176e-01
1.115361394197505129e+00
1.649278287712906188e+00
1.477788469088274104e+00
4.044012794504297514e-01
4.341287220429626004e-01
1.999696301751004712e-01
7.456649763680759380e-01
1.350047801180727314e+00
1.461404385055989241e+00
5.091793832315213431e-01
2.768578911985776214e-01
2.095988780038035570e-01
3.908647024949927773e-01
1.100005853339740824e-01
2.762892289497185794e-01
5.841290563201742003e-01
2.269662640239875073e-01
2.399996423507455012e-01
1.630440067026962536e-01
5.026770139291637102e-02
5.827666335882028537e-02
7.616394545538536509e-02
1.137586767500097684e+00
4.251637279587486273e-01
1.158687823020952079e+00
1.702320098896166201e+00
1.130513564290495321e+00
1.600046075722547423e+00
1.706672616510592322e+00
1.598116547706833090e+00
4.051704120788414687e-01
3.628268112051767913e-01
3.767817270970874044e-01
3.323646004366191398e-01
1.161276539292972337e-01
2.008293895612271562e+00
8.055962822623656816e-01
2.076246998644974417e-01
1.173232383197117423e+00
3.885270282060214186e-01
1.486781097335122759e+00
9.335667770751293615e-01
1.501702026000386603e+00
5.453537949510252059e-01
1.313117925090319105e-01
2.408242627459978025e-01
2.491635208807817525e-01
3.926293384694438116e-01
1.671771221627605664e-01
5.497230138817504885e-01
3.109473654634984374e-01
1.939141286315675616e+00
4.141023532133232266e-01
9.008942327946548034e-02
1.231853075310497883e-02
7.426178296014328273e-02
1.501249448944849574e+00
1.797647135863786882e+00
1.022402416009490889e+00
7.123024299964373363e-01
5.938301894977562334e-01
1.053501221155695999e+00
8.994573550805796680e-01
2.017331274568531896e+00
1.743365333291128971e+00
1.422500754348343888e+00
1.705882755712652132e+00
1.704452982695513930e+00
1.078849860874294464e+00
8.340034767273326599e-01
9.556771396174854605e-01
1.979435088961247313e+00
1.044310212839832941e+00
1.462757461596783104e+00
7.536398086051034895e-01
1.170511998905245044e+00
2.205790275442236492e-01
2.261563417018702005e+00
2.301675856029193223e+00
1.897765946214267530e+00
9.888813873728862225e-01
1.667385870482467336e+00
2.344595233781121002e-01
2.294408673271760790e+00
5.343679858839505137e-01
3.222252268230709316e+00
1.059377007167839002e+00
1.481414576454752607e+00
1.760659883812798254e+00
8.998228905600126337e-01
1.640153490404937964e+00
3.108810063900934395e+00
3.010431746130465047e+00
2.700094611890120344e+00
1.396944022859898604e+00
2.195483623604421286e+00
1.319821519532201171e+00
1.181586851684319983e+00
1.338749363561050565e+00
3.043733271797040008e+00
1.429738749121727270e+00
2.270565050815186225e+00
1.157672607674509413e+00
8.368755832393460770e-01
3.498243880589259058e-01
1.230605476962684852e+00
1.656622368809044676e+00
9.091341633649066001e-01
2.232940593564814780e+00
2.478839140447301581e+00
1.172231836983579578e+00
7.802742067165692186e-01
1.891957110373388762e+00
2.878672701171041570e+00
1.594265760073652061e+00
1.450455084268199579e+00
1.106714874942976490e+00
1.545666637552789657e+00
1.112321149922099739e+00
1.761004633675820941e+00
2.862207496432318976e+00
5.560642623298855947e-01
1.170411346754066884e+00
5.678665016229618168e-01
-1.163984557307950855e-02
2.091669330560770590e-01
4.420130864437333273e-01
4.141516309962809395e+00
5.987449572709462320e-01
1.148230635958430224e+00
1.103693623555415781e+00
1.046356484867406067e+00
5.465543215150719947e-01
7.528350594506970639e-01
5.224822002280614441e+00
1.853653157899557424e+00
6.731904430211503865e-01
5.797836417800885656e-01
5.973192087865396571e-01
2.450878242975011556e+00
3.856139657987157854e+00
3.653131088909191693e+00
4.510994955598105705e+00
3.892292029718026569e+00
1.167265402388333762e+00
3.868176904075702471e-01
1.765622658226226660e+00
3.247551216788365780e-01
1.269351622869410612e+00
1.035823904865389000e+00
1.453700351130636115e+00
1.130794703046606342e+00
1.753351223672325210e+00
3.917537443460599178e+00
9.313452442308659540e-01
1.482792669360783577e+00
3.442390296729753718e+00
1.862701540995197469e+00
1.592388860595554290e+00
2.108266141589633769e+00
9.268210570761837852e-01
1.043934142720211455e-01
1.044230114268537735e+00
2.643289107071993715e+00
1.748145369869411381e+00
1.977505527661698848e+00
1.774300761342439525e+00
9.749243019309496994e-01
8.376961208157017724e-01
1.815042209706676513e+00
2.916479215952737736e+00
2.580888892698708581e+00
1.989306449141870381e+00
3.449287648142046248e+00
1.874929731876909145e+00
1.509327376465980697e+00
1.192295402686172068e+00
1.859127581248725569e+00
1.949618338790861216e+00
1.770101407161924545e+00
7.527161258003254307e-01
8.654540604198976972e-01
-1.351632275738001305e-10
1.407655420955993053e+00
1.328789857620194637e+00
6.411290260604100011e-01
7.573997930251543664e-01
8.049596053204496338e-01
4.562761317254928617e-01
4.353040206251221847e-07
3.607402491636321553e-09
6.968347168049109364e-01
9.350173516455039247e-01
1.432847451992258214e-01
3.210021516176800316e-01
1.733015092583601591e-01
1.624040909107173636e-01
1.092940930594430970e-08
6.304245043027918716e-02
2.444635185486820905e-01
1.053720025287326445e+00
6.029492431568191924e-01
1.002485314920269488e+00
4.315238571251370121e-08
9.820543944246341861e-03
1.376629214128609835e+00
2.584755718673579228e-01
8.807150454697690867e-01
4.219081507803086883e-01
8.523909454747132797e-01
2.067369201751987674e-07
2.056766292899774879e-08
8.970062084231571475e-01
5.909600480810891510e-01
1.025716391905191482e+00
1.462938434759364803e+00
6.577398363119597580e-01
7.615510714762019351e-01
1.467796696167156245e-01
1.263889326742750230e+00
1.329480038672335773e+00
6.990570982840458303e-01
1.391319602754818030e+00
1.214233769617415026e+00
3.721846339743897225e-01
1.663342011745252702e-01
2.192596038697741001e+00
1.761453964311014309e+00
1.263812439487643768e+00
1.092850959505939690e+00
5.661960486143889915e-01
2.499794060921323169e-01
5.843104558114199376e-01
1.834577603491076569e+00
1.066408999490973786e+00
1.242854282206217187e+00
1.103295274263570214e+00
9.723774662192491425e-01
3.986404139194842933e-01
6.084228013124247658e-01
1.939738230431115928e+00
2.191840008470596679e+00
1.969757696521320600e+00
1.363180526540629156e+00
1.743697090813751904e+00
1.210856049533509810e-01
1.154583469577127042e-01
1.254872184851057337e+00
1.117554647190875494e+00
2.491443818743460381e-01
4.928709230776703865e-01
4.096911281705833963e-01
8.810510155667058418e-01
1.117248351463308725e-01
5.635797761838842217e-09
1.355288460018211794e+00
7.662507516927165030e-01
4.126370707695150575e-01
1.849793716961911083e-01
6.901373631696909171e-05
