5.206908015985436400e-01
9.810507804374400953e-01
2.161923485343792140e-01
4.139401663599793224e-01
1.693941340579808719e+00
3.936449697196191533e-01
6.085525501243777542e-08
9.707500335785677059e-01
1.012041417479959238e+00
3.541176031989927142e-01
1.147230403487233374e+00
9.624430990345556047e-01
7.837384999325096580e-01
1.429919637233873983e-02
2.382979314806649707e-01
8.065698211660449202e-01
5.806940947893340921e-01
1.892963311066722110e-01
5.277296945852996135e-01
2.392007007848225286e-01
-3.446064132553517700e-10
4.391534519119944524e-01
6.458235267452380191e-01
5.159577993069152102e-01
2.708254388126887235e-01
2.600303669658854955e-01
3.454204431664283925e-01
-3.750650378987844293e-08
7.540395989302657235e-10
8.246750501837708525e-01
4.659673574256777417e-01
2.926069625005980890e-01
7.783898185952894400e-01
2.662976640868427655e-02
3.334702275295721163e-01
1.922423402947195936e-01
3.017230529600980482e-01
4.971512070739138034e-01
4.197786138637765035e-02
2.365560420481854220e-01
1.487361011453883219e-01
3.854873682410645541e-01
6.275907149435243360e-02
3.929624414642923780e-01
3.002538888023799091e-01
2.316929530235582180e-01
2.561320056293336922e-01
8.107261160386017005e-08
6.865918824487206029e-01
3.185575823280156205e-01
7.729907320636809631e-01
1.029705091849576704e+00
4.967791233491728603e-02
7.288014501177773885e-02
5.737439740261330085e-08
2.664844487267579720e-01
5.318943301566749771e-01
3.194787760990053793e-01
4.374439297760508993e-01
2.906637667712880790e-01
2.377918501769474280e-01
8.496810283408777476e-02
2.616068771066704657e-01
2.632043356326165817e-01
3.317415643132157199e-01
4.760740655956068323e-01
2.511507291301111056e-01
1.379314093236887195e-01
9.915474906838418756e-02
3.518438698405557119e-01
2.104995737075813919e-08
9.887054216098043469e-01
1.269988583420827100e+00
3.598221263797943270e-01
8.858953873990305095e-02
6.206336165334130905e-01
4.541441145950522729e-01
2.295142540632449657e-01
1.410074039146416991e-01
5.599942118774012441e-03
8.564240422520872364e-01
9.418511013507641083e-01
1.076194445780317643e+00
5.728536336501365289e-01
5.664112968203399712e-01
6.910078159326672465e-01
6.249746631753749782e-01
2.572133392834457521e-01
8.394985852762122391e-01
5.048594505598290594e-01
1.217990007667182437e-09
8.758322528242313831e-01
7.340699583048988508e-01
4.239003699155093896e-01
4.899595634854637671e-01
1.952276768371554450e-01
2.046378929481488251e-01
4.687435271309866452e-02
4.668482837996489887e-01
5.059503037833078531e-01
2.302659141218314165e+00
2.979779535213006314e-01
6.723114632363923482e-01
9.676638389163565168e-02
2.278135200570784169e-01
1.178365292919169721e-01
1.916031555115528529e-01
2.208886418218407033e-01
1.138666745124103041e+00
3.856043885730228160e-01
1.164343476025197166e+00
9.147055470113366615e-01
9.856283437785973156e-01
4.175537595321535123e-01
5.837850612407615714e-01
3.705606137760104613e-01
4.310601496069677574e-01
7.291213654739223116e-02
2.594606879423935752e-01
1.118769887572066635e+00
2.694069939786197798e-01
3.297502252502404474e-01
3.681748744832250009e-01
3.831198954836876336e-01
2.234324225768175853e-01
3.124011299828183819e-01
8.705791684207206949e-01
3.294989367266136226e-01
3.098375255451205623e-01
2.889752410038294861e-01
1.158377746686474474e-01
1.169031697246727258e-01
9.571697623926518350e-01
1.032345726226188365e+00
1.644143622109197067e-01
6.632093872023930858e-01
1.027458486997613329e+00
5.886816325796051519e-01
1.585611617212847047e-01
7.425760776296750354e-01
1.099506672650675254e+00
6.220483173772438645e-01
7.935070310299395802e-01
6.571332187499133726e-01
7.939958753449832818e-01
9.421755558716072843e-01
1.036073339177304931e+00
1.903474306806933525e+00
1.736238597573561471e+00
6.237288819734633227e-01
9.783021635514580483e-01
8.248964738423251175e-01
5.245368573131969914e-01
8.480061753147617454e-01
1.163922257169070162e+00
4.822591344153550619e-01
4.808144411057755918e-01
4.539983591656461814e-01
2.387655009447792187e-01
1.871662760544131332e-01
8.829927911300312626e-01
1.175146625770068010e+00
5.718236987639859770e-01
4.840422873707069251e-01
5.225043700935103619e-01
1.937307938869038126e-01
3.375665954751989606e-01
7.935538187280573030e-01
8.456270926732422089e-01
7.111350141975805172e-01
3.353742400578159644e-01
5.300430150765915727e-01
1.009575073164145492e-01
3.032595749281064013e-01
1.203551555351504376e+00
1.333184142207819001e+00
5.430375310390908039e-01
4.785179500023699628e-01
4.986971285026582379e-01
3.740413834881967103e-01
1.429018693678208718e-01
7.795834244443408112e-01
4.703953138342965801e+00
1.579283075626305211e+00
1.589886234413384836e+00
1.160043862883350707e+00
8.113103709449783763e-01
5.411334043741957700e-01
8.842920545784105357e-01
7.007460309271581478e-01
8.180558884878972314e-01
8.483551495588765867e-01
1.054003972090621355e+00
5.149475410333568259e-01
3.645587852540326246e-01
7.608475685276743228e-01
1.523275191410401463e+00
1.087827690078099430e+00
6.049402277808610950e-01
3.559484970199538467e-01
4.133177705292661597e-01
3.165670156743257135e-01
7.045777183314690939e-01
9.234653060307360661e-01
3.174099016421399466e-01
1.619005165256795775e-01
2.176947020313151071e-01
6.180343983850487832e-02
2.933686367221076674e-01
5.559381820515619799e-01
1.221734379707828166e+00
5.591828560765718104e-01
4.407330547978051682e-01
1.372843827735478472e-01
1.044744523862575880e+00
3.077078654430623339e-01
3.144162838315154862e-01
1.767317148568440244e-01
5.949933211832048041e-01
1.083236919130677878e+00
6.283621614684031798e-01
9.569959605052144047e-01
9.230225140073103907e-01
8.405914613708485028e-01
1.000657069420444856e+00
6.308596359781474261e-01
7.864923509297678805e-01
4.556945992675698887e-01
1.443761626640745754e-01
4.051237274462319848e-01
9.260380158441154919e-01
1.018398016247913818e+00
7.341349825717091715e-01
6.911130695263968393e-01
1.354113872772694460e+00
1.010028738778764978e+00
3.836783019039635700e-01
4.801290549202128499e-01
1.586251535354280262e-01
4.833642181320421116e-01
3.925198538346271193e-01
3.396940722766815246e-01
3.305873833711387988e-01
2.939142301574824145e-01
3.740545781418107008e-01
1.008680695023276508e+00
8.056199713825176190e-01
6.104154669546669743e-01
7.709806335470172911e-01
5.784037890258152403e-01
9.474950276946207950e-01
1.111733596859664885e+00
1.180775993990127670e+00
2.881190554371907631e+00
1.199379146308048982e+00
3.049873362761110207e-01
1.081231898154404680e+00
7.652611731669538564e-01
8.213916851945618491e-01
1.043941483059466435e+00
7.732664751809950054e-01
1.839225780586385417e+00
2.263645110566926633e+00
1.349538217329637080e+00
5.756348991380341173e-01
5.271598849026869482e-01
1.280786437037553460e+00
2.599684710801454468e+00
1.344230414874081569e+00
1.148068346275427976e+00
1.078000330369672799e+00
3.753780964647168705e-01
9.912967249754296439e-01
1.125823863787030810e+00
9.439127453085751629e-01
5.100508546002358035e-01
1.493502999291195676e+00
1.001682565242608014e+00
8.458443977377679834e-01
1.312037357924896952e+00
4.968277524524303823e-01
8.720213197089272672e-01
5.143076054530726360e-01
2.058729416881203811e+00
6.861404128978072503e-01
5.269753612586642877e-01
1.103921940605621321e+00
1.159195951557252302e+00
8.491572929607879017e-01
3.952186706134475092e-01
2.958900135170876577e-01
1.001560392186884973e+00
6.566462723919413991e-01
7.788087122410833896e-01
9.105114968077910875e-01
5.663658143149862267e-01
2.942572326802142535e-01
3.891903249633382744e-01
3.508175103287640706e-01
1.635324286677476979e-01
1.526044550430825930e-01
5.219649715456486927e-01
1.355218182046423969e+00
7.074231999745833610e-01
3.759500676645982642e-02
6.730398873385964320e-01
7.184849073195219704e-01
1.408955698068468654e-01
5.695735011102891487e-01
1.322586877186614496e+00
4.835923137950732809e-01
4.143261481532400370e-01
3.461761837324638935e-01
6.024838513983037380e-01
5.738400784340456223e-02
2.355857700304721802e-01
2.736682916165978363e-01
1.054719809254850649e+00
3.473258143276166665e-01
5.905705186883608571e-01
1.933906668340762691e-01
8.144794065612082808e-10
8.109615489314953019e-01
5.616434937249472625e-01
2.355664674565429162e-01
2.393469411827461035e-01
5.132059501753478692e-01
8.647678000861334091e-01
3.029716799577368280e-01
1.866698850913049434e-01
2.592307602593720839e-01
8.389188404518869158e-01
1.057898051928660266e+00
1.054865317317750906e+00
7.827370993364141105e-01
8.893134303461659729e-02
1.105899301024568931e-01
1.598477500638686155e-01
3.022956350321071017e-01
5.171761221951561849e-01
1.560483973137391511e-01
1.350785910993136663e-01
4.350815776449476934e-10
5.777662559281583343e-01
9.454201453686074119e-01
2.101983716185872875e-01
1.542438515796624166e-01
2.959439675789676261e-01
1.706878917378407134e-01
1.722598113268837181e-10
3.105087169985133455e-01
3.891744517239211221e-01
2.795461297086742070e-01
2.630228277179810781e-01
2.024743357267436150e-01
4.019877724684172149e-01
5.846090611020825500e-01
-4.789748450908312347e-03
2.887902469936106664e-01
4.568318760022093139e-01
1.657450323019289407e-01
3.258531962598130716e-01
2.056557760255316447e-01
6.031708785217660962e-01
9.400006942883068484e-02
