5.206863759481081821e-01
9.810465510707028214e-01
2.161883349409639277e-01
4.139374292471773020e-01
1.693936869159910819e+00
3.936411230278723528e-01
6.085271933192847736e-08
9.707459552850314921e-01
1.012037061078407296e+00
3.541131840814297216e-01
1.147226346017929055e+00
9.624393673538271798e-01
7.837340860531434306e-01
1.429639700752774120e-02
2.382938718226919328e-01
8.065656693113014697e-01
5.806907809553147892e-01
1.892922698047140584e-01
5.277242643425423818e-01
2.391965075206442803e-01
-3.445077606665015353e-10
4.391503145169856626e-01
6.458200311627603218e-01
5.159533883267254373e-01
2.708210316240196591e-01
2.600257548633239657e-01
3.454164060555781068e-01
-3.750165534679173936e-08
7.539909785786238321e-10
8.246707493857017290e-01
4.659637627898164935e-01
2.926027883630722970e-01
7.783862129607866942e-01
2.662870255975712669e-02
3.334664404128946935e-01
1.922416291737432392e-01
3.017194869088771769e-01
4.971469757435165726e-01
4.197658113350320047e-02
2.365687317255891764e-01
1.487346223171570614e-01
3.854832077652750599e-01
6.275806960586940986e-02
3.929584190998023918e-01
3.002498766109221728e-01
2.317049788975333036e-01
2.561273820678618973e-01
8.105909572217834393e-08
6.865872942284373392e-01
3.185527397656199300e-01
7.730354062852328179e-01
1.029701016373864242e+00
4.967672859671288382e-02
7.287794926143649488e-02
5.737481810477815835e-08
2.664796405488523701e-01
5.319432453506234282e-01
3.194749689071794130e-01
4.374755605000639758e-01
2.906936945892148461e-01
2.377958249496210930e-01
8.496679033945725434e-02
2.616589179247292840e-01
2.632039093759410142e-01
3.317378775865771345e-01
4.760695679419687520e-01
2.511471302537493511e-01
1.379287389226612204e-01
9.915219846344675014e-02
3.518399147418022066e-01
2.104872560937673145e-08
9.887311133549514519e-01
1.269984456346033630e+00
3.598177163546091295e-01
8.858706353864566341e-02
6.206296437995036941e-01
4.541912805684489851e-01
2.295243282136011920e-01
1.410042195316628111e-01
5.597529516957786000e-03
8.564772558094103649e-01
9.418659982977176659e-01
1.076204318934535387e+00
5.728857363020750659e-01
5.664078275231252402e-01
6.910516171879759195e-01
6.249856086219608420e-01
2.572087793522540577e-01
8.395150301041426344e-01
5.048553262798755048e-01
1.218215387715447602e-09
8.758583744501852175e-01
7.340951200473303517e-01
4.239236697237369067e-01
4.899833677563600887e-01
1.952457676133677322e-01
2.046722530340000235e-01
4.688066822874900619e-02
4.668766425484079385e-01
5.059838665816078773e-01
2.302687257866091297e+00
2.979744557308832698e-01
6.723078678185905321e-01
9.676486456440731854e-02
2.278302438753488091e-01
1.178357537398613125e-01
1.916098378613254882e-01
2.208882118016007035e-01
1.138674144678339273e+00
3.856014378549996735e-01
1.164383778088556198e+00
9.147447759177101956e-01
9.856732056207819781e-01
4.175838161593204978e-01
5.837982181301100137e-01
3.705712398436301069e-01
4.310744770038465457e-01
7.290895191175807144e-02
2.594944093644941940e-01
1.118790881404067461e+00
2.694098272124828553e-01
3.299002000288023817e-01
3.681925802884709054e-01
3.831579390805441299e-01
2.234571020467533697e-01
3.124269282818846194e-01
8.706079331926624976e-01
3.295064559863010167e-01
3.098768239403912328e-01
2.889710775093774497e-01
1.158377037279801208e-01
1.169007313171594731e-01
9.571881681935380248e-01
1.032370901305653010e+00
1.644204010098019031e-01
6.632238912677140830e-01
1.027478759025058697e+00
5.887074192814109042e-01
1.585639984982971373e-01
7.426051346857250879e-01
1.099547851374539587e+00
6.220895751864639056e-01
7.935334997900715948e-01
6.571360321858686904e-01
7.940133623122873630e-01
9.422060028139188637e-01
1.036124072130540252e+00
1.903526362758901858e+00
1.736290596428346822e+00
6.237597076955890829e-01
9.783555613524969052e-01
8.249438945353565478e-01
5.245777742383838094e-01
8.480480202128204414e-01
1.163969257267463364e+00
4.822980840872452823e-01
4.808179907552781462e-01
4.540289990255309549e-01
2.388089521444359820e-01
1.872022997785587339e-01
8.830308503258565977e-01
1.175197267911007426e+00
5.718721901451117029e-01
4.840962050257658911e-01
5.225360834231698171e-01
1.937402015371486319e-01
3.376036386928174537e-01
7.935944365100942033e-01
8.456627379008933021e-01
7.111576705802483689e-01
3.354076292560488337e-01
5.300571053476667016e-01
1.009683095540920700e-01
3.032711052363599169e-01
1.203597113189573076e+00
1.333240115761870515e+00
5.430685447204953720e-01
4.785495043523957936e-01
4.986991595699755142e-01
3.740505582411549623e-01
1.429062206920707068e-01
7.796089415153650837e-01
4.703982178947256898e+00
1.579299565740853284e+00
1.589930927285069240e+00
1.160091858149916000e+00
8.113543245226736422e-01
5.411861636418746624e-01
8.843357517285208580e-01
7.007923470161544488e-01
8.180911322728003920e-01
8.483999952983767301e-01
1.054033108645104466e+00
5.149716216701890614e-01
3.646003483402696643e-01
7.608943457835172230e-01
1.523301889761563999e+00
1.087860468504831424e+00
6.049625272557767053e-01
3.559796691651945788e-01
4.133487215317219188e-01
3.165869271874376389e-01
7.046156353419352758e-01
9.235033825596078438e-01
3.174096728872416451e-01
1.618977754819202197e-01
2.177120512113608353e-01
6.180232569527624453e-02
2.933797793993473402e-01
5.559634013948252518e-01
1.221767594302787918e+00
5.592124387923259610e-01
4.407451221001896791e-01
1.372935058619116078e-01
1.044781703806255679e+00
3.077051727235678436e-01
3.144439508299142205e-01
1.767346132972017758e-01
5.950168668298881913e-01
1.083265038705218286e+00
6.283601273727520420e-01
9.570409849834564664e-01
9.230683318582678654e-01
8.406242990029703099e-01
1.000692493523988258e+00
6.308946552702937582e-01
7.865246690294780407e-01
4.557351271868188003e-01
1.443722006024115434e-01
4.051686826286420851e-01
9.260930158217081098e-01
1.018445984699237084e+00
7.341675322341454368e-01
6.911523906147507557e-01
1.354155897270773012e+00
1.010069370050948878e+00
3.836913623825236042e-01
4.801307327023570104e-01
1.586255275315066049e-01
4.833603462460999700e-01
3.925160127043564873e-01
3.396901331902859589e-01
3.306105457264538194e-01
2.939272690344765238e-01
3.740943859109540637e-01
1.008711210980782313e+00
8.056696691983303849e-01
6.104719314926168039e-01
7.710367789563485896e-01
5.784527046416100271e-01
9.475416985453373186e-01
1.111774085050415639e+00
1.180814835166937193e+00
2.881240713415931687e+00
1.199418060485621274e+00
3.049918623446453148e-01
1.081257807591648801e+00
7.652976159924649302e-01
8.214334911779662685e-01
1.043973015104668889e+00
7.732646999891876760e-01
1.839251179339431719e+00
2.263697921167312721e+00
1.349562107576214309e+00
5.756357300192956883e-01
5.271843164494568468e-01
1.280812974298100260e+00
2.599733858669989406e+00
1.344270659856816597e+00
1.148118853504648262e+00
1.078029769337337074e+00
3.754022340106895061e-01
9.913188105051585763e-01
1.125866906103138998e+00
9.439434667540130830e-01
5.100787738911025659e-01
1.493545270687780091e+00
1.001709799000058965e+00
8.458729795956839714e-01
1.312057243001430118e+00
4.968240093237356603e-01
8.720167555236079115e-01
5.143096086022734825e-01
2.058765948789108347e+00
6.861362482946637975e-01
5.270062048459236426e-01
1.103922500075938951e+00
1.159221721114741754e+00
8.491859523069951177e-01
3.952174347445387981e-01
2.958871744642708745e-01
1.001556984171049658e+00
6.566419422709075526e-01
7.788095587585148749e-01
9.105390990382021821e-01
5.663697125225726214e-01
2.942530563234709851e-01
3.891849873120386549e-01
3.508133771138143842e-01
1.635296415145087445e-01
1.526001174939995431e-01
5.219705744775239298e-01
1.355214534196945708e+00
7.074189380468421939e-01
3.759347768549064356e-02
6.730357887899315328e-01
7.184812220638423508e-01
1.408972005357295720e-01
5.695697640777381832e-01
1.322587838079276379e+00
4.835880191616657719e-01
4.143332609904878949e-01
3.461722123044552735e-01
6.024799550818650262e-01
5.738274286903926463e-02
2.355815760678241777e-01
2.736651543904087269e-01
1.054715964663454297e+00
3.473212543668988128e-01
5.905661874775270936e-01
1.933864811005563678e-01
8.145951423101026805e-10
8.109573389684067157e-01
5.616395735957614432e-01
2.355622704038961290e-01
2.393428553732775965e-01
5.132014765747336948e-01
8.647634584475547559e-01
3.029681742528381738e-01
1.866660654111620687e-01
2.592269854443763899e-01
8.389149306504014580e-01
1.057893782507157487e+00
1.054860832699164197e+00
7.827333343035386415e-01
8.892716366625832980e-02
1.105851334262269864e-01
1.598438393997365092e-01
3.022918771576813546e-01
5.171724444664763665e-01
1.560439868949304587e-01
1.350744490453729685e-01
4.350615153394231440e-10
5.777617526040523810e-01
9.454159668208118594e-01
2.101944454592291622e-01
1.542397673152684778e-01
2.959394352437936249e-01
1.706843616060155777e-01
1.724415311490372277e-10
3.105047212743696772e-01
3.891707745192412027e-01
2.795422115708087740e-01
2.630184452426554409e-01
2.024714954112100951e-01
4.019835360633360333e-01
5.846045575437067710e-01
-4.794973302332586167e-03
2.887858397250109288e-01
4.568275727125934993e-01
1.657409405959706650e-01
3.258489925645438601e-01
2.056514527370617573e-01
6.031669573921971672e-01
9.400007552520196763e-02
