4.697690721169534012e-02
8.486285134096818727e-02
1.712676962907292225e-02
2.821537994449085929e-01
1.368350964200832909e-01
5.850517120120784370e-02
2.898418498697903356e-01
3.615077139870899736e-01
7.008507361261236135e-02
3.260075629207281889e-02
6.780478662882435947e-02
2.972487869536238891e-01
9.001501227486873036e-02
4.185979372568399692e-01
3.403861619174427533e-01
1.163273429271661184e-02
8.515874967438930021e-02
1.404501675778738745e-01
7.612854938119523185e-02
1.500375110966346015e-01
3.119993632522800042e-01
4.263570891239922278e-01
1.067433051194354027e-01
1.054378933824661052e-01
2.078952659134335468e-01
1.393331684665616022e-01
1.172357788397749012e-01
8.529756210919929582e-02
3.185523147702169072e-02
1.263503750464018138e-01
1.180924808327080133e-01
2.236104257057398015e-01
1.428434374503379511e-01
1.420317419283310123e-01
2.339144311505683971e-01
5.871191090970986903e-02
8.423844064801903203e-03
3.868789033536366162e-01
4.486072130052807250e-01
2.011304870791863209e-01
3.166132176621723748e-01
5.051323200064197216e-01
1.668110969872316218e-01
4.926151364896765722e-02
1.222777391410072607e-09
1.818189119463861081e-01
1.152648046633146101e-01
1.606616580787812998e-01
7.260711696292626582e-02
1.335970027833503770e-01
4.308801624442872300e-09
2.961131406582990788e-01
1.871898946758137616e-01
1.050432552488172189e-01
3.028113889786660518e-01
1.740267647403980766e-01
4.889491952548805087e-02
7.790070307127179572e-02
1.731371537626102686e-01
1.092629850141240699e-01
2.514955348592028961e-01
1.609151911439082316e-01
7.963513257142332269e-02
1.110792859898879770e-01
8.115032914742517645e-02
9.017265809190171122e-02
3.045388607815192050e-01
3.010449261298189794e-01
2.282345936495173283e-02
4.493302028473338816e-01
6.342468698081483724e-01
3.529049017180926895e-01
4.837822388079853764e-01
1.896741304059616773e-01
1.398246430991379741e-01
1.806530724173215641e-01
2.178137216777761842e-01
1.154649862825535278e-01
3.134724997901833926e-02
3.031018825477755918e-01
1.776940913527271793e-01
1.064633906415850539e-01
2.102885539129506487e-01
1.792667530215590610e-01
1.847178658101766846e-01
7.721682665868014883e-01
8.561945810569887572e-01
6.669210455246890046e-01
2.934225017846061601e-01
2.917395758154377461e-01
2.148598473171688394e-01
5.838971631292190212e-01
3.166845319298628447e-01
3.314283240889709936e-01
7.573578251044167375e-01
7.907137511904166471e-01
8.488078922339717391e-02
2.942520018013964900e-01
2.609016611702239530e-01
2.232258508909975084e-02
5.365766926789870134e-02
1.565839047152254027e-01
3.134289560249123308e-01
5.665172596703502705e-01
3.788537290607937869e-01
2.180171451464710530e-01
8.631942418820888474e-02
1.494877431049425331e-01
3.576889285744818126e-01
3.321894405578418863e-01
1.949585691791264341e-01
7.368761642238718101e-01
3.361984478033634427e-01
3.304571086542364422e-01
6.005086989866305069e-01
2.439952546148453083e-01
2.867437843284614263e-01
2.005388396994649824e-01
2.396251172436533461e-01
1.076529708173186994e-01
4.350404208362895070e-02
5.381209424366257821e-01
3.291198738526825429e-01
3.661787235498702442e-01
1.133305373911404734e+00
2.385542229035121364e-01
2.501167559305038091e-01
2.544961621496512061e-01
1.126480963809128211e+00
4.621292537792585642e-01
1.119552864560166422e-01
9.591081069119662683e-02
8.956009731318458067e-02
8.186220223805273921e-02
1.331537573828324439e-01
6.789873394694205810e-01
3.019726004912068329e-01
1.765400961648797840e-01
1.648029310622617094e-01
1.356090444867951161e-01
7.481447795128600697e-01
1.102400709098536380e+00
8.440272133179547165e-01
5.893713065838797061e-01
3.853526691150085948e-01
2.169489735975091427e-01
1.864885991613153549e-01
1.621072411244229849e-01
3.935968296012437584e-01
7.734512744492506586e-01
1.985923584423243127e-01
2.230759773545576974e-01
1.543661739159775115e-01
1.411111258558126469e-01
3.071077214008486114e-02
5.902226095254248239e-02
1.345062150729663120e-01
1.359266445277960977e-01
1.228943532738732691e-01
1.156765869494816440e-01
9.659070474749804902e-02
8.441142998261391694e-02
6.441659387330830322e-01
1.017626727979433987e+00
3.721185543558777620e-01
1.584876222782498623e-01
1.427592075113321701e-01
3.245199830483838088e-01
1.917212271556222036e-01
2.263165693912261023e-01
4.739737392359572588e-01
1.644868227416664275e-01
1.469163833337833180e-01
3.591653623200611878e-01
2.711533975441368649e-01
1.104175624729774874e-01
1.204051890472821740e-01
5.120697382023950972e-01
1.962303502928144094e-01
9.918921813126795051e-02
6.350685214120072031e-02
1.045603859830635668e-01
1.088988112174753137e-01
1.997520685548600516e-01
1.098746725788471434e-01
1.834125111923196882e-01
2.197271757775318968e-01
2.826905367832504568e-01
3.587063842150595150e-01
7.069147323690753992e-02
1.361338911413818020e-01
1.747891550374774394e-01
1.434740633270709664e-01
7.099265267893954678e-02
4.710455918604197767e-02
9.000649846828845391e-02
5.719961025093667911e-02
3.871659878931945076e-01
7.927353024498551282e-01
3.001507355213766659e-01
1.231100727547887880e-01
1.835242051955662534e-01
7.488492177246919290e-02
8.024282228432294550e-02
8.292291408454494084e-02
2.801165530444801877e-01
1.732836818133920154e-01
1.510296650505094929e-01
2.865026857648120817e-01
9.403456091698308983e-01
4.834609734565520900e-01
8.059528180620533222e-01
1.155568463442884081e-01
4.575966064012979562e-01
2.202450730415552727e-01
2.349249283337523642e-01
1.935110983125501727e-01
1.772838212141803205e-01
8.048762706644387033e-02
1.122338106954712922e+00
6.396214686120375026e-01
4.066767031181911518e-01
2.979779661660444945e-01
3.129829813812314843e-01
2.171313984902305261e-01
6.742792426606526446e-01
5.431564229155614321e-01
2.921005628677217358e-01
6.323771809014835377e-01
2.506089042144852841e-01
4.338920563725360835e-01
2.177675166608973034e-01
1.308647555801792095e-01
9.008807769453792968e-02
1.868085099182317244e-01
2.345262790677722642e-01
1.269783183282147399e-01
2.537234182683072992e-01
1.396016080890435107e-01
4.517613069776169749e-02
1.120616307437114489e-01
3.347923804181595075e-01
2.114003811025766122e-01
2.960102116084200596e-01
3.220795039828752149e-01
3.420627956023263305e-01
2.796240151164243182e-01
4.737216485294979962e-01
6.247491282785166966e-01
3.810211533322352406e-01
3.169496142028405683e-01
3.502842575267642311e-01
2.148404910959272884e-01
9.181723794414881068e-02
4.801909690350856241e-01
5.911786633033645488e-01
3.434367528759471044e-01
2.544783249577807216e-01
4.356736436358445985e-01
3.461897842587249308e-01
2.280714575012997847e-01
5.230352045853152720e-01
5.767748948999169567e-01
3.938037190257334674e-01
7.930897675373822509e-01
1.052571567689583265e+00
1.302067768714483931e+00
5.688867223142733964e-01
5.483604215563845363e-01
6.497641365160092830e-01
8.201169854914600599e-01
7.550256742302814406e-01
1.392215246066376588e+00
1.481426447441600569e+00
3.271718060741193312e-01
1.079126818365117702e+00
1.184319631864245714e+00
9.003352858170574624e-01
1.685596526951381513e+00
5.671935817757327580e-01
6.441670073585183953e-01
1.051867888010474594e+00
1.096226879928221098e+00
1.412775486404882930e+00
1.428721298660520445e+00
1.041405153122653582e+00
9.994000950453514331e-01
1.965722853453101493e+00
1.285446301393633695e+00
7.685624610727102013e-01
1.311656176022891751e+00
7.030804109865553819e-01
1.328946655397578613e+00
1.140600632137785730e+00
9.943432780920903324e-01
1.331223673010247133e+00
4.608012726233765011e-01
1.340306910276105823e+00
7.028192919460387600e-01
1.770040613417797504e+00
9.148889976579236416e-01
1.215336093081745394e+00
3.124400182441847695e-01
2.920540258561782343e-04
1.099692288705744980e+00
8.534042555956053988e-01
8.024306402929447524e-01
2.349079630147258013e-01
3.277880058832850496e-01
2.355191775035548664e-09
7.467679560182931553e-01
1.891326189782938316e+00
5.412036256637656889e-02
1.029509065014753810e+00
4.592037659149890150e-01
1.401884128352885728e-01
7.699016628419046437e-01
9.271791277660196284e-02
9.115612192996825902e-01
8.341986664331251244e-01
2.486552496317083194e-01
7.714938358840798260e-01
8.289942204418657701e-01
2.313424081540967625e-01
1.234885521596148283e+00
1.029158114754720854e+00
1.273841919446789372e+00
1.151468727681629778e+00
6.579828224599008069e-01
8.265728301882503404e-01
6.584721620259883501e-01
7.470004424111545416e-02
1.754572591413562588e+00
9.298151769339506600e-01
-2.312109907468757053e-01
2.404561735070745332e+00
6.004914578282654070e-01
2.336835296686325114e-01
1.271427608575058654e+00
8.750152397770321056e-01
1.162115852092349577e+00
1.622016069909197888e+00
9.680023115517284449e-01
8.444510335191621753e-01
2.867943570271588860e-01
1.307300937036404820e+00
1.420072281433505168e+00
1.745916617414881244e+00
1.024490229097675398e+00
1.250070778530063098e+00
7.984894186806916760e-01
-2.736554444172812489e-02
1.141180924742022373e+00
2.313790836324691735e+00
1.946173038490758733e+00
9.594167764715544333e-01
6.510641014309491714e-01
1.093716083602881639e+00
4.957181450853051508e-01
3.291523461715566423e-01
8.345880072360180035e-01
8.042579958388478278e-01
7.426563270457527954e-01
5.573675284525173579e-01
3.806726793338245374e-01
