4.697281099854128117e-02
8.485824506735316353e-02
1.712529289758963486e-02
2.821496071396760175e-01
1.368313887054506128e-01
5.850080230835758011e-02
2.898378203535681985e-01
3.615037841858134704e-01
7.008116439816415577e-02
3.259918330864975539e-02
6.780090774285990607e-02
2.972445978384204990e-01
9.001096208052032643e-02
4.185935392362831187e-01
3.403821696781359485e-01
1.163101874567367203e-02
8.515543108984487131e-02
1.404474280937581809e-01
7.612450621539225415e-02
1.500335761782798094e-01
3.119950195354111999e-01
4.263527534239202055e-01
1.067392605505862596e-01
1.054345299098302380e-01
2.078913666398088389e-01
1.393291620796026642e-01
1.172317205097751502e-01
8.529316827051734717e-02
3.185360901336142803e-02
1.263464709910040729e-01
1.180885700834315571e-01
2.236059055084164415e-01
1.428385133263476992e-01
1.420280012081950038e-01
2.339106812597528673e-01
5.870952909571071354e-02
8.424428769368944719e-03
3.868745498135511274e-01
4.486029720416550570e-01
2.011264450256486647e-01
3.166091809953664460e-01
5.051283802388935040e-01
1.668071559526258796e-01
4.926011768626096382e-02
1.221914607902275791e-09
1.818148181767505756e-01
1.152612369110115054e-01
1.606580890218485547e-01
7.260461990382333086e-02
1.335929717314162657e-01
4.312698270006692463e-09
2.961088265758383686e-01
1.871859953711426661e-01
1.050388542131958508e-01
3.028077359428607562e-01
1.740227426545760125e-01
4.889272479672784194e-02
7.790582960484049302e-02
1.731727538239657693e-01
1.092586474441094302e-01
2.515262011266500286e-01
1.609269306793760790e-01
7.963117037898775896e-02
1.110756109690985705e-01
8.119083649600998542e-02
9.020479669284092727e-02
3.045355700876449245e-01
3.010409061449244583e-01
2.281990223362980949e-02
4.493267097199807880e-01
6.342794176145187812e-01
3.529165728431033489e-01
4.837860970723141252e-01
1.896697940381609215e-01
1.398204847261884654e-01
1.806491698089013054e-01
2.477761222801282415e-01
1.154809622991784107e-01
3.135440689194946007e-02
3.031015948169044072e-01
1.776903778570723125e-01
1.064599812166368703e-01
2.103176371152345736e-01
1.792741356656434581e-01
1.847614495332524920e-01
7.721984674165147666e-01
8.562459968780444797e-01
6.669706288166844521e-01
2.934486319104822050e-01
2.917863251980177264e-01
2.148975461192763892e-01
5.839276906528139133e-01
3.167005008568041236e-01
3.314670952265144077e-01
7.573714349638434040e-01
7.907520003209567161e-01
8.489272330463595861e-02
2.942481760781662792e-01
2.609051638220144520e-01
2.232951474173858544e-02
5.365461102872549209e-02
1.565790723072418289e-01
3.134755030255874098e-01
5.665246343094425541e-01
3.788733632579192601e-01
2.180319427541360100e-01
8.633087343641142331e-02
1.494965264150451556e-01
3.576894543449321007e-01
3.322069403193159132e-01
1.949683493826890601e-01
7.369214674893279637e-01
3.362393800498286733e-01
3.304910708752283321e-01
6.005595210680293450e-01
2.440373180021664923e-01
2.867860911566342264e-01
2.005769994399956568e-01
2.396357137431670281e-01
1.076483758694048165e-01
4.350644244030022617e-02
5.381415475449744523e-01
3.291566846248528688e-01
3.661997272021292327e-01
1.133339491388238640e+00
2.385516847990104827e-01
2.501422974176781833e-01
2.545291856176460366e-01
1.126530794168751237e+00
4.621397182814864779e-01
1.119512006699849710e-01
9.590668746302162539e-02
8.956992723497096687e-02
8.187800956356414139e-02
1.331752775115508380e-01
6.790047775252177065e-01
3.019886317604471015e-01
1.765461390117011031e-01
1.648270326965953769e-01
1.356380534253285863e-01
7.481490409456893476e-01
1.102460465184780691e+00
8.440655123923895831e-01
5.893921996049844569e-01
3.853863403376320274e-01
2.169454077702721029e-01
1.864942629125230511e-01
1.621222497954754316e-01
3.936321523140943746e-01
7.734926551592632427e-01
1.986365476059060442e-01
2.231115751663324265e-01
1.544122571076094741e-01
1.411499082031857921e-01
3.071537983337142841e-02
5.903454863822961418e-02
1.345072142674995919e-01
1.359226267354483875e-01
1.228907483885938595e-01
1.156826997729777512e-01
9.658957439031154446e-02
8.443155334987989535e-02
6.441956970063604793e-01
1.017678113383134075e+00
3.721649399465594699e-01
1.585205081817663841e-01
1.427705009585529539e-01
3.245650678459653382e-01
1.917365182881639318e-01
2.263624787026692897e-01
4.740029623442009177e-01
1.644994268101119261e-01
1.469127814771797880e-01
3.591633184580022009e-01
2.711504340631900045e-01
1.104196057993580005e-01
1.204404813460699941e-01
5.121104113552271686e-01
1.962379470175589224e-01
9.918916683559279857e-02
6.351054078670986813e-02
1.045570471101720383e-01
1.088962859165975017e-01
1.997806564260033724e-01
1.098795308817662048e-01
1.834107814825548799e-01
2.197428333208372719e-01
2.826865001809132916e-01
3.587023019870772544e-01
7.068864313486016016e-02
1.361820701040027948e-01
1.748059047971710356e-01
1.434702839090580273e-01
7.098976941795683004e-02
4.710218429410823610e-02
9.000276009075706962e-02
5.719721786143473763e-02
3.871796742856200568e-01
7.927728519999618362e-01
3.001678591172186605e-01
1.231069622547118353e-01
1.835355751376193945e-01
7.488083943402681908e-02
8.024019508897561881e-02
8.295634131093336527e-02
2.801398056200511966e-01
1.732790505100871292e-01
1.510275018591633045e-01
2.865189483046419738e-01
9.403867133084999885e-01
4.835063815226153250e-01
8.059916534085255213e-01
1.155790387810429337e-01
4.576044599417745662e-01
2.202421421948846658e-01
2.349229984055163367e-01
1.935154943614708356e-01
1.772962739391988340e-01
8.048869202065611628e-02
1.122352663494086800e+00
6.396372962274973206e-01
4.066813523333177027e-01
2.979830648036232987e-01
3.129967681352360809e-01
2.171534152179431798e-01
6.743121640235859582e-01
5.431836174333388723e-01
2.921114086828869305e-01
6.324016530493724586e-01
2.506075314464423776e-01
4.338877418348636161e-01
2.177643834162454606e-01
1.308987000840678983e-01
9.009568479629032067e-02
1.868045846033236645e-01
2.345293910742265453e-01
1.270175397362740544e-01
2.537191976745297728e-01
1.395976850285737259e-01
4.518133976971037968e-02
1.120588480261957287e-01
3.347882705862270658e-01
2.113959546105623477e-01
2.960195373282947240e-01
3.220937496747034445e-01
3.420958454608171162e-01
2.796683555614672967e-01
4.737664985552996200e-01
6.247746292254039435e-01
3.810297336169493621e-01
3.169641758183938118e-01
3.502979039134693773e-01
2.148415065248200917e-01
9.182660245821613887e-02
4.802172134522562086e-01
5.911867225264627601e-01
3.434431594494495310e-01
2.544747203008312919e-01
4.356693401156335743e-01
3.461885258103452601e-01
2.280758174312738917e-01
5.230377342587575473e-01
5.767740947745318980e-01
3.938044384203719384e-01
7.930958883722680763e-01
1.052609226756229033e+00
1.302094541329296362e+00
5.688955558457364781e-01
5.483678201386293916e-01
6.497653242080516645e-01
8.201227886583482007e-01
7.550275528546356307e-01
1.392247048066767023e+00
1.481469277172312582e+00
3.271858484906082221e-01
1.079128658171954580e+00
1.184315599228756399e+00
9.003312283342731481e-01
1.685596432938146316e+00
5.671925410608535945e-01
6.441657621887494356e-01
1.051908530565843325e+00
1.096265939457006677e+00
1.412783365761264065e+00
1.428723063181187136e+00
1.041410093530085623e+00
9.993947439827673973e-01
1.965737957281661341e+00
1.285458015204742788e+00
7.685928362153383597e-01
1.311687310418428787e+00
7.030754437269838286e-01
1.328950640666475502e+00
1.140619871393224738e+00
9.943773161101263636e-01
1.331223537827042946e+00
4.608262323789796833e-01
1.340311558544605264e+00
7.028220135103747657e-01
1.770069817938723755e+00
9.149050396797646645e-01
1.215357677587158847e+00
3.124454061903012003e-01
2.956921733790077796e-04
1.099688388178247989e+00
8.534001463040788993e-01
8.024264992165374144e-01
2.349038722184897676e-01
3.277841411345969180e-01
2.354535954634392261e-09
7.467636537399586771e-01
1.891321931179175797e+00
5.411678899862387010e-02
1.029513692042790307e+00
4.592122343658612826e-01
1.401851674595405439e-01
7.698979501163920602e-01
9.271367292113082137e-02
9.115565426761252921e-01
8.341947600579041611e-01
2.486516054885018756e-01
7.714924320702438720e-01
8.289925167243402671e-01
2.313388821685256891e-01
1.234881467839373359e+00
1.029154308341324597e+00
1.273837920324725426e+00
1.151463959232004397e+00
6.579787675907138311e-01
8.265682059021279837e-01
6.584683884575681656e-01
7.469601462138561465e-02
1.754568284154547797e+00
9.298114277205046241e-01
-2.312157577519506346e-01
2.404558032005995383e+00
6.004869872056456392e-01
2.336786675233453181e-01
1.271423658828145120e+00
8.750108163396697059e-01
1.162111375050683071e+00
1.622012227570517329e+00
9.679980773198274546e-01
8.444469925358789597e-01
2.867901440876325925e-01
1.307296668530861572e+00
1.420068370746257136e+00
1.745912080830428037e+00
1.024487170197624808e+00
1.250066700036325029e+00
7.984851971579540741e-01
-2.737013050365142905e-02
1.141176779782059780e+00
2.313786961410652321e+00
1.946168298447619627e+00
9.594126171076765575e-01
6.510594793574876471e-01
1.093711540779711999e+00
4.957138282120081008e-01
3.291482248353557183e-01
8.345840814002901675e-01
8.042544203004347025e-01
7.426524800040035235e-01
5.573634819370615334e-01
3.806684280972160161e-01
