3.768843707652691239e-03
9.294389650902483424e-02
3.068319831793901026e-02
2.709464759942311618e-01
1.368349781605866511e-01
5.827242531888068844e-02
3.025480746880020999e-01
3.615077316122748963e-01
7.205157417400587239e-02
3.682880869185058137e-02
6.780489471034271964e-02
2.972488092155707307e-01
1.125205356206384899e-01
4.185978324240630100e-01
3.403863069233234451e-01
2.263048751405932410e-02
7.570391922389517469e-02
1.612838378634984249e-01
8.390904664912533784e-02
1.500279778445661738e-01
2.807669598941741063e-01
4.227580749980714425e-01
1.114901558716476920e-01
1.198310085435627254e-01
2.078953016335913506e-01
1.387039940830548934e-01
1.202045240072540239e-01
8.529761313463385397e-02
1.089846454236196860e-01
1.292908460980093377e-01
1.248976223295045346e-01
2.347263154335325619e-01
1.474507076157818841e-01
1.227069447875428904e-01
2.626756402150564051e-01
8.328106304370234969e-02
9.904289982948831852e-03
4.308917725076514271e-01
4.486072280408849311e-01
2.011304977996467569e-01
3.197932846433403364e-01
5.045318041312439883e-01
1.722526102613251564e-01
1.121050019032560213e-01
4.761823320840372770e-02
1.828068811907704594e-01
1.152647715526999572e-01
1.713290828844808988e-01
1.029594454702203454e-01
1.342396718946704259e-01
2.507323192547462193e-02
3.136738100304282129e-01
2.014765826665158854e-01
1.317372333173262855e-01
3.433935803584520219e-01
2.010569217905767148e-01
1.221311450617858785e-01
1.090903923271395598e-01
1.741814803674615331e-01
2.179601092513868132e-01
2.842858089278452738e-01
1.789711075551244368e-01
5.301467550784864924e-02
1.572947224917075615e-01
9.043584614765562413e-02
9.390138542559056667e-02
3.973405995508619282e-01
3.069092801789664593e-01
2.725022967518549166e-02
4.495197614950958154e-01
6.168577280790320527e-01
3.280998570441318596e-01
5.334314830337923974e-01
2.613322329119672771e-01
1.335543267985312699e-01
1.855923375583331814e-01
2.549760196466382411e-01
1.859257561269568038e-01
6.484069558076645257e-02
3.142095097036146090e-01
1.973299331183117900e-01
9.224383065528864167e-02
2.190951191019010480e-01
2.156382561152453414e-01
1.799692475254609514e-01
8.280209711154021823e-01
8.616780392728190519e-01
6.845115203762123235e-01
3.380793755884122787e-01
2.961119258108048657e-01
2.303173926336869737e-01
5.838770732597996505e-01
3.128798264012410124e-01
3.314283491363721468e-01
8.456909868028893440e-01
7.736849343044733818e-01
1.748256311829976539e-01
3.459512789053661996e-01
2.545741629661846250e-01
5.094731500579542660e-02
5.298288312020237728e-02
2.036420107259957479e-01
3.102045120002093204e-01
6.048670501076230943e-01
3.873662521027132488e-01
2.265810376401995174e-01
1.369273162270446265e-01
1.262601141145548445e-01
4.737987016567790088e-01
4.073121197607198485e-01
1.880313288601342947e-01
7.572702864901049713e-01
3.373393216587259880e-01
3.010053368845720390e-01
6.005086978496044781e-01
2.919082619335662820e-01
3.253433207809310890e-01
2.133440212688966497e-01
2.461829405993823106e-01
1.205788671349025398e-01
4.488605552465899096e-02
5.243934949546070756e-01
3.353156049250049509e-01
6.412039865220862112e-01
1.133305551851411686e+00
1.827308090211246239e-01
2.459299625471403350e-01
3.446536441066286316e-01
1.137962176820867866e+00
4.461122188839274916e-01
1.483715331604607557e-01
1.462936822189823960e-01
8.320554588724211886e-02
9.810106897002575377e-02
1.357505860516126373e-01
6.787498263190332448e-01
2.666626607558812978e-01
2.385817868903631067e-01
2.337313459589332176e-01
2.801270763294281818e-01
9.026074938707114859e-01
1.182874781595147251e+00
9.282248385506997046e-01
5.893713433268332746e-01
4.547323768880002781e-01
2.417041353351400412e-01
2.289619475304538465e-01
1.796321622773818238e-01
3.935967870286510850e-01
7.734512678770859573e-01
2.508873339667865854e-01
2.510201508000922122e-01
1.810190476344003818e-01
1.206814694548441619e-01
1.018048317194906460e-01
8.298625663509641426e-02
1.382353098650664081e-01
7.205951827478346283e-02
1.734739749860550184e-01
1.144195491761307859e-01
1.549572405330758018e-01
1.012688550180631947e-01
6.511721714526096383e-01
1.018899814504873769e+00
4.028604473745898695e-01
1.453957842634897857e-01
1.716635520740379395e-01
4.059142875935154438e-01
2.360599288266238827e-01
2.104268179055534260e-01
4.739737344143768460e-01
1.619827953777009666e-01
1.314766642562609777e-01
4.227370606072426984e-01
2.896869454422544843e-01
1.092387064398627899e-01
1.248572481060512690e-01
5.120697501810758112e-01
1.644569194551151470e-01
8.638917320183442383e-02
1.627208312549939181e-02
4.620238860112876184e-02
1.378460791904417837e-01
1.997520590111449279e-01
1.098746886807146356e-01
1.807667133624610012e-01
3.058361015271082173e-01
2.688236269020435332e-01
3.350842445695774163e-01
8.921536588489607789e-02
1.361338595886628089e-01
1.859602961303127300e-01
1.719054887334478532e-01
7.177007778287754214e-02
3.888861113669322966e-02
7.138983069431989459e-02
1.016338926109287000e-01
3.871659964627140460e-01
7.927353252637228120e-01
3.031604954314782163e-01
2.259751314125832133e-01
2.219734678202550937e-01
1.302362363067070539e-01
1.056757480048302611e-01
7.968816822374205633e-02
2.781243568404479505e-01
1.815578728632957772e-01
1.568375247937670858e-01
3.130694223259145037e-01
9.667096651983413391e-01
5.307686155466994071e-01
8.080281864005210979e-01
1.062280678777422771e-01
4.957972322615261107e-01
2.294994036447249863e-01
2.452715162507974056e-01
2.679012929687972777e-01
2.188526051586333343e-01
7.690297604127840914e-02
1.144863221131501962e+00
6.714490355090448892e-01
4.875732288230680833e-01
3.978509472169077243e-01
3.023434370232354618e-01
3.717763561726870059e-01
6.452719479262373214e-01
5.431563459948587358e-01
3.224824346977771539e-01
5.967340283602341477e-01
2.607717074578779215e-01
4.124055965866253448e-01
3.018141476900136899e-01
1.371872442505918943e-01
9.008785458198617646e-02
2.307760443184079246e-01
2.522657179418584250e-01
1.354343470036807329e-01
3.014572714344252446e-01
1.739377816292077827e-01
9.695816690228098444e-02
1.254390649540941260e-01
3.565279799686992268e-01
2.270150717277184815e-01
3.456568869350470918e-01
3.995876421516360022e-01
4.098695851571693138e-01
2.950966946796474422e-01
4.737216480115108985e-01
6.275668343825931972e-01
4.304538593864954410e-01
3.266117054924130292e-01
3.670569578422396284e-01
1.921374347453966291e-01
1.551678167400637187e-01
4.801909611335552497e-01
6.735116975004816764e-01
4.285162726815306966e-01
1.833004325809499402e-01
6.078174690810869141e-01
3.461898059743824807e-01
2.990457627135189034e-01
5.230351503451008410e-01
5.616562863752230239e-01
4.335412949252084314e-01
8.641952864946103041e-01
9.967593924415182327e-01
1.321132451431072496e+00
5.696704394561052931e-01
5.483604576654761420e-01
6.497640235942955256e-01
8.843135537293013160e-01
9.882262610396304048e-01
1.466519890246218205e+00
1.550214901731498118e+00
3.309567683212129574e-01
1.080733464683487188e+00
1.343294878115979252e+00
9.058066585467446918e-01
1.622589485585891556e+00
6.730202461109021650e-01
1.003813270490707232e+00
1.077612359229927819e+00
1.140797073350484858e+00
1.698662400813149898e+00
1.466066873812763127e+00
1.026036324072682415e+00
9.993999671086115644e-01
2.056101981073546803e+00
1.275806209030539540e+00
9.244962478533529371e-01
1.283709570460430882e+00
7.030802187877548404e-01
1.430048671229164681e+00
1.139644403473780043e+00
1.016029734244938476e+00
1.252504783658588305e+00
4.429078817036410376e-01
1.429769354600604725e+00
7.406534825310747694e-01
1.770041064335708292e+00
9.058554311268210979e-01
1.210920504500898831e+00
2.847375969643942684e-01
-1.198628881556193793e-01
1.099692270149954076e+00
1.061003817251689574e+00
6.711747586654694953e-01
2.100166740559656076e-01
1.760271970296159449e-01
-1.425516715404240020e-01
6.337476500653427269e-01
1.891326298014583962e+00
9.266894787699658798e-02
1.193536500310179660e+00
4.857073345127312369e-01
1.603891368442502685e-01
6.221902193040681484e-01
-2.107781574154706239e-01
9.055004083909844459e-01
6.790702250433847675e-01
2.486555868483834586e-01
5.622281285003629669e-01
6.483397870215368286e-01
2.298611071595105249e-01
1.234885473435054948e+00
9.968151872700128369e-01
1.273842099638727632e+00
1.151468818216639933e+00
6.579827198052662363e-01
8.168686593485543490e-01
6.584721614013419044e-01
7.470033529829546437e-02
1.754572974081976655e+00
8.073256835539637244e-01
-2.538819529383457563e-01
2.285587531549383211e+00
6.980316377703019715e-01
3.300020805218216724e-01
1.271427890092832858e+00
8.750152534844827246e-01
1.162116085011483557e+00
1.622016184864035537e+00
9.872401912202370955e-01
8.444509622262464932e-01
2.867949331908567490e-01
1.307270627415433095e+00
1.394849329017545214e+00
1.750509963791496482e+00
1.024490335514406159e+00
1.250070774523085904e+00
8.272267635353234283e-01
-1.858781799063731477e-01
1.141181277697835839e+00
2.313790856086339165e+00
1.946173085887848764e+00
9.594170196386276883e-01
4.856559930469216413e-01
1.082554441100462617e+00
4.957182672929053013e-01
3.353991830362859639e-01
8.345877627734146209e-01
7.684084625410542158e-01
7.426563045044545230e-01
5.548738107176818257e-01
2.091451424758580813e-01
