5.292107952142843796e-01
9.763531642069569472e-01
2.160214421111220640e-01
4.240478693602239280e-01
1.690438845161853498e+00
3.797492279391739278e-01
-1.690497693195563630e-02
9.694780375190373833e-01
1.012041433870155105e+00
3.541176199878553477e-01
1.147230585952384141e+00
9.775293705288427004e-01
8.173559645345637170e-01
6.786503840174517785e-03
2.445719316003076016e-01
8.024601728475279083e-01
5.650451590300211713e-01
2.477403920727491438e-01
5.277298114063884160e-01
2.673962520673009435e-01
2.136263600480057048e-02
4.563313031352388416e-01
6.454883302656418964e-01
5.114948061324163797e-01
2.832456181085011848e-01
2.496061723434293000e-01
3.454204760399068319e-01
5.773335880935502595e-02
6.229879208326748012e-03
8.404565269857894316e-01
4.659673564325497730e-01
2.219303817305001425e-01
7.783897849602050556e-01
-7.696192116199128408e-02
4.101413401699404160e-01
2.894414519793631069e-01
3.017230604853615716e-01
6.185869855089609626e-01
2.903085613144377186e-01
3.468495159674146455e-01
2.245632256900883528e-01
2.714425724276297580e-01
1.085458689952813749e-01
6.046862974483537823e-01
4.714698873740122420e-01
3.334113184985601497e-01
3.369731732673533764e-01
2.588439086994180904e-01
7.914868239126817695e-01
3.093276829576328546e-01
7.862164711658355953e-01
1.069042105029534673e+00
1.900495192718398563e-01
1.023493332079552232e-01
5.904786547141493980e-02
3.919048503867731403e-01
5.834365331004751631e-01
4.105247269880980543e-01
5.038680729626208166e-01
4.769215449906153981e-01
3.772762200930642740e-01
3.533630825224701177e-01
2.616068197432536158e-01
2.935895965971050403e-01
3.887890263612426844e-01
4.473213431333309953e-01
2.471938121343269790e-01
1.602549150386160803e-01
1.174046970382938565e-01
5.461086216871985366e-01
1.906690906679858466e-01
1.122456923745747792e+00
1.405487337454011776e+00
7.606058913861305504e-01
3.344620915794851990e-01
6.794750493805102876e-01
4.131289718131265776e-01
2.235532168647682283e-01
3.170252501414877466e-01
2.058073320799472250e-02
9.326108625190320245e-01
1.003362170412156473e+00
1.116915988389436398e+00
6.081597467745287755e-01
5.558045435397380718e-01
7.178758428956606430e-01
7.274518759698954673e-01
3.412880941626459386e-01
9.090538970709887145e-01
4.989305620033477884e-01
3.663469199677003574e-01
8.465967868859524126e-01
7.325216038600277368e-01
5.886368923918259277e-01
6.235535269930104763e-01
2.185284012047130076e-01
1.341392623182056931e-01
1.071489041327291364e-01
4.668482688633575073e-01
5.065620898109790549e-01
2.277508100374372901e+00
3.937763532488610108e-01
6.844865538790076975e-01
3.992596804869624760e-01
2.456429546652857399e-01
1.395931948913771703e-01
5.611738963429030447e-01
3.750803512896059844e-01
1.157459433142687510e+00
4.539137023653071479e-01
1.242397832498711274e+00
9.147058660539992836e-01
9.381315941210810472e-01
4.574250132967557225e-01
5.900241634465496210e-01
4.092093804254716694e-01
4.612959649397096462e-01
1.944039115270811968e-01
2.660869290581487911e-01
1.128364931572933161e+00
3.975529191925554207e-01
4.298466861104183745e-01
4.602836746275493773e-01
4.458334350582252026e-01
3.095484336759710686e-01
2.925833568369235471e-01
8.875604148939659765e-01
3.311600275061456489e-01
4.134642305681177632e-01
3.190212374661194339e-01
3.151534834995984302e-01
3.608208916358177643e-01
9.571697598602751933e-01
1.077969391426862877e+00
2.849345631071608653e-01
8.207632772382955633e-01
1.155009694452898916e+00
5.886816559570035023e-01
3.732360559733498562e-01
7.425761800176500227e-01
1.091738195537123479e+00
6.520966132096644996e-01
8.598241165042790346e-01
7.325809761460754244e-01
8.534830063881453377e-01
1.047871437212554158e+00
1.005910995745004755e+00
1.936871155343064865e+00
1.688551753146217083e+00
7.005741516451070572e-01
1.039411969696451887e+00
9.541898095587387774e-01
5.705672450395667950e-01
8.480062323074714081e-01
1.165355242301738814e+00
6.332603121527157208e-01
5.778838133420696188e-01
5.154541848240801194e-01
2.174483661036035465e-01
2.352351426033115478e-01
8.993657879920458065e-01
1.178485057940910297e+00
5.738348879617486409e-01
5.721114202813603056e-01
6.352142493561655501e-01
7.152223602038902950e-01
3.533167379993091273e-01
7.935538707242572043e-01
8.456271514990374438e-01
7.430876438811022666e-01
4.154624022168722508e-01
6.247953669075319016e-01
2.879993844644513912e-01
4.055142145006239152e-01
1.202340304155711914e+00
1.333199595223353962e+00
5.612583093255301137e-01
4.786847836701903502e-01
5.210840641644117754e-01
4.090052770053703712e-01
2.234733133404764038e-01
7.543846667357452240e-01
4.882537075954876293e+00
1.771729295658400094e+00
1.660060938788784357e+00
1.104214930019860930e+00
8.107164106598269138e-01
5.699279736667227647e-01
8.842920527340611958e-01
7.019856881013163408e-01
8.208171859315687158e-01
8.261631534913693731e-01
1.054003989676265185e+00
5.298489052143564582e-01
3.601593254403008260e-01
7.608533329850537541e-01
1.578596009998860072e+00
1.093373207586324281e+00
6.024408999517800734e-01
3.718973096112109800e-01
4.216749999105417479e-01
3.289604415291185746e-01
7.052572282444738994e-01
9.257290736332580705e-01
4.475580373794796896e-01
3.481911909385222992e-01
3.339237534095718662e-01
1.572181580587181382e-01
3.471748564636662482e-01
5.559382338417085956e-01
1.237986679121236167e+00
5.591828818095269105e-01
4.877885578637851105e-01
4.933634642497143341e-01
1.036871500167751314e+00
4.634577633175140932e-01
3.473575302140262111e-01
5.558954204092707574e-01
6.735251633025761686e-01
1.102954055448720716e+00
6.979476934807410382e-01
1.287912348970787324e+00
9.310649799993939713e-01
8.405916190389863818e-01
1.000657067175682480e+00
7.501444221256874378e-01
8.566664405835898721e-01
4.618789867892667544e-01
3.072484112427976699e-01
3.903865638862055731e-01
9.530618387978734285e-01
9.957808527569044221e-01
8.366881441667246566e-01
6.897603108150589524e-01
1.441936633358369635e+00
9.976191591222753896e-01
4.199008377334054742e-01
4.801289424068457268e-01
1.586250961640610357e-01
5.488874895667836817e-01
5.059464796818213816e-01
4.902394817620381873e-01
3.927542712070647979e-01
3.399323762796838677e-01
3.740545791776295204e-01
1.008680700170407452e+00
8.336037582724825645e-01
6.153849128393341639e-01
7.999769792941090474e-01
6.459186263851267595e-01
1.036023963125962455e+00
1.086843731156221793e+00
1.180776047935119477e+00
2.878075983955194150e+00
1.199379133469338665e+00
3.271502473568906333e-01
1.101070686409812538e+00
7.908684858139363172e-01
8.213917439267705012e-01
1.043941549147948233e+00
9.364894587619109201e-01
1.839227316594367334e+00
2.270920537118092941e+00
1.378193419303432421e+00
5.863645063568562188e-01
5.409504783386852589e-01
1.280786451935040704e+00
2.611948903329869065e+00
1.346159698185316111e+00
1.230714764714811560e+00
1.100008490392091920e+00
4.509911148254052704e-01
9.912967287476737166e-01
1.125823898100849707e+00
9.934836233851982445e-01
5.767323274999656135e-01
1.501132203044674096e+00
1.042895265440297425e+00
9.621914461918904538e-01
1.467322251848728332e+00
6.805908030468472703e-01
8.412377046825244564e-01
5.702741857957273064e-01
2.058729430028297003e+00
6.940364648655474866e-01
5.770874230758216150e-01
1.136882223324975794e+00
1.213028276593882460e+00
8.951274153439928716e-01
5.533695965681201256e-01
5.842704189938834336e-01
9.130776376845171072e-01
6.178013592501079287e-01
1.000515155209244833e+00
1.003898407572355822e+00
6.492712536114420008e-01
2.942571949088847449e-01
4.519722115863801792e-01
3.591561380320664187e-01
2.972027525605015486e-01
4.181143814453384677e-01
5.596694232494114907e-01
1.355218206250156765e+00
7.074231259456028598e-01
3.552370003435433715e-02
6.750303563142390217e-01
8.147285466434118772e-01
1.116911190951356547e-01
5.695734433965418120e-01
1.386849830429769836e+00
6.045584282261882159e-01
4.393185209839040040e-01
3.475552994977267329e-01
5.672554382307920529e-01
1.887591251793642733e-01
2.355857698502904218e-01
3.042303663032729366e-01
1.054719924973089640e+00
3.398433173974468868e-01
4.390122821370057715e-01
1.821596902922513750e-01
-3.497069659688064464e-02
8.098013212791098647e-01
5.616436369934868500e-01
2.206048163841966558e-01
2.067559342621674012e-01
4.497823537622047119e-01
8.696091139616630716e-01
3.216059210844381400e-01
1.679231625527492500e-01
1.783907234050137458e-01
8.389185268286218911e-01
1.057898055412598071e+00
1.054865290580897730e+00
7.827370797941112235e-01
9.031444664644278086e-02
1.221517169215801529e-01
1.626763308510037753e-01
3.539376523747262415e-01
5.096710316968964261e-01
8.072417699283800097e-02
1.350787168793294579e-01
6.173635532286132939e-03
5.842737172106549082e-01
8.899117825614982769e-01
2.018228447703450112e-01
1.466914054643806697e-01
2.959440055463973818e-01
1.815073374731235589e-01
1.382517778975452249e-01
3.147341155497743737e-01
3.963455271637532085e-01
2.746900576171545927e-01
2.709769248491343818e-01
5.538895748376957417e-01
4.095281179829527995e-01
5.846090466780353712e-01
2.746725856154714606e-03
2.858771869921372666e-01
4.452080031153649031e-01
1.710888263924896235e-01
3.312303940092918841e-01
2.119390625182456800e-01
6.234246083025528629e-01
1.457412586987292535e-01
