-9.593392765086566909e-01
-8.562393633005085380e-01
-9.017370928867330937e-01
-9.532731443167281604e-01
-8.593228356525088873e-01
-8.014043093202897206e-01
-8.133801404957591297e-01
-8.150383325046701710e-01
-7.845651435107181548e-01
-7.551974158560404993e-01
-7.806751710621404605e-01
-7.451787379321788141e-01
-7.670863396935164724e-01
-7.879301956378167437e-01
-7.736739159134047306e-01
-7.474105183718455780e-01
-7.242479746498854398e-01
-7.370650688571294129e-01
-7.717098100747572520e-01
-7.533619328776230972e-01
-7.811097077521067522e-01
-8.334557355721990968e-01
-7.529760642969329787e-01
-8.194914645034442335e-01
-8.106269160281330821e-01
-7.645173587824360961e-01
-7.674270164584500176e-01
-7.766322416986947141e-01
-7.969198906798382609e-01
-7.007968985657877514e-01
-6.834953857180923187e-01
-6.705740027052563557e-01
-6.444322754368878581e-01
-6.495354743238511697e-01
-7.339815965051289526e-01
-7.850518246034804415e-01
-7.531220686247617202e-01
-7.841201779401929528e-01
-7.724537368879794696e-01
-7.768790585385956238e-01
-8.307755132684873089e-01
-9.292102405731580417e-01
-9.038750134013668891e-01
-8.538963414682105846e-01
-8.410305791516904383e-01
-7.695093162767683292e-01
-7.654142425105264769e-01
-7.834874925196019246e-01
-8.409506244007366460e-01
-9.515002346216658857e-01
-9.093710334560597408e-01
-8.685941104696284221e-01
-8.368312165798567070e-01
-8.204126822861725898e-01
-8.173778780434484137e-01
-8.873834769437682901e-01
-1.007023594718791326e+00
-8.739754128381703735e-01
-8.530967939586726612e-01
-8.146142246952631227e-01
-8.232910533205090031e-01
-8.192064084348263941e-01
-8.741214171659990040e-01
-9.114498569808582307e-01
-8.394036737844567941e-01
-8.533018952763368192e-01
-8.157370675021359263e-01
-7.857992277102223699e-01
-8.156397312835834690e-01
-9.420064770192836390e-01
-9.438767229328983710e-01
-8.014912166582829345e-01
-7.689009649108153877e-01
-7.461833867593807845e-01
-7.918966465438285196e-01
-8.201206736305152178e-01
-8.357257552405825685e-01
-9.210444270953126455e-01
-7.751756747139277870e-01
-8.505347656346319285e-01
-8.552625248214644760e-01
-8.663692826170013017e-01
-8.324823733866746345e-01
-8.251856332887617107e-01
-9.589151686992497536e-01
-8.189143997791690222e-01
-8.382704020970249692e-01
-8.562463158875480707e-01
-8.625557886258576890e-01
-9.002457629667688366e-01
-9.772560933093444868e-01
-1.023935762692277152e+00
-9.349461248807122704e-01
-9.065587119985982767e-01
-8.869107010250851797e-01
-8.965435103682566353e-01
-8.953998098002654560e-01
-9.565026209965572512e-01
-1.013555550242363656e+00
-8.913881670784972178e-01
-8.908562941699784687e-01
-8.820299849233843581e-01
-8.928621155308625879e-01
-8.888157098738970197e-01
-9.364930754969921223e-01
-1.026449122907041822e+00
-9.648804883791062270e-01
-9.352172757752512666e-01
-9.461050270790452021e-01
-9.328047280725587642e-01
-9.527621291693278982e-01
-9.616718694603955120e-01
-9.835134216448582212e-01
-1.128794680421408625e+00
-9.708040925367258378e-01
-9.556405002036642005e-01
-9.688782259267955110e-01
-9.546845194857385142e-01
-9.498072796775575144e-01
-1.015464035384695318e+00
-1.034489789818176853e+00
-1.040083146091422384e+00
-9.975298371164089684e-01
-9.249761150661270914e-01
-9.209123279415629693e-01
-9.453576239723032737e-01
-9.523971183497562665e-01
-9.073234965729388701e-01
-9.193653773252831174e-01
-9.710161464414294175e-01
-1.010378217965330672e+00
-1.026421312558883914e+00
-9.785179878570063883e-01
-9.739362329980024713e-01
-9.390307697663949904e-01
-9.230015803469204805e-01
-8.979235988955892589e-01
-9.030337503695922141e-01
-9.132749110787163893e-01
-9.252785526023435958e-01
-9.920407696487555382e-01
-9.814797899358163047e-01
-8.959838271115799779e-01
-8.920625680213247755e-01
-9.162228079834473515e-01
-9.187222630241330679e-01
-9.412590739125418215e-01
-9.903756250528049643e-01
-9.334339371996298595e-01
-9.093223653467835677e-01
-9.126213678970072074e-01
-9.259077617294146911e-01
-9.534087197639976585e-01
-9.820464257795322727e-01
-1.153337312670701609e+00
-9.316818852656859606e-01
-9.372509074842932941e-01
-9.135217279186171879e-01
-9.316297408628900767e-01
-9.330932604346963144e-01
-9.790359555914461831e-01
-1.055935044541390422e+00
-9.995043718356156903e-01
-9.022446317406135341e-01
-8.637307758355263765e-01
-8.878353951013332468e-01
-9.279413934384566076e-01
-1.008494066877636985e+00
-9.274790464003326296e-01
-8.266317713929692834e-01
-8.262459028122793869e-01
-8.235309175733701581e-01
-8.754980293998119167e-01
-9.016675670163384337e-01
-9.052411967546206695e-01
-9.130976201092102507e-01
-8.129629852733915030e-01
-8.033892729200554639e-01
-7.865188204688065010e-01
-8.092190171526424392e-01
-8.257696506000763437e-01
-8.722789816005420693e-01
-9.174395107153527906e-01
-8.203501090028174625e-01
-8.041610100814354789e-01
-7.834179666492073757e-01
-7.740354504394565405e-01
-7.789613583569137134e-01
-8.551060916130766021e-01
-9.226365695273489598e-01
-8.290964634984577808e-01
-7.852325918665064020e-01
-7.815164340939152465e-01
-7.474244235459244212e-01
-7.735487693466942538e-01
-8.936303763987228921e-01
-1.046615101614994714e+00
-8.456853361746086151e-01
-7.805708822565486926e-01
-7.288714450311262194e-01
-7.281448996855026667e-01
-7.587362826591252940e-01
-8.298091036700024903e-01
-8.678849465916036454e-01
-7.833241067241746292e-01
-7.810228004141135383e-01
-7.409411361316282640e-01
-7.383721552205477767e-01
-7.665579430785175452e-01
-8.234613917029757202e-01
-8.403353204477445049e-01
-7.791247441523410089e-01
-7.725615019870909483e-01
-7.592403452194861346e-01
-7.464962531761564213e-01
-7.904192217979434387e-01
-8.504687160577569793e-01
-9.031867072844602662e-01
-7.852117341053880262e-01
-7.954772288691502879e-01
-7.589135736286316547e-01
-7.367730602014721519e-01
-7.295215119193155795e-01
-8.033197470496608039e-01
-8.388370379407408262e-01
-7.670063849425626801e-01
-7.829590959046029974e-01
-7.969025092122395959e-01
-7.678094087456203143e-01
-7.560491077683741956e-01
-7.997495936048983900e-01
-8.219596329024523307e-01
-7.528126785015056832e-01
-7.402111144924848896e-01
-7.375795602980493859e-01
-7.472401799893786389e-01
-7.581070735320543097e-01
-8.103905280687914159e-01
-8.343873822354866965e-01
-7.400060131748208425e-01
-7.293198868951712432e-01
-7.577803019411997187e-01
-7.585694205701783988e-01
-8.008654838247316610e-01
-8.675442698266699892e-01
-8.875572916197549400e-01
-6.976334714628336098e-01
-7.489227060529280999e-01
-7.551348425726852609e-01
-6.361482679793715178e-01
-7.199408469789401188e-01
-7.715429479858101347e-01
-7.945177718577048909e-01
-6.192812918216421547e-01
-6.574927101905129190e-01
-6.577082403887362094e-01
-6.825185472390481456e-01
-7.058166664082776709e-01
-7.811688047419420577e-01
-7.813287142438497535e-01
-6.926380376749816659e-01
-6.842045495961170953e-01
-6.611393420927095255e-01
-6.487081164661554489e-01
-6.368921947925937355e-01
-7.451022594747448435e-01
-7.843565658995345080e-01
-6.111606701595532209e-01
-4.655456872051088046e-01
-5.945648448963630761e-01
-6.566375419846594008e-01
-7.007899459787483298e-01
-7.439794166678721510e-01
-7.508624778369372699e-01
-5.337366608881298768e-01
-6.126450474924779455e-01
-6.687350434333192428e-01
-7.122721434744160307e-01
-7.243626923360364511e-01
-7.998260720623323605e-01
-8.125771166927014955e-01
-6.776274022567881916e-01
-5.812958325315541463e-01
-6.536826924928889060e-01
-7.088723284121202228e-01
-7.525380513134470872e-01
-8.268785882328700820e-01
-9.291580961703621577e-01
-7.897656786162340348e-01
-7.792012226097750904e-01
-7.524546202689734731e-01
-7.638811970683255792e-01
-7.216477070971274443e-01
-7.964714488157930150e-01
-8.012895916341384872e-01
-6.780480337726756401e-01
-6.837317736774337629e-01
-7.128005400894149579e-01
-7.069847010309069368e-01
-6.729239771245937307e-01
-7.255724424809024686e-01
-7.492042858280262285e-01
-7.040680907678537048e-01
-7.469516476272410888e-01
-7.472158459347405524e-01
-7.054481792951863284e-01
-6.859114097143045319e-01
-8.243235124958687710e-01
-9.224662311448822427e-01
-7.436352636094187840e-01
-7.499968807505246193e-01
-7.556945258293618073e-01
-7.641697294304631294e-01
-7.988979016925643606e-01
-8.075921117854087949e-01
-9.296934453724005065e-01
-8.516645610285440426e-01
-7.657723007430585760e-01
-7.271159168036626097e-01
-7.488948957047701915e-01
-7.378959030083447335e-01
-7.806751710621404605e-01
-7.821769298626638500e-01
-7.069673195633083829e-01
-6.895510890294617168e-01
-7.425054682155066699e-01
-7.332967666817423735e-01
-7.309954603716811716e-01
-7.730864223085701648e-01
-9.643833784057848080e-01
-8.133801404957591297e-01
-7.406421748889314705e-01
-7.469898868559581295e-01
-7.936104592490553777e-01
-7.040959011160115022e-01
-7.549575516031791222e-01
-7.569494677899841761e-01
-6.715021730750243556e-01
-6.843609828045049692e-01
-6.784825704626417098e-01
-6.182453563527626761e-01
-5.731091612925901524e-01
-6.765497512656719614e-01
-6.953947384361275352e-01
-6.195002983133851560e-01
-6.108060882205408326e-01
-4.545953626179597418e-01
-6.309129699386584189e-01
-6.476478469426378837e-01
-6.484821573873730260e-01
-6.893564165923568021e-01
-5.596107135554793111e-01
-5.176553270658594830e-01
-4.401200764018047273e-01
-4.884614140871680887e-01
-6.388458717506818596e-01
-6.888071622162394991e-01
-7.079128714006747147e-01
-6.777560251170183792e-01
-6.369860547176263710e-01
-6.397601369463709053e-01
-6.170564639690151454e-01
-6.715786515324583261e-01
-7.525345750199272654e-01
-7.290104967719153173e-01
-6.980436740981615928e-01
-7.861920488779517990e-01
-7.249293281797525301e-01
-8.247024284895192459e-01
-8.596878464720806301e-01
-8.262215687576411893e-01
-9.110605121066485124e-01
-7.232746124643609775e-01
-6.636978941232307694e-01
-6.549584922146297616e-01
-6.636492260139543742e-01
-6.706122419339732854e-01
-6.525563733924965026e-01
-6.814791354766489562e-01
-5.798879336560633924e-01
-5.416799915807125609e-01
-4.890315262244037120e-01
-3.894113828295051039e-01
-3.664539404252091237e-01
-5.688507017309211156e-01
-6.000851990056940144e-01
-5.096668045575202255e-01
-5.443219746557073080e-01
-4.582315656395971604e-01
-4.625665036587003898e-01
-4.710347546727622348e-01
-5.923365407502161339e-01
-6.017190569599669692e-01
-4.973398677365581388e-01
-5.705679907296677955e-01
-6.644696312846107844e-01
-7.273557810565239867e-01
-6.576630485729797471e-01
-6.421865898231422509e-01
-6.642645299669467374e-01
-5.596559053712357734e-01
-5.394308296734473540e-01
-5.800130802227737581e-01
-6.154469400693802772e-01
-6.763237921868895386e-01
-6.737304772211710757e-01
-6.744848329149524258e-01
-6.004084943030287835e-01
-6.680919291321693043e-01
-7.251031428557389580e-01
-6.383904772995974142e-01
-6.445504694165585802e-01
-7.545160623261732979e-01
-8.572509647147499301e-01
-6.567035915615342390e-01
-5.295094879681384592e-01
-4.696616187324689773e-01
-4.152576251486966852e-01
-5.449616126633374247e-01
-6.184956494861831855e-01
-6.754790528615952638e-01
-6.397636132398906161e-01
-6.265467452778775703e-01
-6.583652598639649911e-01
-6.710224445693016015e-01
-6.777768828781366439e-01
-8.012374472313426033e-01
-8.061529262682406438e-01
-6.697188344994028375e-01
-7.039742308428208473e-01
-7.742301228765614551e-01
-6.893147010701200506e-01
-6.763863654702445549e-01
-7.066718346141310780e-01
-7.343187969765427869e-01
-6.576178567572230627e-01
-6.225177210885107781e-01
-6.320219075714521573e-01
-6.215269774353877619e-01
-6.373232551890400943e-01
-6.994689544412510118e-01
-6.853621553381872289e-01
-5.593395626609400928e-01
-5.637787894856352011e-01
-6.221944257911760090e-01
-7.418519250337974880e-01
-7.626992572716174701e-01
-8.774447537708607303e-01
-8.679753302231165701e-01
-6.563177229808443425e-01
-6.052787815241704727e-01
-6.057272233882153856e-01
-5.382801765184166420e-01
-6.027549924288464478e-01
-6.450475793898798882e-01
-7.369329697033796256e-01
-5.667405915644451175e-01
-5.440195371194908036e-01
-5.620163086711322808e-01
-5.781219765480407613e-01
-6.245200661558752975e-01
-7.708754996300221096e-01
-8.381591607043935577e-01
-6.836796292746378789e-01
-6.087724565114989161e-01
-5.992543648544785828e-01
-6.340520629869744740e-01
-7.336548249142744726e-01
-7.804909275055949003e-01
-8.397408742558706285e-01
-8.380479193117621461e-01
-5.805658108924107719e-01
-4.471178552570208575e-01
-4.775076132064992596e-01
-4.710138969116438590e-01
-5.792934874641896270e-01
-6.281215062423152196e-01
-4.688342608747733120e-01
-3.762640407378868845e-01
-4.048669838182241132e-01
-4.521758623282278178e-01
-4.793987168812322563e-01
-5.363577862020061371e-01
-5.371434285374651063e-01
-3.880347705956921356e-01
-3.960893426809062312e-01
-4.246088547167699567e-01
-4.899770780617703214e-01
-5.311433459224114140e-01
-6.382201389171305861e-01
-7.613886946146791734e-01
-5.679781520574690434e-01
-5.132925786985984562e-01
-4.957407727174824030e-01
-5.000548529754671456e-01
-4.612872276434397678e-01
-6.015487185775001411e-01
-6.848372350167080125e-01
-5.229810087380856176e-01
-7.590074335536642902e-01
-5.502386262262873862e-01
-4.632513334820871354e-01
-4.702247782826651790e-01
-7.005500817258869528e-01
-1.008507972051715829e+00
-5.788450456001443811e-01
-4.749594900565372591e-01
-4.996967947429349355e-01
-5.474019707141879465e-01
-4.786652189485693376e-01
-6.014896215876648355e-01
-8.204474452213699198e-01
-4.886282761761152060e-01
-4.539279142621716057e-01
-4.332717781679368274e-01
-5.078382741661422450e-01
-8.463388793563179080e-01
-9.119226328995415631e-01
-8.756440337276405472e-01
-8.010775377294351296e-01
-5.676583330536537630e-01
-5.000061848661909725e-01
-4.675827952076705429e-01
-4.626568872902133145e-01
-6.062834303513724432e-01
-8.094275947638261970e-01
-5.174676072157941009e-01
-5.042090237315444146e-01
-5.259323819363362906e-01
-5.252162654712718703e-01
-4.724565587223318874e-01
-5.500161434410247852e-01
-5.941372607934362060e-01
-4.272786481399225567e-01
-4.398384966267065987e-01
-4.404190376445014654e-01
-4.209726516951324826e-01
-4.287247862441301294e-01
-6.907608391743275122e-01
-8.548731799472547577e-01
-4.447400704895256296e-01
-3.861193328663209412e-01
-3.537411350235570850e-01
-3.848504857316196182e-01
-3.995100155043204149e-01
-4.654761613347142557e-01
-5.949194268353753534e-01
-4.239135960128240233e-01
-3.809257503478445384e-01
-3.678340289525420248e-01
-3.307593585646230738e-01
-3.520655615470472677e-01
-4.408118588122307835e-01
-6.398539968714035409e-01
-3.416053943461801468e-01
-3.230002714285857279e-01
-3.212795061363196147e-01
-3.387652625405607743e-01
-2.689925753060627978e-01
-3.747657582308832058e-01
-4.166968106658648363e-01
-2.996708656176787500e-01
-4.006189531371141532e-01
-2.535091639691859355e-01
-2.914807180851950452e-01
-3.189260554234625289e-01
-3.926512883898933270e-01
-4.272021696824884196e-01
-2.939697442453217402e-01
-2.922107397243385307e-01
-4.884822718482864090e-01
-4.558920201008189732e-01
-3.800636295549514876e-01
-5.477113608374438725e-01
-6.878616103788728342e-01
-3.257708773638105515e-01
-3.149665571044902301e-01
-3.147162639710695542e-01
-3.375902753308920867e-01
-3.425439935965071681e-01
-4.450842235479788300e-01
-5.563916657562092416e-01
-3.532544539307948539e-01
-3.694539817327359699e-01
-5.249033990544962336e-01
-6.661382521740810692e-01
-7.284925290374755225e-01
-8.366991174261070308e-01
-6.545726236339398652e-01
-3.927103853797287991e-01
-3.182829411223124794e-01
-3.101449379926249361e-01
-3.814471943758039885e-01
-8.986119050124958818e-01
-7.353338746843038898e-01
-1.058274590080168664e+00
-5.086412979691999903e-01
-3.485649339726791252e-01
-2.451104388255186395e-01
-1.995223256077812146e-01
-2.988122211183054655e-01
-4.913328325344649139e-01
-6.554660310685103131e-01
-6.707721514358809811e-01
-5.167375855766508375e-01
-4.022180481561898890e-01
-2.783507574611756019e-01
-2.286814756512753344e-01
-3.174382017970180381e-01
-4.451641782989326779e-01
-3.144624945441293895e-01
-4.146040819669875033e-01
-3.559416288215460633e-01
-2.939002183749270802e-01
-2.726670175564173126e-01
-4.605850163524544127e-01
-4.824995707008313262e-01
-1.776042949658843129e-01
-1.719553179963233258e-01
-2.039233132037591156e-01
-1.779067325021007895e-01
-1.511253672261019809e-01
-1.762346353191109327e-01
-2.544060476972762608e-01
-3.811454119320401707e-02
-4.095814929234294771e-02
-5.584363814382607011e-02
2.882149052919465507e-02
7.794499425649722979e-02
-2.371291223341479622e-03
-1.642796619047598994e-01
9.194402826044946464e-02
1.441127651110354624e-01
3.161753891635845082e-01
3.428733233951099524e-01
2.446054581793861982e-01
6.943850401371817749e-02
-2.378241276081648481e-01
2.048505654877556259e-01
1.597143704275831300e-01
1.733727276666016670e-01
1.297487202875114709e-01
1.638859226512589529e-01
1.401045986827867962e-01
-2.970538716897741863e-02
1.447628319992248502e-01
2.553054896331147239e-01
1.908237211356455798e-01
2.924740199460664769e-01
1.123185845795861421e-01
-2.657943852679113816e-01
-5.110642745524517361e-01
2.465938980726717911e-01
2.447271284525766311e-01
5.078929767766865444e-01
1.385194743470352874e+00
6.247972515516821979e-01
4.415096757239247438e-01
1.697608586996023072e-01
4.590962446402382380e-01
4.968070767422683720e-01
5.522817687301170286e-01
5.950506079033535123e-01
7.158483314204464598e-01
5.044097306699170113e-01
3.000314820579594866e-01
5.627002204087474535e-01
2.692836658759485968e-01
-2.361450778381351812e-01
2.520864418338447099e-01
6.879441233375752640e-01
6.499030433511712168e-01
3.289125286198747444e-01
6.569390614351043878e-01
7.233119336073067229e-01
6.300951228757504241e-01
5.119776216623691534e-01
1.930415964012333618e-01
-5.711596157204734681e-02
-4.346240563471118201e-01
-3.037763682644795682e-01
6.271576548515787053e-01
4.778786585273389065e-01
4.177874487452883923e-01
4.962161068439138734e-01
2.981577598508248772e-01
6.802365255118822396e-02
6.795940663031837525e-01
5.126242122570388027e-01
8.644946423240952305e-01
4.931813026011898637e-01
4.804650209060177257e-01
3.440239765501404423e-01
3.610647673838563998e-01
8.283550948929839786e-01
9.025739615392166515e-01
7.130603440176227492e-01
9.136668141606745230e-01
9.591784489209779219e-01
8.539301863176366192e-01
8.167303693630072470e-01
1.026750642357486809e+00
1.180003042174777805e+00
1.393656041897374687e+00
1.446412272352795458e+00
1.221270122547491122e+00
7.618501235670316341e-01
6.293755301171660710e-01
1.437860590294260277e+00
1.194794671101227834e+00
1.262457248169250423e+00
1.243021291100440795e+00
1.422008691844291794e+00
7.791898756434442186e-01
7.694423486141215296e-01
1.282699705334637397e+00
1.083501134067076821e+00
9.898880258742716043e-01
1.324241412895409420e+00
9.878891571004265737e-01
1.006911435240388508e+00
1.018494445248128155e+00
1.434300865730056218e+00
1.672750267128886748e+00
1.814656044897779541e+00
1.871476062477764435e+00
1.772568559254410259e+00
1.560358221342500684e+00
1.788611653847963501e+00
2.113304421177771619e+00
2.620596458218431124e+00
2.704521136371749623e+00
2.399994347749894175e+00
1.591432809115365776e+00
7.453238241742361492e-01
4.721705845679424751e-01
2.695235301288099738e-01
-2.264288374504902779e-01
2.238102703443621277e-01
-1.921664885200328743e-01
-7.307562512112721065e-02
-3.478801041492924906e-01
-6.646225881994787255e-01
-3.058204288540807281e-01
2.296087279352714838e-01
4.737140588907022831e-01
8.091902887187129023e-01
7.269968047382201481e-01
3.986295951580572372e-01
1.794110495103724001e-01
1.105245350032987517e+00
1.044399784557155320e+00
9.046145458352976565e-01
7.919165862191750449e-01
8.743638396266086854e-01
7.652151756941301119e-01
6.989187819793621914e-01
1.104230272325225748e+00
9.681959543111565702e-01
8.948183506966987943e-01
8.279727026058135708e-01
7.334939973265952595e-01
6.170590221767634498e-01
5.689227858090639689e-01
9.863109198424693247e-01
1.387690722217518546e+00
1.223741767240018818e+00
1.112701999632807581e+00
1.016818871771618449e+00
7.518731611654071445e-01
7.906859783131910957e-01
7.066570113542804954e-01
7.090521775893747769e-01
6.426619239495735547e-01
6.439898680741106274e-01
5.342189476016007132e-01
5.381263015177768505e-01
6.829827973924686157e-02
6.401277059736909525e-01
6.153208754168983941e-01
6.716889748393183313e-01
6.352887053942266604e-01
6.523051621733042538e-01
5.185547690016980571e-01
1.792580925955041815e-01
4.880398644855090673e-01
5.395272478062284049e-01
1.975851120315201825e-01
3.275665479352860010e-02
2.495313660968434544e-01
-1.070598705700062520e-01
-2.872813555133614249e-01
2.077011261739341308e-01
3.856630203294650339e-01
5.056020993471844749e-01
4.869622134943930591e-01
9.732817717305217720e-01
9.562757438320033110e-01
5.654569211698933229e-01
1.019321803105823765e+00
1.178365707926984696e+00
1.211758983477510210e+00
1.817864663816489923e+00
1.960003353251205338e+00
1.887745116150100211e+00
1.966024293627377073e+00
2.438445630371625761e+00
3.436353924438800167e+00
2.782584783650802862e+00
1.989412796428119190e+00
1.250418843710425776e+00
1.127799542388994158e+00
1.014034360662314782e+00
1.439101627080803247e+00
1.393263220729645369e+00
1.247724716232635034e+00
1.096999581804187773e+00
8.764287579773279990e-01
6.647155300387397325e-01
7.584016403954598751e-01
9.579165543733160204e-01
9.273634106284099898e-01
9.483046027912626075e-01
9.964651732136005080e-01
1.201496965007267104e+00
8.548131648716476017e-01
6.605648355761827295e-01
1.020569792479407045e+00
1.109562906584491415e+00
1.442696114580203970e+00
1.381061430475393648e+00
1.585189385953930996e+00
1.448390283365521558e+00
1.378735790110694470e+00
3.513527640576803002e+00
1.492789504199511841e+00
1.204503958901833816e+00
7.467456282238057463e-01
1.004307691394110691e+00
9.548887027176311548e-01
7.266283176251286946e-01
8.319947742081409414e-01
9.354249353006633960e-01
9.083063695532509474e-01
8.210826888497089193e-01
5.837526539642313717e-01
1.830402999449703971e-01
-1.604348812719387507e-01
-5.652912305966566707e-03
7.378463168132971539e-01
6.435796654387824223e-01
6.251448809036550536e-01
5.860817706224505930e-01
3.509974213507188745e-01
1.830437762384901079e-01
8.030302966017515143e-01
9.469662297861664024e-01
7.806951107374875409e-01
8.431919156351908029e-01
8.288209182246276674e-01
6.024238264587007396e-01
5.505019064480153324e-01
7.446633284054876567e-01
7.536113079252722002e-01
8.895135267855913686e-01
8.786362043623565654e-01
8.073304716856573027e-01
6.002163800736721733e-01
3.859446001045626629e-01
7.573378945784222660e-01
6.504557740208080086e-01
5.083483712277709898e-01
5.782010132132230362e-01
6.243940015033931923e-01
4.614357901790167027e-01
1.460038687857684592e-01
7.599624961858185701e-01
8.439845105576893047e-01
7.021030668434347088e-01
7.149305899312378143e-01
6.431520813358557742e-01
4.132891249307580339e-01
3.084023968534687077e-01
5.184504801961061782e-01
4.600209387164867492e-01
5.110564038796406860e-01
3.144233372296407758e-01
2.822189540628632365e-01
1.902501327048902180e-01
2.592441301909686469e-01
8.100385043375272209e-01
6.929638911800649614e-01
7.246815932540797700e-01
5.352375016028816379e-01
5.828175310074241722e-01
3.760614976279711419e-01
2.060811733937398249e-01
2.080800421675845779e-01
4.976448634805231697e-01
5.273984597158908327e-01
4.732934273748151122e-01
5.483639859333813149e-01
4.428445724355012381e-01
1.627735087249452262e-01
6.278737713166429035e-01
6.881214143070811806e-01
8.918704537919679431e-01
1.218151887260293220e+00
1.467659378345383958e+00
1.220216805611012756e+00
3.173086608510165552e-01
1.475095170184086424e+00
1.886476269015398222e+00
2.121192131174039375e+00
1.873481883838647999e+00
1.431693645590258912e+00
1.090971688840975951e+00
1.006122316611409495e+00
1.721540046678295299e+00
1.984333931595794409e+00
1.723504152516943000e+00
1.956749542516737828e+00
1.764493129408077898e+00
1.136239983054898151e+00
7.439611171145020796e-01
2.022020429643185402e+00
2.022931218545355403e+00
2.195831629336158830e+00
2.103497797158613736e+00
2.333725764383283607e+00
1.685789844121393655e+00
8.050291653755965449e-01
2.156431318583540424e+00
2.540516560697934079e+00
2.658015281664802831e+00
2.125683502401529701e+00
2.254049116911075235e+00
1.564887831798708939e+00
9.616083780912690893e-01
2.984748633290692954e+00
3.277435166184348603e+00
3.867595088148328308e+00
3.539926613565631541e+00
3.034466583209869839e+00
1.831790695656527967e+00
1.696997414429002538e+00
2.057242235585087897e+00
3.380323025487793398e+00
3.342629574853362318e+00
3.403294373066168443e+00
3.071673352751538744e+00
2.227552807703693905e+00
1.592086352297075402e+00
2.739297976743127361e+00
2.876726288458607783e+00
3.154920153668508753e+00
2.935771133891218909e+00
2.340796545402413997e+00
1.252560240518579393e+00
7.355067712745191333e-01
1.929450209506299529e+00
1.814840288454324879e+00
1.733766170987185218e+00
2.103556894148449707e+00
2.639344109170334018e+00
2.233525079970589466e+00
1.963594364457085906e+00
2.499809163581897309e+00
3.124353104749524324e+00
3.538070272826095319e+00
3.539735417422045671e+00
3.179959895891123267e+00
2.761897360914891131e+00
2.273523313208601238e+00
3.708248745790951428e+00
4.041406287841302181e+00
4.301561665977326143e+00
4.205518628614228760e+00
4.845632888456727017e+00
4.120144336063183310e+00
3.005561202593316050e+00
5.055656637744726289e+00
5.117141841228186827e+00
4.361798880087205177e+00
4.188616889521301623e+00
3.279298459510923802e+00
2.349685427932363346e+00
1.563135779864764929e+00
2.648657099509690305e+00
3.260109319282014528e+00
2.847271653465936581e+00
2.659033835666084311e+00
1.860035580504333597e+00
2.306023181324555971e+00
2.161367655381557284e+00
2.402980483883341289e+00
2.631720597481566504e+00
2.791087797600062537e+00
2.582565807112586320e+00
2.185326270319535080e+00
8.220421458611546495e-01
5.628705587912142816e-01
1.587170873260177473e+00
2.093347020081002707e+00
2.126417000334193119e+00
2.330433714420099722e+00
2.264592715156415359e+00
1.834439631318562025e+00
1.194971962070734639e+00
1.218947958476310767e+00
1.887592159235231604e+00
2.218914218307165065e+00
2.803150536113525160e+00
1.756998240579540349e+00
-3.805892049688815171e-02
5.717490124406046093e-01
1.336109478971766684e+00
1.392713966353527955e+00
7.714099307462888300e-01
1.069599436281677196e+00
1.180347195233230950e+00
7.309111112414357070e-01
3.236042284152473303e-01
6.570989709370116394e-01
1.195239636671753924e+00
1.317636455207922497e+00
1.098386622918560374e+00
1.084943795877764572e+00
2.317605536239844277e-01
-2.913179873822215743e-02
3.844428413040397730e-01
5.164133721935444399e-01
2.440735852708675602e-01
1.234670578973596361e-01
2.488430599799368592e-01
-2.760636097551344079e-03
-3.643994509550487204e-01
-3.369193506815841288e-01
-1.501728628016960332e-01
-1.486954380558108968e-01
-6.150999658098581235e-02
-1.676725243800162579e-01
-2.488787410009055956e-01
-9.674570769696788641e-02
1.289839357131708775e-01
-3.200454219368154551e-01
-9.735753535644026124e-02
-6.166642978937374869e-02
4.787512082007912562e-01
1.027935403355262067e-01
-1.759391503699336834e-01
-3.243427758196536920e-02
-1.234749285701706722e-01
8.443871055135239445e-02
2.381499811132478106e-01
8.089289116122808099e-02
2.039119662374284658e-01
1.625162630044852119e-01
5.541450620566922280e-01
4.633268938537494219e-01
3.870257273891988814e-01
2.537063946140389881e-01
9.224027397757552649e-01
6.926058329475326403e-01
6.866439895611960997e-01
9.695760428384897489e-01
6.768686521837156134e-01
4.845392369111412023e-01
9.041209121554959482e-01
1.103312530836017435e+00
9.294109475115309715e-01
3.680486410649934648e-01
1.585776879558765451e+00
2.039603522265979407e+00
2.233128782509341104e+00
2.187686673619432032e+00
2.136522585596047463e+00
1.493832392255430852e+00
1.488527568344322649e+00
2.039241987739927264e+00
2.416718795873313841e+00
2.509601882426975905e+00
2.407683909015536194e+00
2.664811435495875180e+00
2.014230055865471325e+00
1.704182913134284494e+00
2.809223620892492779e+00
2.792290595157889133e+00
2.692093387038715591e+00
2.297853891553190753e+00
2.351659962651569735e+00
1.275277818670013996e+00
8.488339400177125071e-01
5.965106511816399282e-01
6.022639169567928219e-01
7.399355692186547762e-01
5.499735098330164051e-01
3.544737148704486529e-01
-1.306812850365707546e-01
-1.736343677663527707e-01
-4.506880087017833825e-01
-4.992003398620655646e-02
-6.444253228498484365e-01
-8.113812717219143211e-01
-9.202587847598537873e-01
-1.037886128586952950e+00
-9.500123809952215614e-01
-3.505540289584167107e-02
1.441058125239957910e-01
-2.589669447951618575e-01
-1.753488355640309831e-02
-6.087035857335561934e-02
-3.613646467123245998e-01
-5.053874872347328129e-01
-1.975275882199074851e-02
-5.826726981952901757e-03
-3.410526636765430775e-01
-3.971948040201803143e-01
-4.168741016353709194e-01
-6.078129995000532970e-01
-7.833797274204904459e-01
4.942200592711357837e-02
4.162509270095677838e-01
2.364048817663435831e-01
4.664868446631840748e-01
4.836458294765704768e-01
2.248531584002810835e-01
3.238371400810692302e-01
6.353130394488647470e-01
6.317394097105828443e-01
4.799331479974993098e-01
3.549499670826511966e-01
3.531040552236748842e-01
1.496331192203664562e-01
1.319700718466189637e-01
2.782559794503712824e-01
2.597273349902111117e-01
1.843508626019085550e-01
2.236607897230138697e-01
9.844817343586380332e-02
2.020139099756560197e-01
3.617385132342326726e-02
3.562918163812671124e-01
3.870743954984747770e-01
3.001357708635510324e-01
4.247435120782679374e-01
2.496947518922708331e-01
1.700598199422990453e-01
1.188470638096388171e-01
2.888621509790671449e-01
2.266469258564619560e-01
1.696183306652932765e-01
1.665313820197733552e-01
1.788854740964398657e-02
-1.352352295474169019e-01
-6.484723835992664553e-02
4.544512614054291300e-02
2.093558418893254613e-01
1.756775102701826075e-01
1.696079017847343384e-01
1.620469633793216457e-01
1.117554250293899404e-01
-1.104735908063810834e-01
2.178449506645058764e-01
2.668919759343742482e-01
2.005017222945734978e-01
3.110165695803055463e-01
2.773104276130048951e-01
1.123707289823820399e-01
1.443213427222190814e-01
2.610239924730703431e-01
1.971575279285930904e-01
9.337278489705831686e-02
-1.317561148266190377e-02
-7.458433650868989684e-02
-5.432102158218458932e-02
-2.754550049592406347e-01
-7.070125113790648452e-01
-3.987904227457362838e-01
1.341601367640489206e-01
-1.793215839646311038e-01
-2.273743892878567763e-01
-1.574974132477669486e-01
-1.429282671065789656e-01
-2.960457465690522622e-02
-1.021791544683055830e-01
-3.316353845315948012e-01
-3.951333619629806004e-01
-5.995846127388528846e-01
-8.562949839968242438e-01
-4.667832476981326750e-01
-7.171987064843238224e-02
-4.855732692647227178e-02
-1.168699708826839018e-01
-3.931275406020963703e-01
-4.497667909190550817e-01
-5.828949275506298822e-01
-4.668632024490864119e-01
-4.778211347157274025e-02
5.843951131729293452e-02
1.181935206279294825e-01
6.691405982594089523e-03
-4.531742136608413879e-02
-1.010771694225511552e-01
-2.083347296802964543e-01
-6.472724072425071196e-01
-2.929650954181199363e-01
-1.936821524946348849e-01
-9.222652612131891636e-02
9.806164976272058881e-03
-1.918536221032570988e-01
-1.545599452235950355e-01
-4.117367949056612020e-02
-1.450070906313774277e-01
-1.635531165591362079e-01
-1.217020188751083976e-01
-8.309777933850841236e-02
-3.059247176596727735e-01
-3.910000489680217628e-01
-1.829682158668275993e-01
-1.453790540379885365e-01
-9.103415744405170262e-02
-1.775799609112463651e-01
-1.959174092278213042e-01
-2.420930160503930173e-01
-4.823987581887592690e-01
-4.143920280622839236e-01
-1.857631558566903707e-01
-3.036616505783286679e-01
-3.437398385672942314e-01
-2.537385993414881247e-01
-3.300154317514007452e-01
-4.179378474524083620e-01
-2.756774877445031247e-01
-2.367430003235288793e-01
-2.342991659791586467e-01
-1.441693038931226856e-01
-2.651999390760375053e-01
-4.473090514006059504e-01
-5.796619745772809695e-01
-3.347049517095161963e-01
-4.044150656606592675e-01
-3.877462382335545854e-01
-4.049121756339805756e-01
-4.154696790534001538e-01
-6.925163674017912330e-01
-8.119896230878671517e-01
-3.609440151964373178e-01
-4.665781463804685725e-01
-3.748283315142383332e-01
-4.786999818837667231e-01
-5.443289272427467296e-01
-5.810281579305347499e-01
-7.506156609970363602e-01
-8.283455840981961416e-01
-4.455257128249844878e-01
-5.441759703278785665e-01
-4.797081070044884044e-01
-4.666302907832644564e-01
-6.418459130582088168e-01
-6.702298496468030997e-01
-3.918378357062765605e-01
-3.833417743440568071e-01
-3.470353648239982158e-01
-3.940869976135417674e-01
-3.647192699588639453e-01
-5.487160096646458429e-01
-6.575170442451510056e-01
-2.499112001762654744e-01
-2.983568266672210201e-01
-2.409701732435203525e-01
-1.308307656579191236e-01
-1.283841101124829492e-02
-2.087796952508218229e-01
-3.374129843613858371e-01
-1.227553358115866522e-01
-7.376740753155341945e-02
-4.029070093655494345e-02
-4.580062616532674241e-02
-1.772288552657534932e-01
-4.377596731019081644e-01
-5.536210598209847511e-01
-3.134787034780457948e-01
-2.143104782407119768e-01
-1.797039762518012618e-01
-1.546989969643843554e-01
-2.437268740046659998e-01
-7.577212049513641912e-01
-1.067166948903637502e+00
-5.000131374532303941e-01
-2.614942101840054267e-01
-4.125322110292284905e-01
-2.057414147145779637e-01
-3.013081998654715821e-01
-3.918517408803555147e-01
-3.361302320526054488e-01
-1.067087649245136299e-01
-2.156731853004461574e-01
-2.560433819450690929e-01
-2.371497266653371516e-01
-4.107141095184097535e-01
-8.299759657589494966e-01
-9.096769472857959560e-01
-3.976328170036662057e-01
-2.095097168899650308e-01
-3.352124905633968033e-01
-2.714085993022750665e-01
-3.300223843384402223e-01
-4.604529171987045699e-01
-8.086176183737291412e-01
-3.501118845889590880e-01
-2.992224237536336706e-01
-2.604930376503232781e-01
-3.359286070284612236e-01
-2.952559728476215617e-01
-4.476080126433027995e-01
-7.356606462751585918e-01
-4.930257874785735073e-01
-4.318047823026108789e-01
-6.170981794912518970e-01
-6.644626786975713628e-01
-2.986940271386347434e-01
-4.512928837742163912e-01
-8.795270535891789310e-01
-4.846826830312218060e-01
-5.032669481876975714e-01
-3.016593055109642041e-01
-2.823693527699833172e-01
-2.738767677012832746e-01
-4.102552387738053752e-01
-5.287029878715608922e-01
-3.331684299737955879e-01
-3.485684102661990025e-01
-2.033705825341222129e-01
-2.299051309702201951e-01
-2.786427661168329739e-01
-4.988207687759630971e-01
-3.225518295645406486e-01
-1.182187727683391559e-01
-8.114062608690050804e-02
1.533110377642406263e-01
1.172688265516814710e-01
-1.460013105780202103e-01
-2.563284380136867657e-01
-3.316736237603119530e-01
-2.065061992889185571e-01
-1.630247199441373918e-01
-1.961051290778867695e-01
-2.218157959498087972e-01
-2.280557428177238111e-01
-3.018748357091876056e-01
-4.736593562801583723e-01
-3.314407120944899976e-01
-2.881400000127348759e-01
-2.340801594874158675e-01
-2.332528016297199525e-01
-2.269815681201274304e-01
-3.044264351526691503e-01
-4.179969444422438341e-01
-1.030204175000800360e-01
-1.740828096303979888e-01
-1.966126679317673487e-01
-2.306768681316000991e-01
-2.769115719440072843e-01
-4.031740288741156863e-01
-4.775249946740979246e-01
-4.282450577384074863e-01
-7.367973942561102385e-01
-7.162803099026644471e-01
-3.754019199449938338e-01
-3.526912943805985412e-01
-2.631454496058771020e-01
-6.698126944244354730e-01
-3.209770686001031659e-01
-1.319188455295946527e-01
-2.182004506892898377e-01
-2.921064509187465963e-01
-2.888178772490820334e-01
-3.321429233854754082e-01
-5.082067612792336986e-01
-1.493211708893622813e-01
-6.695450198234162986e-01
-4.414723545809795535e-01
-2.973591304270586377e-01
-3.861332380403998399e-01
-6.452040125982678731e-01
-3.335577748480053617e-01
-1.155350741711077822e-01
-2.002453946598849455e-01
-4.063896003798657119e-01
-2.269022684616241875e-02
-5.365559349326307625e-01
-7.168886612686173887e-01
-6.113901055318554656e-01
4.684259613547399337e-02
-1.568960144688536507e-01
-5.785669421185660743e-01
-3.744007474113116851e-01
-3.644967871736011777e-01
-7.212618385164374368e-01
-5.271525609617613295e-01
-1.070355365153681654e-01
-1.081896659639183800e-01
-1.731824496087880361e-01
-7.579408665355585883e-02
-2.411127012778291334e-01
-6.860747955097319384e-01
-9.402057569760636779e-01
-3.050660731602993225e-01
-1.667513065972877351e-01
-7.526736267607164743e-01
-5.950167630539276997e-01
-5.979681362521785948e-01
-8.695500911875542194e-01
-9.106572620583598399e-01
-4.572269168123953564e-01
-2.293211136589056176e-01
-3.020104111564569926e-01
-2.541140390416188888e-01
-2.946128585464717897e-01
-2.668268444432710385e-01
-3.699337102384587239e-01
-4.388234189189454404e-01
-5.268605523061041795e-01
-2.905873106506245973e-01
-1.961607497742023920e-01
-6.431536545140774386e-02
-3.611560691011408419e-01
-7.676251651890745320e-01
-2.447906198217035534e-01
-8.357055525719160605e-02
-1.599725342338143841e-01
-3.899432557380237419e-01
-4.554818174654908791e-01
-2.739706276263157991e-01
-9.128097428395254287e-02
-1.036218162789934727e-01
-5.007299090107476813e-02
9.763472075224705060e-02
3.338801520595686689e-01
2.243803824815977788e-01
-9.646412792186967455e-02
-1.958791699991042912e-01
-1.402723788575055142e-01
-1.264158728878622961e-01
-1.283211351666073896e-03
-1.976729374552848306e-01
-2.210405824949090436e-01
-4.420320378376560444e-01
-6.960656630854354932e-01
-4.063965529669051890e-01
-3.382611999802001002e-01
-3.157556757334686881e-01
