-5.206182202148940119e-02
5.491221731673294748e-01
1.247743413213433517e+00
2.936731461182015002e-01
1.930157805700261119e-03
9.904144790310105417e-01
8.596775646089800382e-01
7.014906822702368649e-02
5.539445169385359691e-01
9.949250317604345639e-01
4.319904773795640689e-03
5.482089474465973167e-02
9.356256703820170495e-02
3.936139344097127069e-01
2.099896368386717366e-02
6.689025933327590323e-01
1.007155165275625652e+00
1.321718379441289226e+00
1.126083100258248093e+00
1.568590245588876497e+00
1.413706463628592536e+00
1.306156796894959449e+00
1.628016713693472450e+00
1.677935236519360718e+00
1.614577208144794884e+00
1.490451687879501108e+00
1.410454649482901779e+00
1.376725879552525456e+00
1.217754429623450152e+00
7.548062925632989528e-02
1.048902981023965175e+00
7.158424033382113638e-01
8.031537756635290792e-01
9.939794358667756180e-01
1.205366851383729232e+00
1.196139211900277388e+00
1.570752431236830171e+00
1.523909356277553639e+00
1.447620570687763397e+00
1.263596058553397850e+00
1.181586035628895637e+00
8.978716463962336247e-01
1.277480278196899466e+00
1.440141448636566013e+00
1.412728966347967408e+00
1.347250582046218614e+00
1.232241182925383871e+00
7.557851548666760788e-01
5.560870392355266034e-01
1.020782050956704712e+00
3.594361729536404981e-01
5.511037237617331108e-01
1.398859360982604771e+00
1.377699832293243887e+00
1.146173295122068669e+00
7.313810351946612442e-01
8.934347424083293188e-01
1.386972326854837512e+00
1.324346702214206806e+00
1.309310850933656400e+00
1.371589424299325621e+00
1.280324261607519665e+00
9.773508001474369156e-01
1.127357630623067264e+00
1.340763016059147272e+00
8.981572803543682593e-01
1.224707690828962026e+00
1.197131046650155239e+00
1.072529139744825555e+00
8.451125452678255323e-01
8.844060257439145811e-01
1.355940347717682348e-01
3.760942393044893611e-02
1.112666031897285857e+00
9.855778699812280941e-01
6.054377043465706265e-01
9.538168873918592139e-01
1.013597168493995504e+00
1.183487871457364005e+00
1.126972008783362567e+00
5.217680951286802760e-01
5.340207687588593988e-01
2.693799980815184125e-01
2.784980619402881684e-03
4.416095605370145560e-01
7.465290233160045696e-01
9.581132993031644673e-01
1.057815869124242081e+00
5.721675927620117896e-01
7.808918224999616964e-01
4.399545807274960474e-01
6.553865080367586859e-01
9.622885978304891452e-01
1.186482074698796074e+00
1.247033005858212640e+00
1.194283096093749386e+00
1.001572101118802571e+00
1.111871060109985709e+00
9.382755484213369801e-01
3.261000965140349317e-01
1.178556364470602531e-02
9.045591891403108598e-01
8.562825426229943027e-01
1.207573060236721840e+00
9.900992425767292104e-01
1.059634967344388112e+00
1.138238673854939265e+00
9.935510778988319025e-01
6.250772535611115455e-01
9.951722287448714344e-01
5.931913265132898738e-01
5.773533335850596915e-01
5.917147108513191034e-01
9.264507794779610617e-01
8.708401113057142595e-01
9.921649790688085169e-01
1.009200252342998816e+00
9.926333381841343506e-01
9.259960352192762034e-01
4.216620173097333502e-01
7.180792986379231913e-01
9.267590751392473791e-01
1.041319190419609741e+00
9.666675813802843020e-01
8.556506776368506539e-01
7.882753263601656180e-01
4.376013513098493402e-01
8.558692614004086430e-01
8.349577506121452775e-01
9.631146028043573448e-01
1.056639296160938990e+00
9.033368781571666783e-01
5.654040865973850583e-01
4.499513349630275272e-01
1.074899674992241483e+00
5.692412020614963097e-01
5.032673302229094814e-01
6.864681235723530950e-01
7.553081328856463550e-01
3.243390547796314305e-01
-1.508990777417313911e-01
8.477423630736735660e-01
5.189590308230359605e-01
8.374050462639307524e-01
6.527558953787502283e-01
4.773587449004406680e-01
4.132892292161076675e-01
-1.018339435078842448e-01
-7.213946177153068851e-01
7.130022183625643883e-01
4.885200331175881816e-01
4.743913461064114268e-01
6.606159242738527393e-01
3.875504329363507749e-01
2.100327326084748536e-01
7.591567251584373510e-01
8.320793461676379010e-01
8.996979920151491061e-01
7.854081373449934844e-01
7.855936144847990299e-01
3.365956379190741532e-01
-3.796699478672432848e-02
8.132487658300606714e-01
7.495974775841552917e-01
8.882746751187097223e-01
1.030642189964933397e+00
1.156227884813014972e+00
8.225075947399872467e-01
6.932421553709826600e-01
9.917869524401008441e-01
1.076801528548462006e+00
1.111110532905409176e+00
1.180807237075477634e+00
9.434999253839024824e-01
5.373453525312359425e-01
4.611112932442983370e-01
8.205148458965221270e-01
8.925832164667402147e-01
9.862519041680428700e-01
1.070277189043944643e+00
1.020281034785478491e+00
4.971070508720621395e-01
-4.245443722827769051e+00
1.021342248205727860e-01
4.225760896701492020e-01
4.154785096914968556e-01
8.779012558750061146e-01
8.839631261564198095e-01
5.778291127638075508e-01
7.227013223603008241e-01
9.400203340801158713e-01
8.568720951536560326e-01
6.184350191653630313e-01
8.188957351565906428e-01
8.948823290114538143e-01
1.415941498620554573e-01
-5.862279852490879239e-01
5.530651563774451329e-01
9.350416716370131276e-01
8.803756047206916513e-01
8.509794507450625378e-01
9.695746142749585017e-01
5.927275976303698624e-01
5.019854925034257509e-02
7.759592385508342627e-01
9.489138091360638239e-01
8.621659441194609030e-01
8.210389512991264072e-01
8.525655900054276426e-01
6.133760417228053541e-01
-2.148459083899441069e-01
5.228709280065617637e-01
6.509338814582930066e-01
5.834787931472675826e-01
1.740386960515989401e-01
8.628612673257831656e-01
7.975269787001137978e-01
5.015540493679693235e-01
3.753076924548159193e-02
-2.618348249978779685e-01
6.658463343000660117e-01
7.432957753495186282e-01
7.960759445883855978e-01
6.037882346168844672e-01
4.011324199639046961e-01
8.832852146048012498e-01
6.984824341368676137e-01
9.936699670453368327e-01
1.006050438265723601e+00
9.972527346792143810e-01
5.821143691944548060e-01
6.403231021988224914e-01
1.017486720644426024e+00
1.057276187776385434e+00
1.129187625081315538e+00
1.252700120335976219e+00
1.041366209943246801e+00
8.234867514887163065e-01
9.561445572024294126e-01
9.267718330033561935e-01
1.039809024617246003e+00
1.021453554809963249e+00
9.573303176257477176e-01
1.004470014336048767e+00
8.339495009848123530e-01
5.711400787244798050e-01
9.084841769525160426e-01
9.001145431990631440e-01
8.968336086899977300e-01
8.552829200915755825e-01
8.430510388204238703e-01
6.316829113199405876e-01
5.439841024185865237e-01
9.834946383470377640e-01
1.074865330889949622e+00
1.007127804299451146e+00
1.012939565694297217e+00
9.214692162822509802e-01
7.223102465901680702e-01
5.890534068506952936e-01
8.593751580695108139e-01
-1.872894162566059520e-02
-1.848550338528798243e-02
6.086329561761441020e-01
8.933536211367091306e-01
8.823661694194540051e-01
4.228650832921410085e-01
1.933943059302307144e-01
1.028494698360099768e+00
1.019497508460942115e+00
8.657444205358513223e-01
9.371395768992715203e-01
6.156397585375359416e-01
4.512595417874865622e-01
9.746213083223961293e-01
9.661195980078107759e-02
1.203256375373929210e-01
7.640838989645930557e-01
5.157947616340823327e-01
2.163232330192371017e-02
7.784153117147711853e-01
8.923215342817640838e-01
1.001964005076857012e+00
5.819350635737337990e-02
9.358605467795632071e-01
6.811898735944129646e-01
-1.538336429598824440e-02
3.912875379788973568e-02
1.069692228946597989e+00
1.160213731168548090e+00
8.638824850987131265e-01
1.438596972973726351e-01
4.461608201980602484e-01
3.762312892430655364e-01
3.221775277278876581e-01
1.091914366475246201e+00
1.011423997083065629e+00
1.025745786495249723e+00
9.722653219451014017e-01
1.061543252007500548e+00
7.036959791041910162e-01
5.181120044814561953e-02
1.926084915114308627e-01
7.368619524654256292e-01
5.826614106817964434e-01
1.635299485270408359e-01
1.067380558342010122e-01
3.475577049123342865e-01
1.736218662198738827e-01
2.557535773583780037e-02
7.740140179897619932e-01
7.241726124012143329e-01
7.836368244392768467e-01
5.745340084669423586e-01
8.874426321995352307e-01
8.878147986983183637e-01
8.777857808923106298e-01
4.459977628558722818e-03
8.045238385963070504e-01
8.492706908187173109e-01
1.049287206826029273e+00
8.919280810007519378e-01
2.820368563446582627e-02
6.849441520430832320e-01
1.037750762696943330e+00
1.000050655951142620e+00
3.659544175053784931e-01
7.143958656648410725e-03
7.963023874031711635e-01
1.081433900605553555e+00
9.824542508655115247e-01
7.480937887331309266e-01
9.658987743621909594e-01
1.121620626766573592e+00
1.075966954287431943e+00
1.069352695670231723e+00
9.951818954343378820e-01
9.488642975701312432e-01
9.350730276321789214e-01
1.001957454917479895e+00
9.939989414590892913e-01
8.902030092904753555e-01
7.795928194564925029e-01
1.329267549393754466e-01
1.452782831776704420e-01
9.215565755522256985e-01
7.985338646975346233e-01
8.559120535480662095e-01
8.422065913535232706e-01
6.583053386830788334e-01
3.301988601674822887e-01
5.609582579097538435e-01
5.788453791429675199e-01
4.429869834038078213e-01
4.822847768432871746e-02
-1.992486797765641651e-03
-1.182302740738305503e-04
-2.746489491210084288e-02
-1.558177494702625843e-01
-3.098960312778997403e-02
5.148577638882498864e-01
-1.401623815568203528e-02
-8.219832835467250770e-03
7.004763054662455080e-02
8.022138686462951251e-02
