5.136964400892897187e-01
9.763489326107025468e-01
2.469683550687767348e-01
4.139376043307926301e-01
1.698119461006687425e+00
3.943627909400292952e-01
2.671450975250626303e-02
9.732063502280380307e-01
9.962623197140461073e-01
3.734186073931717864e-01
1.150789113296133870e+00
9.808459999481613512e-01
8.319475410468071264e-01
-1.303739197428965269e-01
2.001796976879333390e-01
8.741460159990720458e-01
6.134866500925033606e-01
1.892922438235339899e-01
6.112056178343759916e-01
2.704606939321922421e-01
5.686949406366515636e-10
4.526640306535987812e-01
6.323854656471948887e-01
5.011641640054079749e-01
2.833683494728241326e-01
2.811994571579464197e-01
3.535208445143511735e-01
1.040187395319805970e-07
7.610492002742130889e-10
8.585721264853179990e-01
4.840867386545986695e-01
2.963882218474990227e-01
7.987748970523854686e-01
-2.013662903701134502e-02
3.871883458044752535e-01
2.914821699670694377e-01
3.095920023206994998e-01
7.257482702149674614e-01
2.563241578796967013e-01
1.351317484172949446e-01
3.053728406764180670e-01
2.989567358760755189e-01
1.276333695113641697e-01
3.934335489731606850e-01
3.283222481364440615e-01
1.632437472260467315e-01
2.942627115058725207e-01
3.153831218007883685e-01
8.204476282322960001e-01
3.168980488950339791e-01
7.865941129331579518e-01
1.017469625402027233e+00
1.932379244492938575e-01
1.460584024255263125e-01
6.982316832609292145e-02
3.824961453946923995e-01
6.371299165987502899e-01
3.842122408329534111e-01
5.027503229023020381e-01
3.991017355614968620e-01
3.550677071730076184e-01
2.735402467618227584e-01
2.616589177950862100e-01
2.566847345680021153e-01
3.936587035782832533e-01
4.621078660808338734e-01
2.943382845114788093e-01
1.246019210197368970e-01
1.429376378984971163e-01
3.566184555805475553e-01
2.075853060202242639e-01
1.087065067307502630e+00
1.392288013536387759e+00
7.326084224805374800e-01
2.890582319688220214e-01
6.884133708841584376e-01
4.607821340094062079e-01
2.551463159550458881e-01
2.953223616506160942e-01
3.210164769720047495e-02
9.890950359002291803e-01
9.489826497392518379e-01
1.067470459004520311e+00
6.246472060200739529e-01
5.941826259272141586e-01
7.069000045371480745e-01
6.574294409229408664e-01
2.961050086950796634e-01
9.165049490361135698e-01
5.213518982547911129e-01
3.981798088327249130e-01
4.311232525704669083e-01
7.250845858116961029e-01
5.399519722258814269e-01
6.248442932372981762e-01
2.192593704081487738e-01
2.273163485863050337e-01
1.202780195070424635e-01
4.674466436712435002e-01
4.362016362670509406e-01
2.256346326963501348e+00
4.185386335550726478e-01
6.196384349409992387e-01
2.804009865586882255e-01
2.278303629690877907e-01
7.006052583335008188e-02
3.186848960746377357e-01
3.647552603653443359e-01
1.061435122321477298e+00
4.508562304488572536e-01
1.286119504855078421e+00
9.726659914045426847e-01
9.366815358499914757e-01
4.350064073100424200e-01
5.733656851865542858e-01
4.172953754722785180e-01
4.206621743363599397e-01
1.385660837015216529e-01
2.696984301975601794e-01
1.128385888591747044e+00
5.086059947679164583e-01
4.115648700435108887e-01
3.526777051390836415e-01
3.037642117170328837e-01
3.063928624747943585e-01
3.321127789037417455e-01
8.875891365209206407e-01
3.754235650655157186e-01
3.801537035073383475e-01
2.829969060690121774e-01
2.815591680862566393e-01
3.461360782412258863e-01
9.571880343713269346e-01
1.086705787359476760e+00
2.873960824879026044e-01
7.725463792111558758e-01
1.134914967053169743e+00
6.066861770120935970e-01
3.727110174736342207e-01
7.440237189652539884e-01
1.099547856718156691e+00
5.080116795737711355e-01
8.709486923596998498e-01
6.845047964165941190e-01
8.283720927835187542e-01
9.690909902477615745e-01
1.036955427442089794e+00
1.855254034504206118e+00
1.716340711344772618e+00
6.868921889551317106e-01
1.037842566014395951e+00
8.987880728591751689e-01
5.315605319194176559e-01
8.425734808772060713e-01
1.155961299797059194e+00
5.580408240641678841e-01
6.193765245778303230e-01
4.749025861152040839e-01
2.388089761815621048e-01
2.029723165204911639e-01
8.913502794181087374e-01
1.223324253957680963e+00
5.707331108244054763e-01
5.369377859331185832e-01
5.891266710575456811e-01
5.050371101451376354e-01
3.872041135730780459e-01
7.935944493888912321e-01
8.305339783069777271e-01
6.793825483684383659e-01
4.537946370441919841e-01
4.044087249580636256e-01
1.737653477175932770e-01
3.594004561369661954e-01
1.203597253431545333e+00
1.378874390291267682e+00
5.127364876905994295e-01
4.678847267992976011e-01
4.995995305543837195e-01
3.683827910568516772e-01
2.290157109373896493e-01
7.544101223723648220e-01
4.703982283992280244e+00
1.813792711008970437e+00
1.496666819305083607e+00
1.160091844756539370e+00
8.001962497280566966e-01
6.207520426733720287e-01
8.636256483062694222e-01
6.873530644032166403e-01
8.158929796902588683e-01
8.484000432474690934e-01
1.081807139329248990e+00
4.917436314476203441e-01
3.727283357557511501e-01
7.735768507348020906e-01
1.478438084232287064e+00
1.136874131113786657e+00
6.310465689480323492e-01
3.804094103311998487e-01
3.960981027231967877e-01
2.012001341202201699e-01
7.052951779565171941e-01
9.295354864670769546e-01
3.885053425338251820e-01
3.470211191264003237e-01
3.373430653596399820e-01
1.675740624576465276e-01
3.097967565183281646e-01
5.407413275899548566e-01
1.216552393215524441e+00
4.671978694198237192e-01
4.178268833308265706e-01
5.438209733867744866e-01
1.063677045327113158e+00
4.575099136812702527e-01
3.951493587488092429e-01
3.167952170925282807e-01
6.930624833585126154e-01
1.085479133745532065e+00
6.782154001936633314e-01
9.570254037355744314e-01
8.645902099578122169e-01
7.904414608961796151e-01
1.027762260754068624e+00
6.320835965587408012e-01
8.169858610546072430e-01
4.689122261359987553e-01
3.451229332423748630e-01
3.916712532416704584e-01
9.690830477309015922e-01
1.000787245293101480e+00
7.939943901138853954e-01
7.211903495521551077e-01
1.363968501724081461e+00
8.458699203457887839e-01
4.297334168746741456e-01
4.801307084094584288e-01
1.528982533173887937e-01
5.725873409151767124e-01
4.474961653036890197e-01
5.015450836187186345e-01
3.983488142137512900e-01
3.381918046325457783e-01
3.720233814297806418e-01
1.008711215974898323e+00
7.282972558826655840e-01
5.798748740093307985e-01
6.987717626349848610e-01
6.293482007913501208e-01
1.008127283999922463e+00
1.106834111606509241e+00
1.194704695581792153e+00
2.853280556042727234e+00
1.256582428254462203e+00
3.607139214357785173e-01
1.021307081122351468e+00
7.321534510177425403e-01
8.214334528424319659e-01
1.043973055877398970e+00
9.392039109784684481e-01
1.858209881250801443e+00
2.274143533567740683e+00
1.342826304605327037e+00
5.445588191404118206e-01
4.992543574620262326e-01
1.280812972413795769e+00
2.659689699709621991e+00
1.373102128225863305e+00
1.228220223026792457e+00
1.083104715122975348e+00
4.369802452125534642e-01
9.913187531457655632e-01
1.132250940252446325e+00
9.893549298223466293e-01
5.302351559255341629e-01
1.499883598945623397e+00
1.007584505575290112e+00
7.516628065497130695e-01
1.103896617422480242e+00
4.954731702713945918e-01
8.538935733506790582e-01
5.279604602270149272e-01
2.058765963964897860e+00
6.845261504534998487e-01
4.304217199560322338e-01
1.138475173002381435e+00
1.234669648089612215e+00
8.888808777303142117e-01
4.646388464594211065e-01
4.910462697088318618e-01
1.060379618202727414e+00
6.411193710877310936e-01
8.246902474104680358e-01
7.645793566001002350e-01
4.542542917637465982e-01
3.050188314136574319e-01
3.963823068829362972e-01
3.566039404902330845e-01
2.709390343608324425e-01
2.807687710230650779e-01
5.813777942671659593e-01
1.170190892955451867e+00
7.108161234632899284e-01
1.406777670372286737e-01
6.893758422461960800e-01
7.195929351932082163e-01
5.219919058179818550e-03
3.110422705733079662e-01
1.322089026185719440e+00
6.039837178909447379e-01
2.878135813251860298e-01
3.354992413053798361e-01
6.024799625640047118e-01
2.177369540489292876e-01
2.419289449323973606e-01
2.891293466477782292e-01
1.056406815126333720e+00
3.472214525146879449e-01
4.963641911931103157e-01
2.547755188157381223e-01
3.356865091013896014e-09
9.025664557684325295e-01
5.616397050223722598e-01
2.162168948286612435e-01
2.276696782242344785e-01
5.669567568637865485e-01
8.092429608560066656e-01
3.360185191162828322e-01
1.679183781230371431e-01
2.681700266458389992e-01
8.312985815381634946e-01
1.088608606986411598e+00
1.064630870200989676e+00
8.009991886306353503e-01
1.542218166796764101e-01
9.227684308728301144e-02
1.765784478898952126e-01
3.189688339476383638e-01
5.104895111605475266e-01
2.315289661843959457e-01
1.574470503398550658e-01
-6.794409514205743163e-10
6.038477677910565333e-01
9.485604480995882826e-01
2.191403694474984565e-01
1.399042318372459015e-01
2.888855170026699004e-01
1.779247400749761066e-01
-8.473408652713542918e-03
2.809634430415783868e-01
3.901120148124987974e-01
2.737881145686529294e-01
2.846850934731670058e-01
3.514589706013410697e-01
3.820308398427063601e-01
5.845875255399515247e-01
-2.397088441754378560e-02
2.887858689137018930e-01
4.652600811113082324e-01
1.280894198412490526e-01
4.079479272162442882e-01
2.083019066188674662e-01
5.096493749916981564e-01
3.634105393715019588e-02
