8.468912657731244575e-01
-2.456899460541170019e-02
1.214393522617423393e+00
5.151039625342553885e-01
3.498481988865063674e-01
1.149497623753984676e+00
9.270543424656103593e-01
2.491373727034165431e-01
1.405493416716094401e+00
7.092396629038995037e-01
5.976784664778789224e-01
5.862682126067050303e-01
3.221426415700753831e-01
1.053032544590926545e+00
1.038931764788125628e-01
-5.742419289478153388e-01
2.019392221504296536e+00
4.722628276365578581e-01
4.215827768969849232e-01
9.105305247235445654e-01
2.932447887424847743e-01
6.539506214646880755e-01
6.787265547585837056e-02
8.822376636450623977e-01
1.277177535331935676e+00
4.151273646344282864e-01
-2.761769274410840747e-01
1.287447546566993228e+00
2.451727344743535875e-01
1.356172268538473169e+00
1.063912219952346749e+00
2.604321844762335081e-01
2.160090438263191803e+00
3.121015321580878910e-01
2.651392291661385237e-01
7.411299868351296505e-01
5.970776962414362510e-01
1.292117293870538974e+00
4.719814035945679165e-01
1.073659732727009430e+00
1.745118598696576429e-01
4.747056078355224584e-01
3.425618285058557033e-01
2.748976240987128228e-01
1.290611754055865479e+00
8.268751110638845603e-01
4.093422138070090255e-01
1.225144831649949806e+00
7.916455966210378392e-01
9.120230930926306323e-01
-4.977657274352145778e-01
9.203621280224090206e-01
8.608893942817423817e-01
1.258398650524383156e+00
3.503426367625592786e-01
5.503547506790876787e-01
9.917762700729122471e-01
9.630879661194016172e-01
1.576997925335485329e+00
1.327358653134873112e+00
8.354037995969894048e-01
6.298433443816374711e-01
2.438434666459853017e-01
2.293556008264814039e-01
6.976883974741852068e-01
1.245173604456433880e+00
3.313169008837423046e+00
1.840717579890750910e+00
1.245369526200679866e+00
1.056891640707611657e+00
1.187721702494825227e+00
5.457287425193543262e-01
1.513976815217773275e+00
5.865869666821156292e-01
4.023281454083699749e-01
1.106210826007749226e+00
3.785599022211417197e-01
1.238873691467943905e+00
1.134322189729354724e+00
1.828517796118942940e+00
7.338338822113327220e-01
1.059300895618895622e+00
1.022398876115905519e+00
1.014846533252452554e+00
1.524590545954057852e+00
1.117641770924294953e+00
1.200859199893292484e+00
2.182301181961032732e-01
-2.240838837177695220e-01
3.128791535313053540e-01
5.733312966474787276e-01
8.206332965223792630e-01
5.708474670667680329e-01
3.900186167544428817e-01
2.032998041921232346e+00
8.340055406652532310e-01
6.377745461508471658e-02
2.238308963255782658e+00
8.433929708396227243e-01
1.857859651381177590e+00
9.391205318851698625e-01
9.754935043194550293e-01
1.002482701667697595e+00
3.590641097149650518e-01
1.084541804251918512e-01
1.189425063205013178e+00
1.649278469469518171e+00
1.382716761227268387e+00
4.697051209104049496e-01
4.541601181291402556e-01
2.902891483373373216e-01
7.738577901071218568e-01
1.406924049532235710e+00
1.478111472773129487e+00
4.726880373351436404e-01
3.831793187699063519e-01
2.620210718499889624e-01
3.834641065009328775e-01
3.464222909529702243e-01
3.206350445823801798e-01
5.290103138162691732e-01
3.697250219700388696e-01
2.470860360867428995e-01
3.098592624390998918e-01
-4.313275355071032047e-02
1.796052995290272902e-01
-2.996511857932577239e-01
1.137586674987645097e+00
4.706930713961427482e-01
1.260385045533346959e+00
1.703344417720482618e+00
1.484947100553843935e+00
1.600046104454331486e+00
1.745258385550723101e+00
1.580640007789534618e+00
6.927019857347974652e-01
6.006685628355155071e-01
6.437376593743454611e-01
5.724072203500832901e-01
9.652956887496427774e-02
1.953296060288857161e+00
7.961047755695480621e-01
2.737775647638836518e-01
1.129745680416185394e+00
3.601220333240742200e-01
1.422223987056881356e+00
9.562840426472343225e-01
1.470979011881201837e+00
6.014512102813986960e-01
4.203412043314241342e-01
3.751466849712297158e-01
3.666128288309369876e-01
3.926293869308857265e-01
4.338780701322359490e-01
5.718936037691282337e-01
3.254584752488919319e-01
1.781898666614801341e+00
3.814268118286526787e-01
6.441301529058819642e-02
1.490330313024467446e-01
3.139744843580808964e-01
1.499434106956085477e+00
1.795975128350337791e+00
9.309926348689622211e-01
8.887445255983099646e-01
9.195150378657451773e-01
1.098877347213257583e+00
1.345601672900008650e+00
1.846479627976602256e+00
1.810491892785407009e+00
1.683331794183152930e+00
1.839861158906527017e+00
1.415426425344612271e+00
8.227934106562969641e-01
8.835171735086683187e-01
6.730587100432856573e-01
1.485963078408549798e+00
1.117230173657769443e+00
1.714067156209218679e+00
4.866367245006296693e-01
1.177318616132897455e+00
7.853039407265155480e-02
2.222232640796296455e+00
2.301675861239225629e+00
2.007348297008290761e+00
1.034733747401486825e+00
1.539468450531883859e+00
3.824346614478694728e-01
2.522753040108712153e+00
4.425985251140704402e-01
3.196569718722437781e+00
1.031773990473717317e+00
1.490830344887560832e+00
1.835283486642376394e+00
1.072213646796607689e+00
1.992308268949035677e+00
3.108809804884405281e+00
3.112714699465825685e+00
2.993829308519123877e+00
1.512293855755800775e+00
2.610416044578126815e+00
1.577482637511969488e+00
1.410272142364702663e+00
1.219297845169729388e+00
3.145264422372505475e+00
1.606613666911748117e+00
2.408673596290639818e+00
1.401132966592330886e+00
9.186766738178246960e-01
5.916338793669467799e-01
1.204626430911222679e+00
1.667860851262778388e+00
9.597118742558400362e-01
2.380956484789026995e+00
2.801888183764399187e+00
1.285542941075436874e+00
4.119674393008240787e-01
1.900055848979562700e+00
2.878672780554493826e+00
1.679948064169379363e+00
1.547561868778284166e+00
1.227788333175285684e+00
1.723934997295092586e+00
1.136467456459693492e+00
1.609112154440067943e+00
2.902653774330703484e+00
4.244677679952158500e-01
1.326638892937396230e+00
9.580796439222557526e-01
-5.816873992923233400e-02
-7.347692172429834412e-02
8.636736093864760822e-01
4.131119042874323632e+00
5.288422385869500086e-01
1.228068369187587772e+00
1.161319552123518895e+00
1.269415372905939199e+00
5.533270569762982483e-01
7.097079153534517904e-01
5.224822302127233087e+00
1.750318271727480335e+00
1.020398522961927679e+00
1.260781559121371354e+00
1.212842607188309607e+00
2.698419842820995118e+00
3.436637444043495027e+00
3.388984891059595661e+00
4.206282666718065499e+00
3.862838250382737648e+00
1.524700175627264453e+00
5.556501875694802584e-01
2.131446862014477528e+00
3.211654260464716915e-01
1.171623055005714065e+00
1.395420172482957355e+00
1.753723486632381867e+00
1.507493232237953729e+00
1.798000118823408711e+00
4.473354813684617959e+00
9.279483220028732493e-01
1.016825517846894789e+00
4.202614526538949846e+00
2.059605333276777195e+00
2.269154433700506512e+00
2.203209440120034834e+00
7.936077060748802925e-01
3.227419230500909730e-01
1.207047789039075836e+00
3.131439309159136375e+00
2.249207194773419793e+00
2.033665551852983366e+00
2.220729304000477633e+00
1.477046802881818000e+00
9.685636965644737195e-01
1.817998600856991498e+00
3.668889916616001834e+00
3.291377192639624916e+00
2.078512509775934269e+00
3.704215942865794808e+00
2.057616867740267086e+00
1.707882500863396436e+00
1.221183197101972429e+00
2.071210412002873369e+00
2.287584878962699353e+00
2.477388628335573717e+00
6.857401351201487527e-01
7.311149014621776132e-01
2.396743998867501280e-01
1.277826237408927312e+00
1.357379446721534544e+00
1.089092410156437873e+00
1.019928767078865040e+00
8.393368380275708640e-01
5.260189089556946973e-01
2.054847988789357538e-01
1.432770776777740618e-01
9.136006671219879527e-01
1.139141304888000805e+00
4.231849303978268972e-01
3.980372823395711968e-01
2.273579910840087537e-01
2.051118670651088938e-01
3.473373782970231027e-01
1.751140344121118186e-01
5.263844658360871120e-01
1.133695734865423743e+00
4.823215600915040646e-01
1.036837619430737378e+00
1.029336939995582623e-01
8.528233812542684866e-02
1.350048159569561479e+00
3.655385251451334083e-01
8.994910524169090760e-01
8.004210049140371153e-01
1.007584725822856297e+00
5.823874675675708712e-01
1.934912625881966275e-01
8.393322159385141479e-01
6.585873155421053671e-01
1.221696159632699841e+00
1.442277375928936678e+00
5.151205425421945261e-01
8.765463339910694041e-01
4.327785101072836871e-01
1.272315838726661541e+00
1.371299401708959254e+00
7.795525851817433072e-01
1.350726154966096271e+00
1.224023210591373534e+00
2.932645040561654981e-01
8.704223498976051965e-02
1.893446928680634578e+00
1.715807189577875258e+00
1.386964770717119100e+00
1.165219228309194444e+00
5.669749341720987657e-01
3.142676011219602827e-01
2.499185027142044324e-01
1.905067528249002828e+00
1.074955777560558934e+00
1.242854471598049848e+00
1.043074830992166468e+00
1.028996072006501672e+00
5.021161376184016811e-01
7.029086339041937803e-01
2.104140131667601832e+00
2.356113243368470389e+00
2.026806405224728991e+00
1.410358405915624225e+00
1.491239596082090335e+00
-2.903942590247562267e-02
8.229269068231311046e-02
9.547113650132469376e-01
1.125839529197846023e+00
1.425226053176995578e-01
4.946499712549134453e-01
4.131617898150357071e-01
8.572719080065938080e-01
9.297905097089982640e-02
2.712574797859512721e-01
1.355288605675215585e+00
7.504129979669296180e-01
4.126370945630270515e-01
2.201030771865934987e-01
2.135797325347906297e-02
