8.542611723870213725e-01
-3.627949422252838008e-02
1.214389065083084196e+00
5.151011273080620123e-01
3.498438460034129505e-01
1.149493641174041292e+00
9.270503064661421710e-01
1.551102144062955490e-01
1.405489823284358897e+00
7.092359349304605542e-01
5.976743654370244574e-01
5.862638624676321797e-01
3.221388801161074178e-01
1.053028668414736968e+00
1.038890390880260889e-01
-2.288418169652765011e-01
2.019388366823925640e+00
4.742909360529413698e-01
4.215793003739801703e-01
8.206190001997024641e-01
4.652123021076548515e-01
6.539472951337084172e-01
6.786895983634204377e-02
8.822334804899503169e-01
1.277173729535350466e+00
4.151232330217632938e-01
-1.261849502730365558e-01
1.287443953893548487e+00
1.684687912194190750e-07
1.356167456063381627e+00
1.063908281678361378e+00
2.604281432675058516e-01
2.160086884749380598e+00
3.120974938164392531e-01
2.887754475451481118e-01
6.070539642226584487e-01
7.728735349577632308e-01
1.292112340625134914e+00
4.905656229527970980e-01
1.048932681714495274e+00
1.493085064543089036e-01
4.243556062094627213e-01
2.791956113695822084e-01
3.584309863843821442e-01
1.306593845174188750e+00
8.552029326315174762e-01
4.632081779656114784e-01
1.219265895315298831e+00
7.407412195341708250e-01
9.569669697037809231e-01
-4.977541404670901004e-01
9.766406213278918669e-01
8.369432034043085000e-01
1.159988732363002262e+00
3.304032882198715271e-01
5.636596080664408870e-01
8.860171742492798375e-01
9.631375289243581106e-01
1.568466942435294387e+00
1.327354929386922233e+00
8.446301878489380632e-01
6.298930980643207000e-01
2.438905892046735746e-01
2.880140802037520764e-01
8.688369807371713049e-01
1.229867577789012234e+00
3.313232078923944446e+00
1.662728461489664467e+00
9.455845363946844273e-01
8.660178991892524270e-01
1.189444368024245469e+00
5.176566940534449435e-01
1.182476809600293555e+00
5.865970868677078398e-01
3.476656907904883131e-01
9.230633909255966385e-01
3.773909511227800939e-01
1.238920757978563492e+00
1.134377012424917952e+00
1.854904142135922696e+00
6.994860471493640208e-01
1.013021463984152382e+00
9.488538229825939085e-01
9.617546873108485661e-01
1.524655331495085919e+00
1.117698861628964702e+00
1.115516065027313486e+00
2.887878039190146517e-01
-1.453390125921407705e-01
-3.174746806304006019e-02
4.903520780121570222e-01
6.792119091467749836e-01
5.562837666888723609e-01
4.019984543109584307e-01
2.087606304974925386e+00
8.370053744274306151e-01
7.274490712750510124e-02
2.100463936437092727e+00
8.434403658795965875e-01
1.857915967227166565e+00
9.391741215613893523e-01
9.703216808371175617e-01
9.966155177652159525e-01
3.591093904626497246e-01
1.183489772828273529e-01
1.189461745101219714e+00
1.649326773994375550e+00
1.386288799788407466e+00
4.362645330887278683e-01
4.542123116535289329e-01
2.771731366731955415e-01
7.738840370252539902e-01
1.406964562969731602e+00
1.478123271402240979e+00
4.928572750862083574e-01
3.832066916096810716e-01
2.709637455593905120e-01
2.864618294685732369e-01
2.288753154180347693e-01
3.206596640149493305e-01
5.290417152269606405e-01
3.547214869834990347e-01
2.188523863260418978e-01
2.877574764830483356e-01
-4.197284656695461635e-02
1.700616576341253960e-01
-2.717855815596677549e-01
1.137625000461832903e+00
4.865926231572836880e-01
1.260412213304496820e+00
1.665195236044225924e+00
1.285390614919975416e+00
1.600078690343311072e+00
1.745309675667520377e+00
1.580682443898104417e+00
6.927307730412941567e-01
6.149924038811759308e-01
6.386900344615621394e-01
5.493787137032684065e-01
9.815572713583851916e-02
1.953342935192311947e+00
7.961338221299719686e-01
2.577056982800501328e-01
1.143076848064922713e+00
3.601455418971649114e-01
1.474822106825224743e+00
8.854258727184142197e-01
1.474018501917941482e+00
6.014816952481106815e-01
4.515017973238077409e-01
3.587382727638436797e-01
3.666264998289369692e-01
3.926567767077377979e-01
4.338891734601568739e-01
5.719284574734128102e-01
3.254723825016977434e-01
1.803501392609040188e+00
3.827393696828007563e-01
9.150005887224792189e-02
1.266517618611130436e-01
3.077726477696408613e-01
1.499476216394165951e+00
1.796017626029091208e+00
9.310348164946616878e-01
8.759121125031621435e-01
9.002977628174759772e-01
1.146189077288685798e+00
1.161805294875845052e+00
1.846519967511668581e+00
1.810529702506706862e+00
1.616972914592735844e+00
1.763589036996050963e+00
1.377435749064736203e+00
8.228492103936180246e-01
6.734134405567268056e-01
7.259176336394945750e-01
1.748697492274037479e+00
1.084133831518530933e+00
1.690633802576377853e+00
5.404248679359593410e-01
1.175601104724531165e+00
1.224778520085194056e-01
2.261616954485448527e+00
2.301725664142565630e+00
1.990052428280447927e+00
1.034766399478516341e+00
1.480881319660772633e+00
4.162335553148481249e-01
2.212748156475343730e+00
4.696584334962964347e-01
3.196614006454307155e+00
1.065574749094153617e+00
1.490879979999984561e+00
1.835323896040440550e+00
1.072257009165782593e+00
1.886968136814893837e+00
3.108855110437335867e+00
3.112766469116685197e+00
3.007828860080205224e+00
1.512341322025161139e+00
2.582820088754844257e+00
1.521525877399719562e+00
1.404419207154556926e+00
1.219324940632053877e+00
3.145306663121947288e+00
1.506301485443134469e+00
2.391845722236481731e+00
1.377123588774520790e+00
9.187180409432235129e-01
5.762904120698028043e-01
1.324818804981541032e+00
1.667888753249393563e+00
9.597443031772994182e-01
2.380993133563631403e+00
2.755824068538838656e+00
1.285580224532003157e+00
4.000352687449907907e-01
1.900086098430125547e+00
2.878713210247374032e+00
1.593078705450061028e+00
1.547609842769543276e+00
1.227843733914696589e+00
1.692062177323388816e+00
1.136509836879438629e+00
1.609142989051374428e+00
2.902703655215209899e+00
4.761087545310366820e-01
1.326685896549787858e+00
9.581138964910558276e-01
-7.602780387202291712e-02
1.163722996426584666e-01
8.636933400182216225e-01
4.131156991396598421e+00
7.421647006160511095e-01
1.228119310177367529e+00
1.161341260252383378e+00
1.240136666160078116e+00
4.824572556686801406e-01
7.286143359842686129e-01
5.224853189307378187e+00
1.779622459768116061e+00
1.020418447105220894e+00
1.063630536781187130e+00
1.115312476794005692e+00
2.659202961472984850e+00
2.929580096462075289e+00
3.389024424886337261e+00
4.111140172815389349e+00
3.862865265711771023e+00
1.524738437207893593e+00
5.556769879300355042e-01
1.737826548689928252e+00
3.211936465201108426e-01
1.171656421959106131e+00
1.299100911500361777e+00
1.753746442812023743e+00
1.507489049774709100e+00
1.771364301771535921e+00
4.282677944784023083e+00
9.279754942586427857e-01
1.110597724701484212e+00
4.202629527598160664e+00
2.058058952432169963e+00
2.142648003188658112e+00
2.222226993163501696e+00
8.182134206982133451e-01
3.290895350537895725e-01
1.170827241827254506e+00
3.120170421082880896e+00
2.169065299788675016e+00
2.033660978530673624e+00
2.220727862198082825e+00
1.342434873454368294e+00
7.624855651095612252e-01
1.784854504967363420e+00
3.668903772537725594e+00
2.914630363437123783e+00
2.045302201531775665e+00
3.704225840379590018e+00
2.017897972901149917e+00
1.679856490530313051e+00
1.183730055123291880e+00
2.032827951846684300e+00
2.155566374492332571e+00
2.396389138553260523e+00
7.663047692184510318e-01
7.616064769470218820e-01
2.791859915517266311e-01
1.364082642421563296e+00
1.365762565819831575e+00
1.092015728685293396e+00
7.357232178361517994e-01
8.444642904440257114e-01
5.260145922536408891e-01
2.542625183862774474e-01
9.764469601816155864e-02
8.625804349767922652e-01
1.063398611775895564e+00
4.426053597927360750e-01
3.352759523857263835e-01
1.800104631726075766e-01
2.051080444894095856e-01
3.473332924598395710e-01
1.928257758616877537e-01
5.458809781120573801e-01
1.147809951048925248e+00
6.029451582940131837e-01
1.036834296208686501e+00
1.043471463491919549e-01
1.456115878820014586e-01
1.350043968355907342e+00
5.076217433768157594e-01
8.994869106002868486e-01
6.521027036289220868e-01
9.848486988035975997e-01
5.823831816335719447e-01
1.811872212096093948e-01
8.393279602235232950e-01
6.585835684768427400e-01
1.221692340844976687e+00
1.442273453471994316e+00
5.151169419719635600e-01
8.765419553859363777e-01
4.204175062904508264e-01
1.272312454569249018e+00
1.514092041961859980e+00
7.795487246311817442e-01
1.350722503145506126e+00
1.224019622686403963e+00
4.223099595698157072e-01
8.704652667619675044e-02
2.145178414925783983e+00
1.715803615283439276e+00
1.478184072127941562e+00
1.165215067065570542e+00
5.669708932860667572e-01
3.142638293173065644e-01
2.499141923952977740e-01
1.905063414095157448e+00
1.074952058711660552e+00
1.242849649293829239e+00
1.043070664512835366e+00
1.028991516392671057e+00
5.021118585604498197e-01
7.029040970304754055e-01
2.104136276050377230e+00
2.356109206927727850e+00
2.026802352491340997e+00
1.410354625098020787e+00
1.491234893943815365e+00
-2.904355279139787110e-02
8.228828032283783123e-02
1.236449966417071833e+00
1.125835293153373273e+00
1.799874430092422706e-01
4.946454284388805411e-01
4.131573261381860096e-01
8.572670558377887273e-01
9.297459225956639095e-02
3.084344988020952250e-01
1.355284437184048896e+00
7.504084180403013393e-01
4.126333496981968718e-01
2.168018924466596498e-01
1.027496008957544220e-02
