6.963940284854012519e-10
7.887294136882245787e-01
2.162264290027782754e-01
2.452027094733813806e-01
8.202453773409450697e-08
5.234559783795438420e-07
-2.330733036362106993e-09
7.783680791741809262e-10
2.330402085890134478e-01
3.783745316721661145e-01
1.663584680953675554e-08
1.774479961518250646e-08
1.734583973553122769e-08
-1.125630842694366816e-10
1.138039981175287858e-10
-2.359511342788902328e-09
3.303607422847538722e-01
3.928062281261182620e-02
-3.852823687518215009e-09
1.189570309782112596e-07
2.735269530130528667e-09
5.219394707021892250e-08
4.192326882574618496e-01
3.917993957758970081e-01
2.296466561122331570e-08
1.402452912924934498e-08
-1.341020313454434702e-08
1.099302945144244279e-09
3.943898751834242002e-08
9.055573471507783515e-08
-4.902882081971541078e-08
1.304763916208260981e-09
1.490804948526429941e-10
1.013402558034445844e-09
3.810541591403306084e-08
7.121169515173481672e-08
1.538422859811937604e-01
2.528104980360654968e-08
-2.878777355880348064e-08
1.579051703525027250e-08
8.274308469406988994e-08
3.144710230978141882e-08
2.467055016238176390e-07
1.783048594365009842e-01
5.968886954376928645e-07
1.900637556034167012e-07
5.432488007996255045e-08
1.313716578060391201e-08
4.094973667656367354e-09
1.190245752723740641e-08
4.593808351326720413e-02
9.769321741231642800e-08
6.574618084463429689e-09
9.637469801434592315e-09
3.349519257413845790e-08
1.872715878094751309e-08
3.158606734840580114e-08
5.882952035665474199e-07
6.214060081574299121e-02
1.555665508171734934e-01
9.016279912972348453e-07
5.077541087882860670e-08
2.264017418129474490e-01
1.876222375253117081e-01
1.102010416493578171e-01
2.511541262854556922e-01
1.491643385089658491e-01
3.117700918071666938e-02
1.660917234105649464e-07
6.221673826861835732e-02
1.574341396665503712e-01
3.059860762407232122e-08
8.885957767260815455e-08
2.587164480738616792e-08
1.448947828769063283e-08
4.041851021394528461e-08
1.401266378265365100e-09
1.783929555119080511e-08
-3.345643893458049848e-08
5.672555522824215470e-09
2.034763274847791408e-08
9.792663825997377524e-09
7.976524184786919108e-09
5.838152981038127577e-09
1.089420341517455303e-07
1.127768823315320970e-07
8.886281212511058791e-02
4.965432129690072562e-07
7.446586612313332863e-08
2.381499569293564807e-08
1.335335460690670689e-09
9.332927750910104699e-09
5.941269006483380216e-02
1.065697278953248463e-07
1.365889187732493015e-01
5.383591760777202360e-08
4.913380223266996309e-08
7.407134439517516891e-09
1.847692169028764264e-01
2.423508776445784385e-01
1.531685766060986114e-08
1.617548562992912331e-01
4.394243362469629436e-08
3.171791889004104121e-09
1.557226847324071443e-07
1.534443694894976098e-07
2.434329911364116125e-02
1.569695496176056956e-02
5.355647620421898461e-09
7.886812111228162281e-09
4.538109446610731982e-08
5.042222147607962936e-07
9.082201703240043931e-08
5.091800853209013682e-09
3.103899973740336073e-07
3.590726079657840605e-08
3.102476648302227168e-08
8.168015235908222369e-08
1.969028917438174245e-08
3.009647240850359950e-01
1.513107670234235361e-06
3.994798092042189253e-07
1.212700498333332935e-07
3.113901552467996598e-09
5.165647284192967073e-09
1.886970291687444395e-08
2.987522722065411029e-01
1.733037600065322230e-08
1.293057211196682328e-07
2.576966434828439152e-07
1.696441490147166066e-08
-1.275707061077126869e-08
2.698692277483066282e-01
7.626627838735684506e-01
9.440981957845369709e-09
2.427825668787280713e-07
1.480482824884714339e-08
4.485628130095780909e-08
1.310299866600366713e-08
2.499324981249902988e-01
8.189784666413911784e-01
1.270676536537811282e-08
2.291920207516082651e-08
-1.744242225764063581e-11
7.148433921339879960e-08
3.939592556009665070e-01
2.876662245137350804e-01
8.617116895462063608e-01
6.473489056090787953e-08
1.790182273235563469e-08
7.172850081180904181e-09
2.026258776016579923e-07
6.987220764838468313e-07
1.858064964703536259e-07
2.860374191147775358e-01
5.562296700891645999e-09
2.935955031805601351e-07
1.439502847637556124e-08
3.235939729093301824e-09
5.784910712176739855e-02
2.286598281686621492e-01
8.847740295617083639e-01
4.108335347072743126e-08
2.413790534146488531e-02
8.987700374936138936e-02
6.368968877085096070e-02
1.427156835994621287e-01
5.394495565484133115e-01
5.446485531682879744e-01
2.866134499154290305e-01
2.059093105848985583e-01
2.827662737146437455e-01
1.132119958508473884e-01
5.347410880165328457e-06
2.918625169964343957e-01
9.818474519141556778e-01
3.023836268835764860e-08
7.397983512722254573e-02
1.581988760278075223e-01
1.081016921696361689e-02
4.504046172254825425e-02
4.633406513664446618e-07
1.511329009248845168e+00
7.152123387624858978e-08
2.291519375309217510e-01
9.147493354409727551e-02
1.400241346430695089e-01
6.923492240724891944e-02
5.956479844977587979e-01
5.359203233140987788e-01
3.092477347407758814e-01
1.268176036948865937e-01
5.014712164516937909e-02
7.573736450962847977e-02
1.016713239982313943e-01
2.292422614446564810e-01
1.160213853123579941e+00
1.767902248970266432e-01
4.854231390924966805e-01
6.041445275337523069e-02
1.499090101215834747e-01
2.025488090541428116e-02
2.433962076109279504e-01
8.620821580916339100e-01
3.847916799042951780e-02
1.856754916528760846e-01
1.061395923948665609e-01
1.179387843949863679e-01
3.234680595807450793e-02
3.837483649107052974e-01
7.987741273136876874e-01
1.364913045778499978e-01
6.759743409692260674e-02
-2.617815811752498625e-02
1.105493013741857507e-08
5.560145318887343634e-08
2.375008416444071291e-01
6.471219620598931410e-01
2.298081562921221542e-07
2.297006270177380516e-01
8.451914126605557243e-02
9.907802542056143302e-02
3.199396415087364942e-01
8.124880002921555100e-01
9.567943585123451777e-01
1.671036805556304627e-01
7.644590531452157001e-02
2.338951509895025038e-01
1.178623000458757647e-01
7.883344329292479857e-02
9.967884566469018837e-08
8.910012299332623620e-01
2.707044817251329505e-01
3.708976109842261892e-01
8.746146879618755809e-01
7.133389511905972036e-01
9.045013613262865848e-02
1.723119275824336605e-01
4.527534295394471386e-01
2.182683835473949729e-01
1.986305664299992113e-01
1.276947058944441216e-01
7.241062542320797490e-02
7.908029825153412018e-02
2.416501079914548933e-01
7.643297101189485687e-01
3.510744959036897761e-01
4.035200803471406528e-01
4.755027374125579964e-01
1.771333048905265051e-01
1.613134369190095951e-01
4.482705729617897927e-01
9.170366301575978429e-01
6.054704323964350543e-01
4.339231389471497335e-01
1.648716050515967035e-01
3.035351770944390015e-01
1.971532490541401950e-01
9.960835551677167665e-02
7.773910785035532678e-01
3.080795849597990355e-01
3.297037053387089633e-01
2.561783467190043843e-07
1.555747050010625271e-07
3.283519773757567206e-01
3.375432340466338887e-01
9.647032155882300231e-01
3.839623984244315835e-01
2.069132278449910267e-01
2.038672684550268260e-02
4.889186155841823367e-08
4.629606055681867449e-01
1.327186330316843337e-08
9.588488810496454962e-01
4.037369051818762711e-01
6.256577420211701934e-01
2.705738731447056011e-01
3.213309499582248652e-01
1.187209453197637697e-06
4.622290509250792101e-01
2.326562472876721743e-01
7.324572203085333300e-01
1.865322360641466504e-01
7.167589309749168303e-01
3.954198178020535415e-01
-3.005827500121714957e-01
6.663917735361748728e-08
2.156724343165516839e-08
6.091466586548187623e-01
1.153860836593282035e-01
2.574602133050789554e-01
3.892575348640746357e-08
8.487822717753413361e-07
1.360409058479709666e-08
1.455468014878002779e-08
2.268271948373013491e-01
2.303604520991346383e-01
4.427679422492055150e-01
4.855614792444491734e-02
1.697007316113848807e-01
1.887019813754125942e-08
6.702651816258941729e-09
2.455598388492840742e-07
4.914439604094115732e-01
3.265922084622935003e-08
3.587624237637327668e-09
1.835534887885363218e-08
0.000000000000000000e+00
6.048204221675806753e-10
2.570335703085739887e-01
4.113641489976315180e-01
1.571139361046927488e-08
2.101490464630469647e-08
5.098648037044284985e-08
5.666717188054632070e-08
4.983608552445594173e-08
2.673168972256367668e-08
2.038511567920744323e-07
1.391020554110688858e-07
4.637291800378551075e-08
1.618257678713024640e-07
1.303371808696684731e-09
1.589132392880510246e-09
1.902335132995024991e-01
1.333863964128425006e-01
2.041841522492830332e-08
1.177484543355499670e-07
3.173513303226690485e-08
8.397269319280223999e-09
4.304969712160175163e-09
2.145217001474117313e-01
1.391087114739458785e-01
5.772431249938112519e-01
6.001254959177964032e-01
3.840274888038732182e-01
1.579238111315616283e-08
3.973168600000168135e-09
7.800982716858315125e-02
5.313037981383793296e-02
2.438340113260977569e-07
-2.188473398235624829e-09
4.349503934421104449e-09
1.438025065600399954e-08
2.701054401798735314e-08
2.338353424026423382e-08
-1.495484274278851294e-08
1.886774622545667768e-09
6.248310595231883302e-09
6.467697856048040957e-11
2.981656692755979602e-08
5.639682996739922133e-08
9.945393260626080034e-02
-2.890322734440525108e-09
2.583879081425519652e-09
1.150622438786682601e-09
2.770242457257660252e-10
0.000000000000000000e+00
4.260303259966757376e-10
3.802683476133831567e-13
4.449669162400627541e-12
-4.506309991369551959e-10
6.370528055308396138e-10
-2.093329741149254318e-13
5.569110697941787517e-10
0.000000000000000000e+00
