6.967490639194926052e-10
7.887335373724742027e-01
2.162303989759769840e-01
2.452040984587874894e-01
8.206403996012244226e-08
5.248227319227407694e-07
-2.331196786607232220e-09
7.785365563049512833e-10
2.330416647686016640e-01
3.783783769486955828e-01
1.663806090832056450e-08
1.774397566634214045e-08
1.734773076730752373e-08
-1.125983758002843986e-10
1.137297672932367605e-10
-2.359753638793782407e-09
3.303641450303151372e-01
3.928138426249908749e-02
-3.853280392294730577e-09
1.191042019562192200e-07
2.734926005066741557e-09
5.219515943121207194e-08
4.192366908599436393e-01
3.918025599901512890e-01
2.298385461669665970e-08
1.403380216933589186e-08
-1.341123605371559448e-08
1.099425394450831335e-09
3.944162532328490734e-08
9.057244053337149186e-08
-4.902023919542110701e-08
1.305293773302982220e-09
1.490128754347902957e-10
1.013486343477289052e-09
3.810610201228929330e-08
7.120255459306683617e-08
1.538442572887005200e-01
2.528939504737354939e-08
-2.879054889606159755e-08
1.577721561567714602e-08
8.274209058870697934e-08
3.144564411044004158e-08
2.463997766308197580e-07
1.783061199249645068e-01
5.980144093295780832e-07
1.907148965001650317e-07
5.431791706722410853e-08
1.313701511569236924e-08
4.094036427091956888e-09
1.189876593553286938e-08
4.593926576857752103e-02
9.764501224368942253e-08
6.576457733373729204e-09
9.636457123551279130e-09
3.348646567046157630e-08
1.872746999482464571e-08
3.156751669578503002e-08
5.896357155836377805e-07
6.214206104797068142e-02
1.555691700341550465e-01
9.018021596133703179e-07
5.077568916164321582e-08
2.263885619122373016e-01
1.876143406365617661e-01
1.102035811531911352e-01
2.511563073817595915e-01
1.491665494081279575e-01
3.117825462114255999e-02
1.661930092549865277e-07
6.221677699018294400e-02
1.574295582244150116e-01
3.061018243600625162e-08
8.890062460571244899e-08
2.588895564261830738e-08
1.448633050114122233e-08
4.041455301228132397e-08
1.400878643597021122e-09
1.783187639610565429e-08
-3.345565625709122985e-08
5.674170764689858200e-09
2.034661560495147341e-08
9.786461294463240653e-09
7.965223134827917409e-09
5.829394901293347944e-09
1.087934558844654868e-07
1.126624010916710460e-07
8.886417383899636313e-02
4.972844587656958028e-07
7.440692358258096063e-08
2.380464242825129064e-08
1.333668058266110579e-09
9.331383818782825801e-09
5.941412167900842617e-02
1.065489200026549960e-07
1.365903797460903124e-01
5.389005848136074413e-08
4.912056315040184017e-08
7.329198342267933539e-09
1.847546324934896400e-01
2.423483164422500780e-01
1.531208882058573313e-08
1.617564791084709352e-01
4.395192638424138724e-08
3.171587995606299883e-09
1.554801891215155954e-07
1.532618263555522873e-07
2.434497969197198589e-02
1.569853402883435167e-02
5.353459265746665098e-09
7.879851934081023303e-09
4.536482751653180591e-08
5.012892071115910780e-07
9.066278532388955379e-08
5.089845569445005309e-09
3.106243845779495647e-07
3.589057687285468452e-08
3.103138679961041707e-08
8.164061017044638630e-08
1.967401302892506559e-08
3.009602619417606206e-01
1.484575329255174730e-06
3.994535682401126309e-07
1.212147683772402539e-07
3.109284755850909969e-09
5.155715005931867802e-09
1.851871829192801404e-08
2.987377183242389544e-01
1.733556320458195880e-08
1.293860542916208196e-07
2.576612614634620849e-07
1.696871011718626857e-08
-1.277268142881872668e-08
2.698541698734842620e-01
7.626187820659584560e-01
9.412583138977788507e-09
2.425896400034805326e-07
1.477765275360164633e-08
4.457723942408523920e-08
1.309563894974985743e-08
2.499226238015496981e-01
8.189559377148106778e-01
1.270403994147860979e-08
2.289797006163373831e-08
-2.293617822353501497e-11
7.073452853602251265e-08
3.939324196415818213e-01
2.876485620425662804e-01
8.616645136647949066e-01
6.455773802560256739e-08
1.786329701673289558e-08
7.180441650111578992e-09
2.023162266711040411e-07
6.823847984464218731e-07
1.739521123862119027e-07
2.860197967914278050e-01
5.563415307571717633e-09
2.943500234717741271e-07
1.436092000793085848e-08
3.238954384015629697e-09
5.783461522147710643e-02
2.286454315160887096e-01
8.847375951119342830e-01
4.109064967819787121e-08
2.413908301229537867e-02
8.987847575004033474e-02
6.369083857265858684e-02
1.427045140780679455e-01
5.394211874261570783e-01
5.446266774463509597e-01
2.866159070574432755e-01
2.059116373397958666e-01
2.827687299015664291e-01
1.132144132272835807e-01
5.362310073105131935e-06
2.918469908436420179e-01
9.817957647876618399e-01
3.024798722843210661e-08
7.398098832980540274e-02
1.582012526664000607e-01
1.081279269290604840e-02
4.504180377191139423e-02
4.616963596543671895e-07
1.511309496605253821e+00
7.149111683100807516e-08
2.291546004212222098e-01
9.147595401813754523e-02
1.400037530975801192e-01
6.923599238605446238e-02
5.956040005541316518e-01
5.359002960845389296e-01
3.092504032609327824e-01
1.268205147663150623e-01
5.014880449751697028e-02
7.573852054710761283e-02
1.016525154925408542e-01
2.292348199350820181e-01
1.160194047589579780e+00
1.767925255807157314e-01
4.854257104034906956e-01
6.041708411487046321e-02
1.499103977692547163e-01
2.025618162267108294e-02
2.433840634439263795e-01
8.620694811065489072e-01
3.848045008759892055e-02
1.856776793462796560e-01
1.061422575930975332e-01
1.179412196810951108e-01
3.234821089532171484e-02
3.837447026819502116e-01
7.987460826179733075e-01
1.364926784855817199e-01
6.759886924301183875e-02
-2.617683514138842427e-02
1.105579224124536920e-08
5.606387766651798603e-08
2.374973795142898969e-01
6.470925267642650969e-01
2.299511731634122542e-07
2.297027946479607285e-01
8.452051818640030079e-02
9.907932575234204564e-02
3.199211655957828748e-01
8.124421197834851283e-01
9.567631377649825630e-01
1.671058365220920716e-01
7.644818319515639393e-02
2.338834410305521139e-01
1.178645438050673067e-01
7.883454084753913071e-02
9.706217514788530742e-08
8.909486110410503867e-01
2.706730448152351309e-01
3.709003710362211992e-01
8.746175282213483060e-01
7.133419065786111846e-01
9.045279948834994421e-02
1.722823259563473486e-01
4.527298861619445391e-01
2.182709153721838213e-01
1.986334243921759057e-01
1.276973227009937928e-01
7.241192839215349064e-02
7.908119429800147815e-02
2.416169020645599907e-01
7.642797620554652172e-01
3.510767360723108799e-01
4.035226751723778871e-01
4.755053557855684065e-01
1.771342975950687959e-01
1.613147632410294186e-01
4.482397962104427980e-01
9.169833140924397163e-01
6.054726402102049709e-01
4.339270616314858109e-01
1.648743729138832936e-01
3.035373543084258774e-01
1.971555384738234162e-01
9.960319962935858251e-02
7.773701987394764368e-01
3.080820838783885907e-01
3.297052512361893783e-01
2.563613914580089430e-07
1.556318694327566252e-07
3.283533481236672324e-01
3.375242180856155572e-01
9.646493545976180251e-01
3.839636370058555070e-01
2.069178201034956033e-01
2.038952590745551213e-02
4.887392768238004367e-08
4.629631718394068840e-01
1.318325553333302292e-08
9.588010974588825341e-01
4.037403066184492850e-01
6.256605759275799539e-01
2.705750568985302862e-01
3.213336667922534473e-01
1.192776010936409160e-06
4.622032676287194386e-01
2.326305360467144645e-01
7.324614324559807210e-01
1.865366713806353161e-01
7.167618515622330433e-01
3.954221214332669376e-01
-3.005799834696986084e-01
6.662243320390999513e-08
2.115263008087979998e-08
6.091505119033205906e-01
1.153886713283858584e-01
2.574615148028436828e-01
3.899863358381813667e-08
8.499849259858215886e-07
1.360879003581720891e-08
1.455026734266461985e-08
2.268314596368121439e-01
2.303647439154632715e-01
4.427719839945393754e-01
4.855751541904487767e-02
1.697019703655672784e-01
1.887246430583517287e-08
6.700925379055775435e-09
2.455789556314156023e-07
4.914481454985678011e-01
3.267237882359558305e-08
3.590063123850690102e-09
1.836296847920232551e-08
0.000000000000000000e+00
6.044592495443633463e-10
2.570347497024877415e-01
4.113675215405322438e-01
1.571751640353250150e-08
2.101254845369526406e-08
5.099925108337037874e-08
5.664227114029702069e-08
4.984155222923343975e-08
2.677320380707106384e-08
2.039261124696804096e-07
1.391586091796039331e-07
4.642602084168813101e-08
1.618061451635861592e-07
1.303559827772067873e-09
1.586972353058893097e-09
1.902347419442668164e-01
1.333899756248609347e-01
2.049871128553751403e-08
1.177767639493655092e-07
3.174413931095718773e-08
8.400395069607072484e-09
4.304720385771975362e-09
2.145253725495654684e-01
1.391099943499165548e-01
5.772466575530728061e-01
6.001294263066415668e-01
3.840302883521076738e-01
1.580527587280664434e-08
3.973092628496230633e-09
7.801298805520442969e-02
5.313145184199964677e-02
2.443454738353548284e-07
-2.189222276204843069e-09
4.350557071984084821e-09
1.438568593876877711e-08
2.701165038282325213e-08
2.339223264395798247e-08
-1.497147237914408071e-08
1.886255913105880639e-09
6.250049080519339534e-09
6.397107004678843451e-11
2.979671976389235734e-08
5.640385677425938412e-08
9.945510354478950821e-02
-2.889890126891319803e-09
2.584215827180493495e-09
1.150951296565538902e-09
2.771781756534586277e-10
0.000000000000000000e+00
4.261872587928681891e-10
3.821415991598454555e-13
4.532440205606051141e-12
-4.507719828849593899e-10
6.372530804405343874e-10
-2.085417993043075734e-13
5.569980383145159963e-10
0.000000000000000000e+00
