1.016001254571849310e+00
1.363339379135126705e+00
1.423685850253925356e+00
1.038658564315985577e+00
1.267562310532674541e+00
1.124751941297112090e+00
9.372153084130190326e-01
6.125547220771232482e-01
1.182076513417219976e+00
1.203492037208126142e+00
8.349491423549219027e-01
7.856728219514589329e-01
7.166859562333498523e-01
8.440591282489358083e-01
5.677924815653835333e-01
1.261058376364913247e+00
1.206500664214098517e+00
1.265268420485971435e+00
1.333664566410591723e+00
1.477825899368188312e+00
1.371240510357640385e+00
1.349156292124342960e+00
1.776044871724082874e+00
1.667687166760618123e+00
1.264039128116342781e+00
1.195428158421952380e+00
1.403202701212080461e+00
1.067753639325383919e+00
9.406353717004837245e-01
8.028354915648016066e-01
9.648774798501768002e-01
9.268676982884154203e-01
1.277314667777533330e+00
1.005354592209268816e+00
1.238567643902240389e+00
1.080581930496691045e+00
1.448189256265904223e+00
1.172198681755648897e+00
1.070540665460673724e+00
8.760450665568978446e-01
8.919912727973364763e-01
8.407190251203451314e-01
1.008431366317356304e+00
1.044770951730594311e+00
1.273300802762120432e+00
1.114406829550343758e+00
1.087827961902120721e+00
8.361888527930584347e-01
8.532945576190086312e-01
9.648247874992684769e-01
6.767785841123774571e-01
9.179477190301429390e-01
1.059414449221890875e+00
1.033680354082062269e+00
9.319521371300547585e-01
8.718099071660323496e-01
1.004705656769296018e+00
1.125154933108799993e+00
1.110831521839600988e+00
1.182260589696574105e+00
1.075442329295736466e+00
1.036721072504753538e+00
9.880342182275219098e-01
1.126895574204073824e+00
1.367846566308921652e+00
1.006360511487809806e+00
1.310949575133223632e+00
1.215232893734710329e+00
1.109264943616512511e+00
9.628724625491426048e-01
9.283108247494181731e-01
8.112653581812181436e-01
8.753192110273347870e-01
1.059766963016467889e+00
9.946916140954714658e-01
8.849875158834253908e-01
9.387528971979657300e-01
9.438497031356607447e-01
9.989615015484623051e-01
9.618636986515702869e-01
7.981667303131919633e-01
7.301452404493529169e-01
7.175885438020103146e-01
6.070017047418911904e-01
7.948301987031654026e-01
8.897285894004239859e-01
1.079706138174694852e+00
1.107418184709621833e+00
9.085669304501767796e-01
9.741450343899019648e-01
8.442065479883814616e-01
9.061079796429637456e-01
1.114320615588241914e+00
1.178496975041587902e+00
1.160065459763043760e+00
1.090502778157766306e+00
1.012102584593879806e+00
1.043650642744542445e+00
9.664054397947472452e-01
5.002062717375205247e-01
6.961224439251761931e-01
9.451586792195619813e-01
9.113274970660173446e-01
1.019733321925796687e+00
9.660905010923507286e-01
9.933022614675987016e-01
1.111542665608244773e+00
1.011914450574836088e+00
9.479130040439168736e-01
9.483142565741570218e-01
9.264258880308000599e-01
8.334373760984117308e-01
8.255405310737919944e-01
9.844214441079500721e-01
8.927288390017409370e-01
9.638365771351826705e-01
1.037064858661079336e+00
1.022316036857671140e+00
9.536020918765819587e-01
8.168868823925590217e-01
8.782090906402928443e-01
1.018814258043509335e+00
9.982833146059805207e-01
9.398673751357566886e-01
8.184382854555075637e-01
8.008892794758835088e-01
7.482088504310216992e-01
8.709769141395027336e-01
8.201862651897386947e-01
7.870174724317420267e-01
8.622502101701793320e-01
7.877679826182985012e-01
6.518394135145272328e-01
6.260617214117922824e-01
8.102221399340859831e-01
5.630971585101085530e-01
4.518489927275371465e-01
7.461626024927608958e-01
7.858932565977175821e-01
4.555082166374083696e-01
2.916904576980591246e-01
7.099784965959187177e-01
5.479075808813007598e-01
6.896039389877867132e-01
4.999496896958295356e-01
5.362868413245183152e-01
5.298789173010539644e-01
3.972580763760204525e-01
3.589081191700423945e-01
7.084111319660929551e-01
5.215017458136276263e-01
5.644844134674585900e-01
6.698486198277271431e-01
5.339427724444250067e-01
5.171105653831075122e-01
7.329920919989474370e-01
7.512977109356907546e-01
8.008441440007761924e-01
7.367929990246330219e-01
7.445495419586990460e-01
5.444627363018120780e-01
3.935162602201822679e-01
7.544166457052235986e-01
8.492060797341929312e-01
8.956381519586723572e-01
1.003640424270317189e+00
1.059094266722735433e+00
9.189201181896758941e-01
8.728318422639628205e-01
9.845791092087952112e-01
1.100642144990467086e+00
1.107242746607582706e+00
1.079699272210434602e+00
9.626609956630878262e-01
7.769644249815785830e-01
6.631069412099407367e-01
8.280302172534789173e-01
8.097464511355130234e-01
9.180763048529535508e-01
9.592625749792123013e-01
8.901622009313149286e-01
5.333871783884335249e-01
1.039677922823896983e-01
4.175617641510661615e-01
6.966630286317797571e-01
7.011874988366302297e-01
8.028830615377728908e-01
8.578458206716694789e-01
7.318015948907434787e-01
8.028432214355789576e-01
8.363172927257206402e-01
7.713132823000189431e-01
6.744519282218316425e-01
7.282746704421058093e-01
7.466451835733016740e-01
2.751657116182060769e-01
3.160549274429055172e-02
2.840082769341918389e-01
5.521522844020575471e-01
6.755069857478561701e-01
5.740418524540605860e-01
7.289745899523965011e-01
6.757775751529012664e-01
2.691273763417957321e-01
5.962957355221260025e-01
5.402589580606520503e-01
6.242047097699211511e-01
7.599904622996012105e-01
7.634300113765818407e-01
6.726228717625706288e-01
3.514293153377031076e-01
5.962517935333209174e-01
6.480272981302349633e-01
5.857505160522675780e-01
3.803090464974224205e-01
5.467874393309740677e-01
6.769796479178803450e-01
5.276456263050363082e-01
1.678760036524070132e-01
-3.215266556426447236e-02
1.064783794115196636e-01
4.469392512757081048e-01
6.390114561728565956e-01
6.183253836417955673e-01
5.526677831471986657e-01
7.387642460019839818e-01
7.188766641504759081e-01
8.030777906390548226e-01
7.969377495693230617e-01
7.213269320900800308e-01
3.890041033716726271e-01
6.526562618915193736e-01
7.504166667384840617e-01
7.828858043552762158e-01
8.477436007239422810e-01
8.456663732338962625e-01
7.870895279701838332e-01
7.525308608019289913e-01
7.553036376930923890e-01
7.750573477253700494e-01
8.064293453493133201e-01
8.431748719177155627e-01
8.261181741514849186e-01
8.044802711605721912e-01
7.234998697803419754e-01
6.364768953360078196e-01
8.009114360129941934e-01
8.073980445514581383e-01
7.700838429842536970e-01
7.167538183909910599e-01
7.257357211929169605e-01
6.744777164697912664e-01
6.392194295704179963e-01
7.204533253380915880e-01
7.495924768194385246e-01
7.183523380652914181e-01
7.126828853409632458e-01
6.825631868094060861e-01
6.428222848306145432e-01
5.358766739265360401e-01
2.057756622412146574e-01
-1.243861559039544616e-02
-1.057039475833002062e-02
1.104621801937798603e-01
2.011517885379141557e-01
2.807715141266035053e-01
2.599720901687562202e-01
6.248482874670998471e-02
2.979351028162173232e-01
4.853551081930260191e-01
2.603745747876857752e-01
3.849175765422732098e-01
1.405874475292940851e-01
3.940454436945484140e-01
4.663240410687731208e-01
1.224642292718856051e-01
1.669323699468212852e-02
1.808246061776952185e-01
7.334751895486094075e-02
1.132653833306924707e-01
4.356193643908497504e-01
5.849897166530982906e-01
4.394678939394747186e-01
6.200623833634007903e-02
3.094864790257841336e-01
3.246675844510861775e-01
3.716792140319516435e-02
1.639408302702105857e-01
5.246653355326703627e-01
5.338866611356390957e-01
5.189195437503055786e-01
2.672242064552061702e-01
3.307985301172455816e-01
4.164748717091127928e-01
4.224775804715358851e-01
9.207097337874721177e-01
5.983767532155706004e-01
5.898583319342357578e-01
6.540872082285766886e-01
9.181428669999770475e-01
7.072151864954735467e-01
3.912348500333320822e-01
5.507147287892935061e-01
8.388315172587753610e-01
6.263804763400888653e-01
5.367499399648002489e-01
4.575144148876799655e-01
3.455594374525450263e-01
4.363624176530229715e-01
6.544903695501038676e-01
8.758324062653537467e-01
7.296958100443008410e-01
8.118948130209125980e-01
7.179598362421372171e-01
8.584062166925301440e-01
8.632925728014275712e-01
8.367359758317894913e-01
6.974312008213574554e-01
9.195471721170115353e-01
1.031646253234095534e+00
1.085212115277559786e+00
8.592945037175132583e-01
5.962251178038177057e-01
9.228815498844946674e-01
1.116211409018250222e+00
8.483367330402540318e-01
5.890883663716903751e-01
6.649154178361343925e-01
8.658777000359554332e-01
1.069713770908522710e+00
1.051163659666776606e+00
1.048112806337623493e+00
1.191910072389288366e+00
1.429940661285905801e+00
1.344822248119615260e+00
1.081281368214894956e+00
1.007711944384152902e+00
1.081227963325711361e+00
1.108156315910795220e+00
1.182834218880856714e+00
1.079109609017049110e+00
9.653928366460344801e-01
7.906759980624140649e-01
6.179676102072526600e-01
7.490503002631958562e-01
9.901273369530247948e-01
8.852650070813024019e-01
9.759757525058215810e-01
8.627672457853902133e-01
5.933036428165021636e-01
4.344546251049298258e-01
6.053405843445373025e-01
6.306529928385011807e-01
5.499666397642617444e-01
4.580657762690408807e-01
3.999525193734688733e-01
3.280412159793606452e-01
4.189464207942701912e-01
4.165362955093760977e-01
5.206435446066616235e-01
6.300255763663894504e-01
4.684922394004393253e-01
5.311177006437689530e-01
6.157832875805244743e-01
5.132852460731095467e-01
