-1.113690856332821450e-08
-9.241355227082527438e-09
-1.330716194087260373e-08
-1.251777300021502437e-08
-6.737035947140305187e-09
-1.247818066641556616e-08
-1.279158081655881587e-08
5.126355885086566352e-09
-3.227546870546816844e-09
-1.671181382915758842e-08
-1.396720772320209388e-09
-2.984490422450836179e-09
1.354987490581832099e-09
-8.303786868606571079e-09
-2.643959714428825283e-09
-7.744008194898574363e-09
-5.665726940002972115e-09
-8.981278946207184887e-09
-5.946005589012353199e-09
-1.962467405681539736e-08
-7.863554941474715676e-09
-2.745414144846830234e-09
-4.373601755352007779e-10
-4.178949826351541853e-09
-4.148731902170387292e-09
-3.914621317099915070e-09
-1.500068561932856277e-08
-8.389168517498682256e-09
-8.719993143222098569e-09
-2.432142758219628696e-09
-7.423884165049334762e-09
-9.777859035393640286e-09
-1.075536571127492517e-08
-1.098010837761159856e-08
-7.376194756680339792e-09
-1.352223896738910613e-08
-7.665083119079803761e-09
-9.563562633202874288e-09
-1.075844407793164884e-08
-8.227205829555170805e-09
-9.249040117154111427e-09
-6.736253975391779418e-09
-1.195091037476782669e-08
-6.765143561553078548e-09
-9.542487893537506242e-09
-1.055526015398837070e-08
-8.300625905588893002e-09
-1.078082152047783717e-08
-4.847771417897658660e-09
-2.071495369560973625e-08
-1.147685293673961591e-08
-4.824040533566303292e-10
-1.105215711598832665e-08
-1.465602111271385448e-08
-9.087132331058818552e-09
-7.059098760231722667e-09
-8.487347129346379555e-09
-1.000278514731827762e-08
-1.386742467318171010e-08
-9.970535770876143251e-09
-9.608134342461156683e-09
-1.111013372803981257e-08
-7.889738626011886392e-09
-7.075428938252550425e-10
-1.253217061388535397e-08
-1.266699538585308772e-08
-1.386866498340987942e-08
-1.435247904334316782e-08
-1.481458930112510171e-08
-9.881252920537095149e-09
-9.944076658724651136e-09
-5.627871622512461957e-09
-7.487253884200618040e-09
-7.710017421585810597e-09
-1.275370737245784587e-08
-1.190647109707816696e-08
-9.824545454293246206e-09
-6.470419795654041880e-09
-6.917653637543310053e-09
-1.217165778173700005e-08
-8.250312270235617640e-09
-9.595876207096963760e-09
-8.589540646647969160e-09
-4.310340591351602955e-09
-4.856317074143364660e-09
-8.726239424629233321e-09
-9.294540796680400835e-09
-1.149655131110847435e-08
-9.082645095721718009e-09
-7.460293779343713224e-09
-6.468720750474886254e-09
-6.670024310762570836e-09
-7.750243467695913486e-09
-1.059335312280778422e-08
-9.802734983519643969e-09
-1.041350149800969398e-08
-8.914516078890754785e-09
-6.554170644617216589e-09
-5.943879242562719563e-09
-1.189980097631682986e-08
7.202608166490546172e-09
-7.498474218258841719e-09
-8.698423701076612559e-09
-5.618983943670700556e-09
-9.300383813128847381e-09
-5.670427441866661681e-09
-9.835580988902864167e-09
-1.430708051846552291e-08
-8.076738905126565613e-09
-7.880717821658343546e-09
-8.667087408655333896e-09
-7.646052352655802740e-09
-7.474283598610249584e-09
-5.452219296699086343e-09
-7.478157522499103986e-09
-6.480209463907394805e-09
-5.211025007202613976e-09
-7.229712163899782654e-09
-1.154719122915155920e-08
-5.657893444103701140e-09
-5.504603039741959863e-09
-5.224352050386352788e-09
-9.260277093115993358e-09
-7.347171170180815079e-09
-1.041552873583390824e-08
-8.356164584881740753e-09
-5.686364087135989718e-09
-8.647247114110609993e-09
-4.907144335185695895e-09
-6.584554545357783176e-09
-8.280216220107068073e-09
-6.239184671093062390e-09
-9.951329131019474727e-09
-8.233140836286875136e-09
-1.068197866049459423e-08
-7.357594543927273620e-09
8.238671809448315658e-10
-6.366410819344487151e-09
-6.183266981712134083e-09
-5.577612889356414178e-09
-1.752189373149016012e-09
-3.934110701572371486e-09
2.743755857282456925e-10
-9.612570524849012644e-11
-3.980134934584466799e-09
-2.518918952158935091e-09
-6.141479141832207608e-09
-2.289915056525179068e-09
-1.048609461110448442e-09
-2.763094083462428528e-09
-3.937352879218464313e-09
2.006157552443381021e-10
9.724583216207051664e-11
-6.122867971090032375e-09
-2.603610616207036650e-09
-6.199937004591354365e-09
-4.709946783858334732e-09
-4.629681746624054465e-09
-4.373345226118991039e-09
-1.238856621022482089e-08
-7.207825839148245500e-09
1.012784863537663586e-10
-3.930529346110570571e-09
-3.558832859193759180e-09
-7.545900242488654766e-09
-7.988640981646366994e-09
-1.892876145572240357e-08
-3.484139535775162225e-08
-1.333549985611698705e-08
-9.787706871358387130e-09
-7.191544635791555425e-09
-5.532402054991283374e-09
-8.910357306516588213e-09
-1.152655021195317854e-08
-1.577359499397238064e-08
-1.359093989434279907e-08
-1.016668408945843959e-08
-5.629988178086813623e-09
-1.719836801465780032e-08
-8.930896030521075953e-09
-7.798491042815967757e-09
-1.842281628295976664e-08
3.832212237383597939e-09
2.430758795066745305e-09
-1.742399011616716893e-09
-8.128356946901941117e-09
-4.736475760316425017e-09
-9.132885257092864084e-09
-9.990837638157338178e-09
-1.039895505360640729e-08
-9.203365801771335047e-09
-8.777190930528896564e-09
-1.049793212890156053e-08
-1.136519946888717150e-08
-1.130138659041839695e-08
-2.653450650017544473e-09
1.848876436258636025e-09
-2.608018010016714303e-09
3.926429867153253058e-09
-2.068462192561296674e-09
-5.461740243418401259e-09
-6.644257135550511987e-09
-4.830267621781204259e-09
-6.102309481799628567e-09
-1.275342365500827205e-09
-6.424590832508829095e-09
-4.308840588171263025e-09
-7.656676089856674236e-09
-6.024467956549478105e-09
-9.204924205570695180e-09
-7.149643667466136244e-09
-6.334016321146752699e-10
-3.899821746163199265e-09
-6.366455749150490728e-09
3.313410044227618170e-09
-2.827149320556400944e-09
-6.608808754904222398e-09
-3.805183320574362153e-09
-3.590778029938353945e-09
4.146519663745867451e-10
0.000000000000000000e+00
3.508013798543625011e-09
0.000000000000000000e+00
-4.300190703413567625e-09
-8.273414007994735677e-09
-1.122518342881481198e-08
-5.029087051669054787e-09
-1.091525675495702086e-08
-7.669526315131123335e-09
-6.757292482295335028e-09
-2.735980679318791150e-09
-7.103417131412162842e-09
-1.486637268562112546e-09
-4.708363320180484571e-09
-1.044707687694333854e-08
-1.501233290414493349e-08
-9.762173018729606315e-09
-7.126992816060349429e-09
-9.154987011189532622e-09
-1.042942534131992669e-08
-7.483246542712642944e-09
-8.368153326533211238e-09
-1.817451445885013825e-08
-1.624485951888048426e-08
-9.370752486919398098e-09
-1.581688321529777347e-08
-9.959103140447821518e-09
-1.539312422468009244e-08
-1.121521266421184036e-08
-1.276135369790979351e-08
-1.655835070100562272e-08
-1.063480665690184384e-08
-7.705263411119524041e-09
-1.201654881883172727e-08
-1.258657684065257329e-08
-1.096594153619369958e-08
-1.085095734883686113e-08
-1.184663981443054576e-08
-7.621521638948677665e-09
-1.969704619872581673e-08
-1.130074121387220307e-09
-8.254431408405204750e-11
1.887569252141475786e-11
0.000000000000000000e+00
0.000000000000000000e+00
4.411651470437030634e-10
2.344983076637173769e-11
0.000000000000000000e+00
9.277072806748531067e-10
0.000000000000000000e+00
0.000000000000000000e+00
0.000000000000000000e+00
1.492696046675987537e-09
9.100003914220454212e-10
-5.763874250321147890e-09
1.670698799881133174e-10
7.660156432167392925e-11
7.575339281652438413e-11
-2.980562746175008064e-11
2.389147537967299771e-10
0.000000000000000000e+00
-9.587178285493527476e-09
-1.497274596970645186e-08
8.959218087308792667e-10
3.053205662854592589e-09
-7.963122472411308974e-09
0.000000000000000000e+00
3.582663998570831300e-10
-3.231272858596437115e-09
-9.290534436210637740e-09
-1.209809763256401279e-08
1.358777911907603119e-09
-7.312859744761225958e-09
-7.284042825577181067e-09
1.744748659214415224e-09
-6.097879767586745693e-09
-2.616550319364355835e-08
-2.110995842782135144e-08
-1.666578911492770078e-08
-9.993876817668532017e-09
-1.022667561954364448e-08
6.259576203769589475e-10
4.309688200447640450e-08
1.778856217649192809e-08
-2.364869025721399455e-08
-7.489277676939092193e-09
5.065329929893203353e-09
-6.989048297479079660e-09
-7.633943669279851407e-09
3.445000754657699332e-08
-7.284927159560110472e-09
-2.497450619876672505e-08
-1.959513522871625774e-08
-8.901690389597267243e-09
-1.321347957720901811e-08
-1.315192588722554088e-08
-3.633551758259657023e-08
-1.382727203588707141e-09
-2.202182080801447128e-09
-6.449986102289208669e-09
-1.290997794706105612e-10
-2.639402859905309706e-08
7.984795080786684720e-09
2.630848976733436003e-08
-1.166040261760303951e-08
-5.211241956341003465e-08
-6.049789740222618841e-09
-4.427840226014567579e-09
-1.462481736173420296e-08
-2.254595964081470199e-08
-3.541622472001589291e-08
3.394201378895279933e-08
5.835451863105861119e-08
5.693191925817044152e-08
4.117557164080761880e-08
-3.214924506296045617e-08
-2.411196595628674737e-08
-2.970433571682769450e-08
-2.002353086370543779e-08
-9.477020568976042912e-09
-4.498945761919937190e-08
-4.438560259456128772e-08
-4.264605098250936179e-08
-5.080375436181935029e-09
1.927150384292067427e-08
-5.015827877944757379e-08
-2.066037570805420471e-08
-1.028709521846867856e-08
-3.242717113442696236e-08
-2.638333982181533143e-08
-2.123565119855133248e-08
-1.967370673883629403e-08
-9.962540269314853715e-09
-1.303565121763749381e-08
-1.510582132205345637e-08
1.178498253566699439e-08
8.403645887641115938e-09
-3.360262939240000104e-08
-1.336768734089052933e-08
-1.999340934591814133e-08
-3.521527868411372090e-08
-3.357126892158069104e-09
-9.573072115471707521e-09
-2.427408569648727367e-08
-2.500762720614524217e-08
