2.770418053137262415e-01
4.451289570995851097e-01
4.687301865060241601e-01
5.231792992927458696e-01
5.171006541456533157e-01
5.464762569685431837e-01
4.889360012610277084e-01
4.582016680101245742e-01
2.225373287126810318e-01
3.537006248815682818e-01
4.362498308936555991e-01
5.231067814620136147e-01
5.449665365453050248e-01
4.946990455431796718e-01
5.024401926714247013e-01
3.883408048527129952e-01
2.937634458751596789e-01
5.398117203313098494e-02
1.343130501728382331e-01
4.672691131907326101e-01
4.443780891243290787e-01
4.761855870507326061e-01
5.217933953550322190e-01
4.835919441487196435e-01
4.824809936532798993e-01
4.387449140147912097e-01
4.144040050409674159e-01
4.359969632740335888e-01
4.365030415901116623e-01
4.817656429099064219e-01
3.521490906817378308e-01
3.635750138258878050e-01
4.647378289594008560e-01
3.579035765167288274e-01
-6.563960003241215216e-03
1.198683773348368509e-01
5.125731803000244113e-01
5.344275099013681141e-01
5.699587957885030587e-01
5.313096101089136436e-01
4.917832084327785069e-01
4.401796902881380813e-01
3.964728101551019401e-01
4.676697451727464538e-01
4.263731691789887090e-01
4.218032690541185792e-01
4.030596408316064472e-01
3.275730710920943811e-01
1.941525486497973907e-01
4.199582040519933557e-01
4.119117377439593386e-01
2.385411498516593620e-01
3.784827292719105118e-01
4.379542106210781993e-01
4.195306716823358761e-01
3.591045472351417356e-01
4.428788969246038598e-01
4.645479553337189538e-01
4.764485176835688285e-01
4.856515328741786153e-01
4.692599193032470639e-01
4.186708956086258038e-01
4.139502981801357340e-01
4.975883649793558794e-01
4.832880746359953239e-01
4.992104734679474465e-01
3.102874840370732287e-02
8.323457960058157357e-02
6.285308093769946536e-02
-1.237122363303270155e-02
3.994541486331110725e-01
4.849236296181989037e-01
4.954125919411124790e-01
5.483698037137767489e-01
5.313617660968019685e-01
4.907836675175794028e-01
2.631294339934119320e-01
5.255674540740953304e-01
5.639121827478633664e-01
5.041240590416142808e-01
5.425229088185707926e-01
4.688377130701074091e-01
2.794327562545037558e-02
-1.310718329188950704e-02
2.480814482463046533e-01
4.869319738202889658e-01
5.159750114878063343e-01
4.585169569438687365e-01
2.634465543332820681e-01
3.180874060028638928e-01
2.319053483698052531e-01
-6.767295949091903795e-01
1.501505800308902683e-01
4.681858079694974917e-01
4.741391041696376707e-01
4.362711326691182112e-01
5.726157638896728352e-01
4.601080723242296777e-01
5.542941427594202386e-01
5.007059894334591199e-01
5.766320527972532695e-01
5.891071007545933824e-01
5.647274422341009847e-01
5.800483256815666122e-01
6.112108013546656560e-01
6.284305686824095405e-01
6.912832746765249503e-01
5.752083284811504438e-01
2.948787043736761371e-01
5.391586318432661784e-01
4.473741146624874432e-01
2.319055406510044659e-01
5.377294713151067329e-01
5.237141450006150833e-01
5.650719585433168213e-01
5.489137497141403088e-01
6.389861338006384006e-01
5.509967425865798241e-01
3.361225664986585149e-01
5.513011834702160607e-01
1.940737298854776083e-01
1.109307845522828212e-01
5.477518446265303709e-01
6.500591152208810009e-01
4.410437142362172991e-01
-2.631621735835223408e-01
4.056441591746950959e-01
6.431915714680915830e-01
6.117403017340250493e-01
5.961070850347980343e-01
6.791453594629031087e-01
5.823485004403008425e-01
2.339264689614342363e-01
6.069549674311613963e-01
6.488789655433906400e-01
7.104655894285103468e-01
6.486355188126989857e-01
1.204864577389434810e-01
-5.177698914747784764e-01
-2.986865165278322631e-02
1.582846779121927505e-01
4.807207688440072180e-01
5.825987470385342037e-01
6.183580523408147567e-01
6.818277453542868072e-01
4.741054437750732431e-01
2.347991767553180009e-01
6.079428982193731956e-01
6.090913915420624880e-01
6.193550038712754002e-01
5.537090816502856505e-01
6.649387186030413233e-01
6.057676234646801605e-01
5.688958432755301109e-01
6.711883880686537740e-01
7.029783758872998334e-01
7.059120486247372206e-01
7.341688774880067436e-01
7.394435279860110954e-01
2.811611188986181675e-01
-9.926851825996176049e-02
6.136660540008348486e-01
7.527146695215032324e-01
7.641682393147093411e-01
6.794461771271923523e-01
7.259204461318183865e-01
6.308080537818775424e-01
4.512462468661878057e-01
6.821790653943732297e-01
7.411712848932938691e-01
7.788352446252040373e-01
8.274887038099116854e-01
8.304330760127106581e-01
7.654499432332299014e-01
5.135816229803594757e-01
7.821272852284368859e-01
8.240546031116315895e-01
8.373529467870866050e-01
8.105550119971882683e-01
9.035311425267497087e-01
7.589812093254162395e-01
7.839163879120381040e-01
8.105286307350407782e-01
7.472777353134418821e-01
8.492619364943168048e-01
9.071003981457042009e-01
8.396570233210624012e-01
7.494582458727225838e-01
7.113291797685568074e-01
8.210482525954551081e-01
8.738379207941213700e-01
7.992236835153488927e-01
8.440510582231744996e-01
7.992662238063334978e-01
5.083937397788025336e-01
2.911308271949798465e-01
7.443588400017556728e-01
8.420176959681380247e-01
8.270992081230807980e-01
8.179982814140153158e-01
8.288299347698512287e-01
7.226390728048677214e-01
5.174501731509807412e-01
7.750890118278109808e-01
7.925046445655613558e-01
7.644494648177986296e-01
2.309512893594454497e-01
4.953244642397504061e-01
1.151665514588856298e-01
5.394156388964054250e-01
6.088476794766690681e-01
8.435881251323231744e-01
8.628107621301546182e-01
8.631405184649136864e-01
6.540652958832188224e-01
5.881765780602462579e-01
-2.502514653965207669e-01
4.192069029158812521e-01
7.421610215841646374e-01
8.914723840546188161e-01
9.610494193132899099e-01
8.482604630431689330e-01
4.625608295666476799e-01
4.456170371579953882e-01
5.916521541382904203e-01
3.543520329082008868e-01
6.950692246351173331e-01
6.976642102969852210e-01
9.170688225217002998e-01
8.665566735618048799e-01
7.432306350103043968e-01
8.324378289407884379e-01
8.643856750302794101e-01
8.007097815424952802e-01
8.030161074355695039e-01
8.748833534437843173e-01
8.177471368093787163e-01
7.496200309876998036e-01
8.224012925764270232e-01
9.655539676247593128e-01
9.999585755594577741e-01
1.050179551011306334e+00
9.917107626975062429e-01
1.001857130903494486e+00
8.401453983905786682e-01
1.096918607089208519e+00
1.156985692416568234e+00
1.146580443067530819e+00
1.132103947151754442e+00
1.247797373478084282e+00
1.206247182146647834e+00
9.570695956054565690e-01
1.151474648508632459e+00
1.226289969890749454e+00
1.401018143762638335e+00
1.301511420745970149e+00
1.360960757737144089e+00
1.224870065211816295e+00
8.098359725840935663e-01
1.079973006172000094e+00
1.298561417527224648e+00
1.100780777694531309e+00
5.097571982052377937e-01
6.949850424737273880e-01
1.091962628566125471e+00
1.145041719153444548e+00
1.132990707552977483e+00
1.118987680675283869e+00
1.041952046785946440e+00
6.890311579826995381e-01
6.058471568455148226e-01
1.033866308467158435e+00
-8.576707970032810407e-03
7.675590589680929554e-01
1.086456912773170913e+00
7.518695031927691286e-01
2.683920415696591899e+00
1.761447862246815266e+00
1.311885417044636792e+00
1.106264268259971040e+00
1.297998132162376805e+00
1.018301291023802957e+00
1.498095568527556543e+00
1.332854186154742493e+00
5.780487192090938420e-01
1.458214990590827487e+00
1.175311800961490460e+00
1.250832145863249867e+00
1.085652263687141517e+00
5.726756103141949356e-02
2.585394670671576911e-01
4.938147386442684472e-01
8.310994524644839121e-01
1.092968558457308337e+00
9.408751502280781054e-01
1.310839138357000166e+00
8.302935099211845582e-01
1.302694994927113825e+00
8.307793540950687561e-01
7.556641812955604554e-01
6.017483446864527741e-01
4.252048862558526210e-01
1.360546876390942961e+00
1.465833122238230590e+00
1.566456574462707474e+00
1.271568704070085154e+00
7.609774662067321227e-01
2.800337186089549638e-02
6.692539095792677806e-01
1.595240507197244195e+00
1.125716680813768411e+00
1.710826720110508736e+00
1.608972908223363918e+00
1.167909040307100188e+00
1.611340070704113892e+00
1.680146180010099854e+00
1.772132981472435587e+00
1.706493332933078921e+00
1.029502529540747391e+00
7.584689431126276915e-01
9.659008114821501234e-01
8.482023414073858181e-01
1.631192276656225015e+00
1.647311492658659393e+00
1.995394943954006406e+00
2.102243575018417410e+00
1.601752931768874788e+00
1.695461598929866032e+00
1.938393370346719990e+00
1.555536420601131065e+00
8.926777128969973774e-01
1.034800134540930561e+00
5.284079932822508541e-01
1.260370132246467989e+00
1.869811996342044758e+00
9.938447879407039665e-01
1.945810427402481224e+00
1.300175995997242540e+00
7.999113996572146945e-01
1.989448990385438654e+00
1.727518443119876235e+00
2.196401813581591256e+00
1.204018054284293537e+00
1.598802479393861553e+00
1.715083887884036873e+00
2.224008419620132848e+00
2.514199817296626005e+00
2.735621472535821663e+00
2.683540841114274045e+00
6.143651683188885437e-01
1.665379873266337185e+00
3.209311046014952318e+00
3.573725941067440459e+00
2.729846767983758582e+00
1.079922832212983019e+00
1.810074337005242340e+00
1.521569568179701903e+00
8.959754015219651979e-01
5.752621944053832870e-01
1.029167333412158047e+00
4.792076566424255946e-01
2.453660263213070306e-02
