2.937691465056399553e-01
1.649044196032774523e-01
8.411205639741851925e-02
3.098240692711383137e-01
4.735664380711711585e-01
8.195737097408130334e-02
5.157204237803186819e-02
9.856540365324960307e-02
3.602629320740200480e-01
1.454994590945443700e-01
4.308291249868630990e-01
3.613058129581607769e-01
5.641706961991719421e-02
1.108739630026214923e-01
1.614234643159417060e-01
9.859524805484422283e-02
1.603782788880658561e-01
3.545178936488925792e-01
4.609330105046672288e-01
1.195118121472373285e-01
1.254936123023426275e-01
2.177010917349279651e-01
1.512794113147208908e-01
1.417011298449497025e-01
1.191324622858363769e-01
1.225849736252220407e-01
1.428192309713167962e-01
1.319397442944355014e-01
2.354875733496673007e-01
1.586846946346463783e-01
1.707583249116336188e-01
2.634344918396527291e-01
8.712334894018942955e-02
2.473545469151500892e-02
4.823151238046813338e-01
5.020658065213492449e-01
2.113976640208972968e-01
3.786685406485358341e-01
7.240018060002120226e-01
2.024921217713387123e-01
1.480096834197199285e-01
5.236489036986249901e-02
1.967564340804475176e-01
1.421721910965644264e-01
1.991748374742569327e-01
1.164587407298135480e-01
1.696379955562200281e-01
1.075061523283874637e-01
3.548115941092876979e-01
2.173520725024691291e-01
1.806192745315925718e-01
3.571342276124072068e-01
2.044871495240305204e-01
1.442298460187244613e-01
1.337270236445600169e-01
1.809356389629396544e-01
2.352611312175718339e-01
2.861616078153468856e-01
1.970711866843285198e-01
1.006250595550173543e-01
1.726417016516735015e-01
9.226853443366729579e-02
1.015434953094757758e-01
4.153945149291739525e-01
3.213807139762354104e-01
5.702037799942735741e-02
4.528155627201340128e-01
6.799609002156995485e-01
4.124679505173169947e-01
6.050438006511767997e-01
2.823122931401416680e-01
1.971314632389679911e-01
2.066834318048490216e-01
2.738674457050787603e-01
2.057906251769802963e-01
9.273085462042497673e-02
3.545463635428908189e-01
2.663246767267404280e-01
1.326510639601438946e-01
2.754310267066417128e-01
2.725941114981762503e-01
2.312996148053221290e-01
9.283454514086841858e-01
8.849725343001029199e-01
7.179000209629594620e-01
3.527708968554033042e-01
3.329484803312135477e-01
2.469114228096039310e-01
6.196008518147526622e-01
3.238259169591885533e-01
3.606023260968985733e-01
1.101370843526885412e+00
7.930023968750183894e-01
2.012229239828267624e-01
3.730825460474712640e-01
3.159476710983147307e-01
6.412900202350889367e-02
1.321273778207530114e-01
4.124061474314863474e-01
3.626661317308755295e-01
6.349505153148292669e-01
4.071837455897175939e-01
2.526711855944904217e-01
1.501686727693790080e-01
1.559911147468400761e-01
5.138795821097889016e-01
4.395507664236500411e-01
2.699240861229288413e-01
7.973348640202873039e-01
3.406168018361184213e-01
3.620921169216956281e-01
6.296951535308502601e-01
3.165277902831449275e-01
3.310269210132323336e-01
2.404661571974679724e-01
2.752965223596174349e-01
1.540698026021623535e-01
5.341711266498097577e-02
5.381209969925431214e-01
3.420701710098394410e-01
7.641750491121742650e-01
1.186969290281592704e+00
3.087130474030546079e-01
2.691468301687536813e-01
3.582148950996978387e-01
1.161465150969186011e+00
4.963889286390126832e-01
1.760724199243839105e-01
1.631160690694870852e-01
1.625160365892624192e-01
1.231103382654004097e-01
1.427234559519783286e-01
6.901083094978940347e-01
3.436008058522182496e-01
2.511045322135229130e-01
2.623508188298759314e-01
2.853926863420077620e-01
1.014589378253683227e+00
1.248047088876203636e+00
9.565780123644457289e-01
7.351995765631449409e-01
4.665810640908855667e-01
2.590848393613915945e-01
2.510323070805587364e-01
1.923052151663411924e-01
4.080860433645876473e-01
7.916262980371709945e-01
2.813678763877923150e-01
2.560619395326958481e-01
1.934531031329311535e-01
1.682516726020162334e-01
1.154017517255821329e-01
8.298624242570874776e-02
1.550642241997397808e-01
1.374438589210853490e-01
2.072009974829708556e-01
1.550347524117972331e-01
1.711504963305879867e-01
1.506593545160656578e-01
6.930565448502965520e-01
1.035279811488089230e+00
4.438678768719856449e-01
1.688678141828911516e-01
2.739397472955195090e-01
4.162108797970509033e-01
2.597769791546868934e-01
2.451714172788041490e-01
4.739737392698010199e-01
2.105494984760654942e-01
1.639030761780818912e-01
4.466246037726728235e-01
3.198993973903497823e-01
1.551765401519391574e-01
1.248572532282653524e-01
5.193477810570077402e-01
2.757744565465214404e-01
1.302944080990313669e-01
1.339877090932957426e-01
1.098959172648105720e-01
1.614740089851265104e-01
2.269276805128062624e-01
1.328840301077078567e-01
2.305530963573505787e-01
3.293802685425552546e-01
3.177920744059919977e-01
4.099005767394334754e-01
1.134935077900828954e-01
1.410579481153768078e-01
1.869725095713313245e-01
2.063590382787495736e-01
8.817630783863174282e-02
1.867688159980760154e-01
9.627342770647355497e-02
1.593250806956615639e-01
4.167595179423181362e-01
8.273408877831439634e-01
3.161927971335500853e-01
2.342323854930045690e-01
2.377219453923425374e-01
1.620511831470280439e-01
1.711355259383521565e-01
8.456715548012844197e-02
2.950505095141833789e-01
1.884500775299223496e-01
1.916275646444834391e-01
3.195614397221800962e-01
9.795501201574253747e-01
6.363406558160917825e-01
8.255200558231881036e-01
1.492577626481808306e-01
5.116991353217614780e-01
3.203171738942612867e-01
2.802294390790556755e-01
2.869699433682837975e-01
2.290502086617632604e-01
1.076323745142109684e-01
1.179734739668921062e+00
6.815941766628319520e-01
4.976768848524761868e-01
4.354498047812142558e-01
3.398992414003310647e-01
4.156324122443966762e-01
6.742792500493324237e-01
5.590214386526316526e-01
3.335351076288590177e-01
7.014120023428765949e-01
2.832143310977965345e-01
4.362054409568362212e-01
3.018354544490284286e-01
1.398709170628425758e-01
1.167722926285098273e-01
2.441502126914346094e-01
2.846458846680526844e-01
1.565792023754264961e-01
3.096042040953323471e-01
2.041998408012055954e-01
1.066328062919604525e-01
1.338192373013516456e-01
3.784342078006685539e-01
3.507433264571120368e-01
3.953298471739322695e-01
4.333574341322066203e-01
4.223255334860983590e-01
3.025374363337372530e-01
4.737216486248679859e-01
6.608901569763059314e-01
4.611863170807890544e-01
3.820528530240474563e-01
4.275199345971700815e-01
2.223608548003258856e-01
2.217787407336005989e-01
4.801909729593424880e-01
6.916636284889815522e-01
5.542532375203093054e-01
3.335501459359686560e-01
7.150223372447638281e-01
4.082235563140470536e-01
4.734401674516396374e-01
6.190091156832853159e-01
6.809789550314622186e-01
5.308271302059067720e-01
8.832373716960938426e-01
1.149608803843495064e+00
1.365562485804390214e+00
6.549709360589780482e-01
5.610651817303701216e-01
7.527167356198728454e-01
9.608657195907017723e-01
1.132324421328786190e+00
1.557684698491805797e+00
1.602373918953066578e+00
4.659192303474434249e-01
1.285335475396436333e+00
1.393925181234332955e+00
1.017328627528113927e+00
1.716384852985346265e+00
8.968763943622722890e-01
1.045723154957724166e+00
1.290892617372904061e+00
1.219182593302241324e+00
1.705283847054012369e+00
1.598104830944271582e+00
1.044349117211018418e+00
1.137992567884564377e+00
2.057460500073914123e+00
1.397810253060689734e+00
1.120824653538340598e+00
1.370376331587392915e+00
9.385336253265843531e-01
1.452381226492756916e+00
1.263571959228606101e+00
1.020627889402556443e+00
1.449378835637771701e+00
6.768853001860044571e-01
1.571404799756492610e+00
9.591084705000155752e-01
1.802503884588414040e+00
1.157217939119782990e+00
1.232333898140145489e+00
3.876922752444039721e-01
6.093724614861998484e-02
1.243144490653112388e+00
1.299113114469881536e+00
8.141903258078115879e-01
2.684595686087415944e-01
5.807137295299094060e-01
4.826988372711558950e-02
7.470250130588417248e-01
1.915566085459456502e+00
6.469437371946045179e-01
1.507260830445846134e+00
5.441431907625041697e-01
2.350240144214719162e-01
8.513233819315635387e-01
3.035014958550399933e-01
9.252548790394284906e-01
8.509069925946525226e-01
3.237452752852000848e-01
9.887206180523759880e-01
9.343919550701663690e-01
5.869875193940655711e-01
1.290110050228138627e+00
1.132202738753367521e+00
1.356166273325746907e+00
1.250948990812279282e+00
7.832621039986622513e-01
8.700435303028761780e-01
6.981095631687430636e-01
2.192664115526872515e-01
1.992740980540182782e+00
1.248892438715002440e+00
2.373370686800151813e-02
2.604327654888678900e+00
8.382224384111003346e-01
5.378258658742197662e-01
1.328048364010887772e+00
1.321355088507313980e+00
1.358827112596071363e+00
1.653526346189566620e+00
1.137388924780365684e+00
9.774091786553436023e-01
3.748167634075428301e-01
1.342177306860218522e+00
1.459589583693596593e+00
1.844146767960409772e+00
1.095806786785157527e+00
1.283273198003738624e+00
8.661198770701097338e-01
1.836393350275228598e-01
1.980438955227226128e+00
2.612991579600478786e+00
2.048701522982271150e+00
1.123394642573132707e+00
9.155655161218901883e-01
1.419281531165010879e+00
7.128225148240959763e-01
4.656276175524756700e-01
9.852287071554899356e-01
1.012541650287610562e+00
8.255010315337789617e-01
5.754461979988767517e-01
5.111102362306280122e-01
