2.768561053747454204e-01
4.307779205033892556e-01
4.644224763945395962e-01
5.220341529388879964e-01
5.137833202478230277e-01
5.367880898962780201e-01
4.806528060975201466e-01
4.478775574635913692e-01
2.041556638184545691e-01
3.508196775983534188e-01
4.140868660734730033e-01
5.226936703583677790e-01
5.253967782693291788e-01
4.905103996414004741e-01
4.976103969559899642e-01
3.825242227176051113e-01
2.913426993286815092e-01
5.052103722242964889e-02
1.198507238486572479e-01
4.466989218816555529e-01
4.332971445003432898e-01
4.694735477422516956e-01
5.063321315534115019e-01
4.697569888305838104e-01
4.750790049281454763e-01
4.190429462613259881e-01
3.969013389230312550e-01
4.259649231778023237e-01
4.215847477459275794e-01
4.683373431128220465e-01
3.414729361080548475e-01
3.633610429808475928e-01
4.536978325783576627e-01
3.501346351927046019e-01
-3.643925528096164657e-02
5.216058177179520861e-02
5.084612406366859627e-01
5.265781896496896097e-01
5.576450457948763928e-01
5.263768886333455299e-01
4.814633241125055862e-01
4.379321430443974261e-01
3.779936844346947766e-01
4.630019615567533831e-01
4.176807006471455752e-01
4.134792919205557693e-01
4.016927498768701477e-01
3.068899637769859079e-01
1.596888314038574230e-01
4.151072997038867118e-01
4.058978051893407657e-01
2.053401756476973816e-01
3.780828494758129987e-01
4.314249108545631373e-01
4.081135668951741402e-01
3.560240443258531062e-01
4.371574948975618935e-01
4.585426841078102389e-01
4.667493347572085893e-01
4.825802705903112777e-01
4.666220296141434520e-01
4.163534671120335262e-01
4.123180497851745008e-01
4.884351879808287999e-01
4.821697242404627826e-01
4.904783766598720951e-01
8.030606780851583942e-03
1.516697919704200481e-02
6.103678392786790474e-03
-3.128391969486784413e-02
3.857065179425265278e-01
4.810876921572255771e-01
4.911172863487193174e-01
5.260807715856021805e-01
5.039295800964280758e-01
4.907838445188956178e-01
2.246160895797739143e-01
5.169816805347012822e-01
5.607155306477220602e-01
4.793581752700961096e-01
5.178241350069874294e-01
4.430325541899540753e-01
-2.409533770848737988e-01
-3.160920562894378172e-01
2.254494287105748562e-01
4.659791136506061804e-01
5.062288451877379192e-01
4.504189324278844442e-01
1.416116089982095150e-01
2.936674206181764668e-01
2.264147117922719610e-01
-8.113054934726540157e-01
1.339457636287693654e-01
4.601734366523583253e-01
4.496672683696083528e-01
4.286391065305973358e-01
5.596899016298985119e-01
4.466575163783625957e-01
5.256794576501340188e-01
4.931713764066854022e-01
5.556575999070325622e-01
5.869382420654263299e-01
5.621016103155067611e-01
5.705514126611128667e-01
5.825868987710262070e-01
6.253392896460021610e-01
6.523416170052966923e-01
5.363198808535030171e-01
2.784595765885371499e-01
5.375374565057160492e-01
4.364370795888542487e-01
2.203857836141160098e-01
5.351002991039535139e-01
5.207565449802595836e-01
5.526419108535056690e-01
5.338444821546157737e-01
6.207405634586974363e-01
5.456424621690344479e-01
3.165946751337224141e-01
5.466354028808120269e-01
4.801615103805545459e-02
-1.745378755774294743e-01
5.307334990147385412e-01
6.357936481909669535e-01
4.153064503940430141e-01
-6.495307136576972118e-01
3.757997986594397988e-01
6.374987229344459827e-01
6.073580255000954331e-01
5.787157862069650660e-01
6.692800724686147618e-01
5.515425454960202201e-01
2.040306181928407403e-01
5.901351032251357376e-01
6.432430102497149749e-01
6.873668643169956738e-01
6.236258175941959969e-01
2.472501835105469017e-02
-8.171126525961749376e-01
-1.531119092621049116e-01
9.679726949482106435e-02
4.586884271778254307e-01
5.674692339390998708e-01
5.933130497907255219e-01
6.634412240215232792e-01
4.617880970249927941e-01
1.523458557503417909e-01
5.932521514277225849e-01
6.062564912622634417e-01
6.103279520078105369e-01
5.484797050751540892e-01
6.530149028307309367e-01
5.881356513620408233e-01
5.434009130400391241e-01
6.641244665836356642e-01
6.850268632428309079e-01
7.004988835950664017e-01
7.195137202722581282e-01
7.222168538583816355e-01
1.553223543889524216e-01
-2.371305925472111664e-01
6.106622584831646883e-01
7.470829842438317936e-01
7.440930503986272759e-01
6.595169816326975631e-01
7.129476574836282055e-01
6.241454600953451060e-01
4.459656911908465582e-01
6.557245788740806436e-01
7.261074440299154498e-01
7.757742145999384498e-01
8.248811631457311222e-01
8.266598470520856168e-01
7.577309751626545298e-01
4.948167114555930279e-01
7.672122578090592171e-01
8.193023419127942741e-01
8.216684154475119017e-01
7.972023066066391550e-01
8.964052070664343397e-01
7.545546597725437676e-01
7.681210725625924329e-01
7.991079945012570240e-01
7.062393808581012289e-01
8.288674973575984595e-01
8.819297721600136697e-01
8.319714705459841930e-01
7.411031689053804161e-01
7.113291976310546216e-01
8.105680307396432305e-01
8.616998698700062409e-01
7.893320030731041381e-01
8.296498572622301726e-01
7.788921740134279181e-01
4.840462780908237339e-01
2.737120819324755927e-01
7.207964324700467662e-01
8.361725172990714938e-01
8.198519329752784746e-01
8.072792287202710249e-01
8.219321635339403853e-01
7.212679065201670348e-01
5.076512041232948969e-01
7.750395600039863275e-01
7.881208559654928614e-01
7.125650612507932191e-01
2.037423957539239994e-01
4.915899568920590879e-01
-1.823306847519978735e-02
5.319425044766801225e-01
5.814926550173350472e-01
8.335322652784940001e-01
8.530569731595363248e-01
8.465677598893539546e-01
6.477579538323257058e-01
5.773114829562563388e-01
-5.917330979602469787e-01
4.005481345915570257e-01
7.338084186496515171e-01
8.822385741712173157e-01
9.426107514845121216e-01
8.380067443567589258e-01
4.395374210828497663e-01
4.362923201556382913e-01
5.865196741334186559e-01
3.000110223074241023e-01
6.707116404783914909e-01
6.778790906069851463e-01
9.137484382107886605e-01
8.567698247577243409e-01
7.306187889862267859e-01
8.193107416880579530e-01
8.552016109469335881e-01
7.932485087090721532e-01
7.793905289059893660e-01
8.608142803306207957e-01
7.903844534138462219e-01
7.401158889253377504e-01
8.209185352210117692e-01
9.607672853962676562e-01
9.907413980474883974e-01
1.045104494896071934e+00
9.741361473183136610e-01
9.738362527844746097e-01
8.296943416130289073e-01
1.083664040391099981e+00
1.154564063028894472e+00
1.128659766343904192e+00
1.126208701123862177e+00
1.239873711029595427e+00
1.195725308769072903e+00
9.104815126286502913e-01
1.146738794566481312e+00
1.205168663859035982e+00
1.398819648784256797e+00
1.290541752324611435e+00
1.340121705577415723e+00
1.214307647069227336e+00
7.885725946430413025e-01
1.065672619121797116e+00
1.296049003879703454e+00
1.068562415384916697e+00
4.792475870167716145e-01
6.547748429196852404e-01
1.050184168848379063e+00
1.077163008852146886e+00
1.132990966838528069e+00
1.097555467518142036e+00
9.914260746527255863e-01
6.757441107137829306e-01
5.791023749812287402e-01
9.533921942766260260e-01
-1.984039448184689303e-02
7.584116898588766364e-01
1.075197021800053276e+00
7.125783062316238814e-01
2.664800015803353794e+00
1.746704392654246263e+00
1.094343686125539561e+00
1.089639405530100191e+00
1.232292058972985993e+00
9.973828685512317049e-01
1.487108227766915647e+00
1.260327907597654562e+00
5.738311108452274212e-01
1.193593131955539288e+00
1.127366423733536571e+00
1.231567131595761921e+00
1.028654057646494646e+00
2.249244418680624441e-02
2.192989971572950059e-01
4.659729393011521337e-01
7.401800135854056384e-01
8.577622588925928326e-01
9.258230286199483627e-01
1.276891728265033166e+00
8.225643840509666571e-01
1.259239352538240819e+00
8.177811907947931669e-01
7.352403695834792696e-01
5.829118785149538517e-01
3.277045023356295883e-01
1.347350015590994987e+00
1.463317288506055247e+00
1.549139279983360318e+00
1.203335969879024914e+00
7.404136348090074593e-01
2.472683783286673889e-02
6.420567621707302663e-01
1.450951081953831157e+00
1.053382353042488617e+00
1.678281610430223614e+00
1.582755297863897903e+00
1.067898738210835807e+00
1.492227439528221344e+00
1.680145594708644552e+00
1.763433131912268914e+00
1.645141448838125964e+00
9.711898864745791560e-01
7.296191739290965872e-01
9.411678197700761306e-01
8.233529827570482684e-01
1.604989493550543767e+00
1.638582089950578968e+00
1.963728415555784146e+00
2.021284208878944444e+00
1.575137431289864942e+00
1.601703202984076757e+00
1.894188710058934078e+00
1.545202742008447983e+00
7.902502054752814642e-01
8.969643050230782233e-01
4.038662321101443298e-01
1.249176685914794360e+00
1.513204146817039630e+00
8.881303039074212036e-01
1.920052824162000737e+00
1.275805410746918334e+00
7.944962092666228992e-01
1.981404530404310638e+00
1.703376743671340066e+00
2.157813706174567248e+00
1.165903681954505444e+00
1.589131901658247692e+00
1.671989346048986080e+00
2.192843149752761622e+00
2.480556987003672109e+00
2.734428269893807162e+00
2.463697440205534939e+00
3.958540607795221211e-01
1.551066746067222724e+00
3.178591469833187855e+00
3.512806822495461390e+00
2.645014156507141223e+00
1.030561435893544431e+00
1.469252482284413963e+00
1.430879698136046763e+00
8.777485672077987022e-01
4.634723564961437670e-01
1.022409466120782762e+00
3.220495687116087247e-01
1.891087402192198012e-03
