4.341631258274658567e-01
3.616318990917945508e-01
-7.366502478777035845e-03
1.133160993695172536e+00
8.915929716066379740e-01
1.157128085560365838e+00
1.146426810281925723e+00
1.548425145313053086e+00
6.079269392812995942e-01
2.028698415081800821e+00
2.146306529563565046e+00
1.963459474534825944e+00
1.571908345502242454e+00
1.204295153234681059e+00
2.017691882068128884e+00
1.347248457690110035e+00
1.683189687900664699e-01
2.023289952131784641e+00
1.614123201344428438e+00
8.125530049615670158e-01
1.244784644205822133e+00
1.310923544407085695e+00
1.828632553402990357e+00
1.957150092261272345e+00
2.200535603032356846e+00
2.171223283583460173e+00
1.106347212809295932e+00
8.959640627074073604e-01
5.831908074108891338e-01
4.305804487431830890e-02
1.136296320669636817e+00
1.438814793867590591e+00
1.317409530659923722e-01
1.719552235797747519e+00
1.238352329234547744e+00
6.031889582142759831e-01
1.587668798130879161e-02
1.443807290610624183e-01
1.161260921020386583e+00
1.234142758750017332e+00
1.830810566911380555e+00
1.595768299011544045e+00
1.330669844246677114e+00
6.709207306063196263e-01
1.664916712942270394e-01
1.200423740849467791e+00
1.021955120885827739e+00
1.635954296624000381e-01
7.856385337664730795e-01
7.962382056751331205e-02
6.603678761757860727e-01
5.638631127171645635e-02
8.959632928209415592e-01
9.021557580784153041e-01
1.132855286554915741e+00
1.003568593852215862e+00
1.765306296644674422e+00
1.540741023690442635e+00
1.694923717694283294e+00
1.628887194900084268e+00
2.530412139137724559e+00
3.121785241572486935e+00
3.321188800007801589e+00
3.188222433024954672e+00
2.900019868369970055e+00
3.681731235788540779e+00
3.970923098322618472e+00
3.918577059969720722e+00
2.535987370461185719e+00
4.985963766716203782e-01
7.450410700822923671e-01
6.409268618914758520e-01
2.266665126296273591e+00
2.655047626312197373e+00
2.320397731336437452e+00
1.403214698077452693e+00
2.141425481521257002e+00
1.093322848635943423e+00
1.016711903087437752e-01
1.306318324227760730e+00
2.100443146220219326e+00
2.055980640249008840e+00
2.109514010517628435e+00
2.167559486023533211e+00
1.430420967803122778e+00
1.645562761603222901e+00
1.833445126740046449e+00
2.270241259490638708e+00
2.479401396008147795e+00
1.914672966147118460e+00
1.092859244331689128e+00
1.315595164551161877e+00
1.594704008182319388e+00
6.532020861596758987e-01
3.388649382340503946e-01
1.020359138248695174e+00
6.790448578172011418e-01
1.592523173481287524e-02
4.439591702076320923e-01
1.674593239210272477e-01
1.963245281682119092e+00
1.614076156283341668e+00
1.815466085740712110e+00
2.108509941809577182e+00
1.840599628111355246e+00
1.210742711015596607e+00
7.342450963487141546e-01
7.491581268554867723e-01
1.966931464795713680e+00
1.868688371357955624e+00
1.881216251319257182e+00
1.523791595031080748e+00
6.294646188174398693e-01
6.800344640272004693e-01
2.006108657132479767e+00
2.201855521885057954e+00
2.077332125413695607e+00
2.127147403904289469e+00
2.138114321203073764e+00
1.867993121060251838e+00
1.759338742436135750e+00
2.032984096798723606e+00
1.979779043467810196e+00
2.147911961291999461e+00
2.222795258717275235e+00
2.123640980934267564e+00
1.925649832197347644e+00
1.419005652195273637e+00
2.004971217086414459e+00
1.475242371552972998e+00
1.154028234622582527e+00
1.266951724827582781e+00
1.275249031631954688e+00
9.445648508652584319e-01
1.058883661643980068e+00
1.851210357731576384e+00
2.032482283869726736e+00
1.862653341434114207e+00
1.908799339563630237e+00
2.005136733455839426e+00
5.568796684467041125e-01
1.432041834694659954e+00
1.713586194704389554e+00
9.596585950370432050e-01
1.637375943203198680e+00
3.621168175885403073e-01
2.287444590121268662e-01
-7.501156201274493396e-02
1.366332680956573675e+00
2.031511732028584927e+00
1.929369823136700024e+00
1.988230926599612758e+00
1.709091061621604624e+00
1.675951214337582984e+00
1.415103970245700671e+00
1.252797751123306602e+00
4.520732689531719584e-01
1.615804929860248595e+00
1.786628674600513556e+00
1.747821542313968690e+00
1.718259634436355210e+00
9.442436039780077728e-01
7.456440955409754379e-01
1.359081257948506316e+00
1.682103049955252505e+00
1.849796433449549582e+00
1.732143429665739420e+00
2.155453449531682608e+00
1.446742302575485528e+00
1.025995962618463153e+00
2.228463456244851315e+00
2.345974151697824972e+00
2.722616336514235513e+00
2.585562753551832404e+00
2.308793334274288789e+00
2.045272293470465463e+00
1.417568539353959434e+00
2.761749108298833910e+00
2.761509438170238084e+00
2.680555913913917898e+00
2.878442126869449780e+00
2.746263613213118848e+00
1.601868186453195619e+00
1.402981597145131376e+00
2.412551800038817973e+00
2.848293051331459935e+00
2.583777535627945987e+00
1.947728892280691682e+00
2.164213454154105598e+00
1.421407483788701409e+00
2.972400640169869934e-01
3.020324106557453092e+00
3.281812426443537767e+00
2.988697542568843790e+00
3.277726700221270661e+00
2.729877323590249816e+00
1.188995822148290582e+00
1.342249160696369348e+00
3.080336323898970718e+00
3.506411500007527771e+00
2.538339694199591712e+00
3.461521832447697733e+00
3.301331368869268701e+00
2.882759265131047854e+00
1.842735052155046072e+00
2.629427487687034493e+00
2.568338744716877287e+00
3.761950473800451888e+00
4.314342822681219936e+00
4.042186147508921579e+00
3.372891121382558755e+00
2.650578474797080197e+00
3.652481094645222193e+00
3.162530324876695165e+00
2.916111237514183330e+00
3.597512346396186889e+00
3.409522976373970060e+00
2.227276159046566839e+00
1.431015490016937175e+00
2.999894967881727048e+00
2.998200090320760847e+00
2.935065077224537688e+00
3.136595994495141149e+00
3.971834619186866089e+00
3.118113248821039019e+00
2.435033385235886527e+00
3.835913886503583115e+00
4.457316551693239148e+00
5.057698816262274022e+00
5.239265218625154930e+00
4.820939636665312555e+00
4.308233740468192075e+00
2.335028286896839056e+00
5.026597259533931883e+00
5.470960319393825877e+00
5.722752177442904653e+00
5.469521763463179198e+00
6.287159902797277766e+00
5.735319542455620478e+00
2.668881308800163499e+00
5.680921564389164402e+00
6.113138236552606131e+00
5.462857906597465174e+00
5.215695881001565226e+00
3.490085519589413821e+00
1.698368209956463204e+00
1.400438992772611524e+00
2.276442919720883307e+00
2.932285515090884864e+00
4.039694496448050565e+00
4.124512751704074276e+00
2.345680755654866445e+00
3.779544360135255410e+00
3.444511510475420479e+00
3.668595674046713384e+00
3.226630163408997998e+00
3.684959042140026675e+00
3.062847908077335646e+00
1.106931161745643433e+00
4.872820572713877363e-01
2.422620564394716847e-01
9.409090128779092899e-01
2.874922447890976063e+00
3.238179025470620420e+00
3.256564810826859002e+00
3.284460820300164841e+00
3.315059278498119877e+00
2.215060295504531318e+00
1.413252303792230213e+00
1.815855561134752438e+00
2.827415460869743491e+00
3.513270842367645308e+00
2.895971285967096520e+00
2.309278699380859501e-01
6.205488454924873443e-01
9.185148615253320159e-01
1.761971912126896189e+00
5.880112227003213565e-01
3.905273052141652879e-03
1.203567097438327016e+00
9.503096329030134015e-01
1.168686675414229770e+00
7.827444883043301882e-01
1.815282707384489269e+00
2.248298990198403402e+00
2.110706292811457274e+00
2.297578130566790833e+00
1.445996128692877081e+00
5.057321216548065212e-01
1.044746081494326129e+00
1.516310779699176381e+00
1.370871735244699963e+00
8.699424890734077653e-01
1.262894894357631692e+00
1.316564530295237123e+00
9.065933901286904462e-01
3.860670665895183928e-01
6.078503165359105953e-01
9.856639657189503190e-01
1.037928321551849109e+00
9.529339947665804722e-01
9.089965095834426911e-01
1.037473892079182836e+00
1.257773025007784984e+00
4.549718747076143543e-01
2.129534326662625987e-01
5.232238892050209422e-01
1.005830802539492197e+00
1.263902758256963521e+00
2.768820851480133238e-01
1.160386378948952309e-03
7.463404402513833524e-01
7.478994228432361835e-01
1.054309931111194754e+00
7.567055032339683462e-01
1.392939773651440394e+00
1.357635662714490543e+00
1.096439384260774697e+00
1.274154585495446357e+00
7.939768098581638789e-01
1.254177035386470629e-01
1.269559161211027298e+00
1.537216122618257685e+00
1.895630322423474734e+00
1.568467925251997075e+00
1.004092483107718481e+00
1.366145144684644208e+00
1.357605330635386354e+00
1.759986015358524725e+00
2.145779567078767158e+00
1.152903720203030780e+00
1.347721879467289607e+00
2.564068726517231500e+00
2.912485187589068936e+00
3.036605649685807595e+00
3.090330534265511631e+00
2.485864185434652818e+00
2.285294528124493851e+00
1.966184050042248055e+00
3.042928909803054083e+00
2.348488647160550169e+00
2.992955722727877355e+00
3.310299123462889348e+00
3.096749380468148960e+00
2.934335696115538461e+00
2.976517101132595489e+00
3.092976495848670737e+00
3.000502146213102961e+00
3.025575524934042804e+00
3.038926194675231063e+00
2.538338984275467780e+00
1.733136915947947276e+00
9.296895597025007785e-01
9.300657741960309810e-01
1.839316785395069154e+00
1.485870042563092852e+00
1.525849346588960209e+00
4.472371498092023723e-01
9.641431826572308683e-01
2.180140512566615674e-01
8.415109770916662235e-02
3.795406449749189753e-02
-2.211649498274644021e-02
1.714361313382847113e-02
-3.976507033119207335e-02
