2.743606762970390300e-01
1.318413140426793473e-01
6.075293215824514870e-02
3.075820149685724592e-01
4.044630281282340922e-01
5.941801803464877296e-02
4.575343048707877086e-02
6.540928616006316809e-02
3.368969757208856164e-01
1.178484725227579438e-01
3.850211992196402311e-01
3.402864570240120567e-01
1.894196643832952304e-02
1.097170190755485802e-01
1.588372373847176666e-01
8.482619310308961436e-02
1.525285662776881823e-01
3.454724143680542037e-01
4.383856344488175072e-01
1.122833327026395711e-01
1.254936054153349412e-01
2.080348928331954839e-01
1.368918190717905714e-01
1.288831725893763436e-01
1.038463445040577332e-01
1.125471447240595640e-01
1.400980668554940578e-01
1.318776774912543970e-01
2.348336617478672395e-01
1.570137770774832631e-01
1.619989130134481814e-01
2.612976432516389558e-01
8.707104369988637182e-02
-1.179350951287851893e-03
3.878021391471914159e-01
4.677983592495792431e-01
1.876856810676547638e-01
3.318564425895808578e-01
5.401211188808667796e-01
1.831713759042907230e-01
1.118439656880116234e-01
4.139805418642329704e-02
1.829465244554734638e-01
1.243211270655521783e-01
1.606616559597677518e-01
1.110977110614593116e-01
1.342396701019047123e-01
7.961280667049812354e-02
3.147165584633005997e-01
1.704501314074144125e-01
1.014197754906941834e-01
3.264643001191654959e-01
1.989877784741489741e-01
1.263769848862534573e-01
9.752448365168224498e-02
1.539793897797270550e-01
1.660574437421037386e-01
2.836299087481010672e-01
1.829585068275397797e-01
9.262968668488096025e-02
1.479466493757339296e-01
6.555247110641884700e-02
8.814887474542935919e-02
3.692287152594468380e-01
2.886402829710607021e-01
3.124200985862695193e-02
4.368975863906055523e-01
6.100316924991193712e-01
2.578748371238092085e-01
5.133834221261710518e-01
2.726658975399832707e-01
1.686984661869044277e-01
1.966475047577777302e-01
2.620115865100183239e-01
1.828619514199579521e-01
9.273084024745076315e-02
2.709118338198765463e-01
1.621488510223640378e-01
1.114625057236158095e-01
2.111730125351168053e-01
1.883760911723129927e-01
1.597275832704267706e-01
8.270909987269140506e-01
8.723825501709723262e-01
6.926868099389275057e-01
3.225730960241728895e-01
3.210759149387351075e-01
2.247776599893141769e-01
5.619005383853740154e-01
2.872431193336307809e-01
3.017721898538214820e-01
7.390338847001561851e-01
7.371137252892431269e-01
1.866745271436469622e-01
3.226597439900552033e-01
2.480142499371798814e-01
4.868035808078285953e-02
5.365768796378947436e-02
1.906304301822586700e-01
2.911790512129230346e-01
5.644490637740433581e-01
3.661901536181083605e-01
2.278891962684084227e-01
8.175893562120703506e-02
6.752714480921630236e-02
4.099998199161113965e-01
3.840297708788326103e-01
1.323034971580412111e-01
7.297240524260708572e-01
3.313321010255160792e-01
2.527687502434434186e-01
6.029311927346684419e-01
3.098027286712383699e-01
3.044744130115607517e-01
2.185626348423496679e-01
2.379252776144333836e-01
1.071795475577266704e-01
4.103996544969396032e-02
4.907714010626359480e-01
3.324293752001259983e-01
6.146471789756556836e-01
1.091568109466253933e+00
1.519857688704865095e-01
1.906527049121100048e-01
3.576209145473721041e-01
1.122324828775707051e+00
4.497091639685054654e-01
1.356641455165981669e-01
1.219742726576747011e-01
1.299056337992546550e-01
6.573057312712078659e-02
1.057499572983242597e-01
6.484486776411639841e-01
2.690902215167527145e-01
2.075562271113565449e-01
2.446690491773239606e-01
2.594227225919343294e-01
9.026074637994473404e-01
1.135659411172918576e+00
8.677982634381002924e-01
6.194389799823436515e-01
4.224845379630198794e-01
2.467869578414043363e-01
2.108424557018027945e-01
1.868862622309974131e-01
3.964658585173706506e-01
7.734512691958973507e-01
2.502552755266432838e-01
2.510377670697853669e-01
1.736865543663564382e-01
1.161772556963932834e-01
1.120547038093086395e-01
7.875339331720393465e-02
6.413790585829826085e-02
1.359551526933474308e-01
1.943665032382930757e-01
1.183397837883686521e-01
1.559025433608515199e-01
1.367584624582597053e-01
6.511721870753706121e-01
1.018899809585088079e+00
4.312219055584499139e-01
1.557836172324001123e-01
2.132392705548660505e-01
4.128665731690682184e-01
2.571398883223690590e-01
2.263165709433452299e-01
4.649962385445200463e-01
2.064305877631613384e-01
1.209739518112507711e-01
4.179188062649891178e-01
3.074749528820085454e-01
1.437755579370704750e-01
9.032872098401005523e-02
5.144553537297986701e-01
2.541989616426799659e-01
1.007045937634390570e-01
1.426125449838799158e-02
9.043372414941379389e-02
1.503500295804708342e-01
2.128622711047538085e-01
1.152066212567410541e-01
1.621839984184199057e-01
2.832561083659320134e-01
2.486441341175452679e-01
3.106955926447489968e-01
8.369724529049199502e-02
1.336566923127225914e-01
1.636835963433846408e-01
2.039679548327825442e-01
8.804357972753784622e-02
1.501443579074824008e-01
5.758704327191534883e-02
1.371739745345388894e-01
3.586573499303157830e-01
7.927352659819965064e-01
2.944319448516808935e-01
2.305938892540802254e-01
2.333655466343251550e-01
1.605277536029348640e-01
1.638964875001185373e-01
8.192140544035456107e-02
2.852885308445219925e-01
1.767402500610773253e-01
1.546965759789799832e-01
3.161970786082960450e-01
9.638422857237319841e-01
6.354446011654825144e-01
8.080577306891254530e-01
9.645800694205822201e-02
4.999925970752916449e-01
2.872843056869593403e-01
2.407214969999834642e-01
2.751931472090623498e-01
2.229096640638425220e-01
7.690276757300643085e-02
1.140119398571338039e+00
6.686776646221569420e-01
4.936003276682285890e-01
4.290244609596985392e-01
3.060436420366479116e-01
4.014660848044887542e-01
6.129735436451682062e-01
5.590214216079968379e-01
3.169057006924396735e-01
5.967340257814610638e-01
2.607717131579465053e-01
3.512309257727876388e-01
2.660407802728830817e-01
1.062175965322737781e-01
6.239311679179779940e-02
1.879215767170774043e-01
2.468563702933176951e-01
1.485730644346283658e-01
2.631507882490840555e-01
1.823427358086689709e-01
5.428265337143189234e-02
1.234983623440095296e-01
3.369910680679598092e-01
3.212216207375049315e-01
3.817266580155345146e-01
4.091618032559655727e-01
4.105011737313365994e-01
2.841596503656096395e-01
4.082896493915456615e-01
5.516003248852248131e-01
4.291186987446546364e-01
3.118759258703592829e-01
3.416497394982211389e-01
1.738885047619960766e-01
1.961095750776605251e-01
3.762967800495560233e-01
5.925190378569136218e-01
3.200426301214925329e-01
2.985046694466438888e-01
6.795989061113040242e-01
3.496132651609493158e-01
3.910514516556941045e-01
4.253690924834357956e-01
6.766429038971349952e-01
5.227786795302291623e-01
8.776889886185270662e-01
9.648978936673260343e-01
1.200436835453183138e+00
5.366511278946497487e-01
3.809936731422310929e-01
7.477172721074837325e-01
9.151403415548854392e-01
9.858754830054153873e-01
1.536247010361398768e+00
1.518913144134759197e+00
4.046455129119075900e-01
1.179352079353334304e+00
1.333518167632305573e+00
9.650318712367859098e-01
1.712499890935637925e+00
8.016670074401434087e-01
1.045439024029070518e+00
1.111696652807239616e+00
1.194613251755891614e+00
1.667746997394967234e+00
1.547908423385293775e+00
1.033109074725228060e+00
9.349402197642495693e-01
2.037818611508436462e+00
1.271805907446497352e+00
9.402532902908925516e-01
1.286081204879701234e+00
5.957304359691167894e-01
1.442723715668993156e+00
1.215205019660679842e+00
1.016029651228613773e+00
1.108676144834917610e+00
2.240466611967470434e-01
1.391648049310081792e+00
9.028170406057550723e-01
1.776189109772547292e+00
9.765036584253301566e-01
9.889702301628748859e-01
2.927005136780646555e-01
-1.886555067478237202e-01
1.186883795789811069e+00
1.106819007071496941e+00
7.073915043226788324e-01
1.898082537539877990e-01
1.740513695746455924e-01
-9.658186005020656661e-02
6.074528647558548045e-01
1.879697664366186238e+00
3.371572252005230474e-01
9.906889232271314238e-01
4.405610666671885833e-01
-5.230580547255673368e-02
6.084094739751253478e-01
-8.615084440570628874e-03
7.836554492531369043e-01
6.857241708809722613e-01
6.906983215909965473e-03
5.648966539763986550e-01
8.150380231975132839e-01
4.355884213960461993e-01
1.267299522353492192e+00
1.132202788917680891e+00
1.298863870207281002e+00
1.085661631511264380e+00
5.095972543280804512e-01
5.684691663153945695e-01
5.969331718975872114e-01
1.467954251523841958e-01
1.734424218775650894e+00
7.830904891000921575e-01
-2.817825714700502027e-01
2.217610804182554851e+00
7.298215015271740658e-01
1.670482346077590829e-01
9.406473061732684160e-01
9.384678438175619863e-01
1.278776083709706191e+00
1.627285633725599867e+00
1.072541030516821037e+00
9.653441130828505079e-01
2.043171259987061616e-02
1.283843927858736800e+00
1.218588581795495784e+00
1.775728133988041302e+00
8.004937121048181226e-01
1.199516690605366698e+00
7.980999735660178063e-01
-1.638537478463635566e-01
1.141181229522798102e+00
2.442586989433669586e+00
1.771262263979487495e+00
9.069038613896873713e-01
5.223503956448671826e-01
1.226787208347581259e+00
2.825952284703624473e-01
2.896746819531006434e-01
9.008117274751221704e-01
7.420909650750402431e-01
7.874002047074510902e-01
5.442435659003225235e-01
2.577186230898226849e-01
