2.743564644052766677e-01
1.170789007652398156e-01
6.074832814906144796e-02
3.096493953702991186e-01
3.990967326589804909e-01
5.941392631006840036e-02
7.385209309772282973e-09
-7.107097914600134183e-09
3.368927471508217364e-01
1.200672382411133443e-01
3.951819965714657434e-01
3.451085773239765397e-01
2.041855329594151683e-02
7.720056943598926913e-02
1.059202286235986917e-01
5.741790822732785460e-02
1.323417458654424783e-01
3.411551756794607981e-01
4.534519203445429025e-01
9.806538462014033342e-02
4.517938048542778640e-02
1.753378772348976322e-01
1.149441019077073606e-01
1.352640450274327222e-01
8.479671147759580696e-02
3.803040423459063871e-08
1.197124593963295458e-01
1.015747024651795921e-01
2.293686906538877357e-01
1.453018694651747600e-01
1.023171478213200786e-01
2.634164056215967942e-01
5.904011488508533989e-10
1.504125984613972239e-09
3.718690519448439313e-01
4.610508474823416525e-01
1.827229398524065906e-01
3.377134349907563449e-01
4.376354133435011451e-01
1.352916649174937813e-01
3.993225030108526336e-02
3.290037389305303467e-08
1.411708198206612919e-01
7.389334795368235342e-02
1.121643697291864333e-01
6.756244829913558847e-02
1.021966871481380795e-01
1.134738577799968285e-10
2.559987495431689242e-01
1.217337410042614032e-01
6.154111680735794426e-02
2.347885661821300651e-01
1.516404319040254300e-01
5.562612911029787138e-02
3.761831661077837119e-02
1.437834279542040128e-01
1.046469402191398251e-01
1.534753302184305723e-01
8.341864984430527596e-02
8.969536774327135920e-02
1.036002140641962138e-01
3.908871065272621209e-02
8.817988918269099863e-02
3.213023423912193532e-01
2.663183801077144142e-01
4.705356527894573315e-02
4.071257881487346242e-01
5.008692529894764878e-01
2.859603143169959782e-01
4.612553342755628116e-01
1.957052235987757072e-01
1.359612030970166474e-01
1.948250645502869749e-01
2.039374664476725774e-01
7.180023176688937747e-02
4.573255337416555488e-02
2.482346870018734553e-01
1.604464877266610634e-01
1.237752023326838535e-01
1.687290222752421687e-01
1.265391803027900997e-01
1.217246094204065820e-01
7.960134790158521767e-01
8.724338952978981654e-01
5.966517257828881649e-01
2.771187642544099550e-01
2.983280023843176698e-01
1.393489267307386203e-01
5.619382436394770863e-01
2.970988595751291039e-01
3.528708929946984818e-01
6.887362294776604443e-01
4.203346516551322853e-01
7.065296492159137132e-02
2.096433351919644306e-01
2.665859695589723466e-01
6.251120135552865705e-09
5.365463411730039822e-02
1.149442471030492907e-01
2.808151728642442335e-01
4.404742103183195701e-01
3.478508244271280581e-01
1.393993816545645026e-01
5.064994875658139495e-02
3.318633044597848655e-08
2.293606573007555827e-01
1.529927107479306658e-01
1.239718453390131064e-01
6.760476183102158698e-01
2.830142561322626649e-01
3.248188799223632461e-01
6.029819612482206770e-01
2.079604110848320142e-01
2.011564254799042550e-01
7.745577407073375720e-02
9.099106417610965114e-02
6.283104919281025380e-02
2.219469386089680668e-02
4.168225569418912424e-01
2.653189304434727114e-01
3.320956191140520541e-01
1.033435246476927860e+00
2.241133016605639239e-01
1.082885461743033489e-01
1.347737204020173774e-01
1.122374666022470491e+00
3.918476914117294818e-01
7.985664698632971570e-02
9.548831493907657120e-02
2.983085078225259147e-08
2.554225559054710062e-02
3.068556789486667769e-02
5.595344294955955089e-01
1.732317371236513359e-01
1.188867341599942340e-01
7.039792215209493553e-02
5.741734409549191509e-02
5.713104961994627251e-01
1.121224106899294970e+00
8.874425091915653097e-01
5.634706167043582736e-01
2.912307665301378523e-01
4.872166808423555179e-02
1.762287277143642084e-01
4.172747799580884404e-02
3.965011797014726946e-01
7.801452093537966093e-01
1.531515831548414253e-01
1.297775214790866383e-01
1.206803059095417630e-01
1.430975971355156473e-01
5.564507383693249876e-02
1.412521154369612623e-07
1.937272893082678249e-02
1.360751276493599449e-01
1.062306229318385059e-01
1.059813860458994894e-01
8.776129774073113121e-02
2.675724251032651421e-02
6.755693999671473771e-01
1.018951083100097410e+00
4.016553683492007920e-01
1.344466545887031406e-01
7.560498653460244467e-02
2.310175425411602756e-01
1.701595863542287868e-01
2.206841273957969585e-01
4.650255045042510083e-01
1.672370644783937599e-01
1.530776206152208718e-01
3.862758521863643990e-01
2.824557151858581583e-01
1.128518687504674184e-01
1.039631832805837097e-01
5.193814522712728587e-01
2.370224368521475500e-01
1.114657511016828029e-01
8.963417718581198623e-02
9.906677899429741641e-02
1.060952882624785071e-01
2.128991660257023577e-01
9.680788645615118204e-02
2.096958943455385915e-01
1.267902532050387554e-01
3.145907775177952392e-01
2.904729961033286623e-01
8.793437114114911746e-02
1.337046330624428181e-01
1.451394278898189838e-01
1.933873213331895602e-01
8.804052149532920479e-02
1.313132610272634282e-01
4.583143850732440683e-02
9.919727758095575519e-08
3.586733219882394796e-01
7.927728713486332790e-01
2.816736756004673548e-01
1.208841740828521943e-01
1.518165245752215731e-01
9.982742105739367267e-02
7.827302643533581850e-02
5.474490022575801557e-02
2.858334586405644195e-01
1.764873000446537943e-01
1.599386965813755779e-01
1.035977698749325146e-02
8.937778567009013742e-01
6.060735141370986456e-01
8.218480234592393519e-01
1.261028183584294859e-01
4.326975582436783374e-01
2.177248524973456334e-01
2.630885871307739321e-01
1.671408695526915844e-01
1.137608884909426382e-01
2.670207974706502452e-02
1.126461416552024364e+00
5.628732139227912157e-01
3.557987250953577041e-01
2.582178898777517939e-01
2.835088097479211977e-01
3.596855219253020652e-01
6.743121711224531190e-01
5.564360255780715914e-01
2.312798719621681487e-01
5.909696334833626219e-01
1.816525061907393879e-01
3.860696299110424334e-01
1.948739046067808067e-01
4.705869836637441989e-02
3.334928909741705777e-02
1.633110566928561991e-01
1.789767772240781207e-01
1.073359848480041762e-01
2.465636017380491429e-01
1.515392496184862492e-01
3.765533599937660042e-02
4.741139153162653164e-02
3.053993185320194037e-01
2.434387736768264532e-01
2.738148342668232371e-01
3.086665249503462438e-01
3.728154453474724628e-01
1.421394032878305069e-01
4.656529416595651116e-01
4.721047400919791692e-01
3.141102534309357375e-01
2.092349646755599923e-01
3.333261970754515247e-01
1.878968832919815923e-01
1.285574007337725588e-01
4.634430280414756909e-01
5.138370696026870466e-01
3.422595147617991662e-01
3.335458198467323720e-01
4.727367652545519938e-01
3.258198500755447036e-01
3.160065705465414099e-01
5.291343663002553432e-01
6.425359030127519855e-01
3.664996248656272604e-01
7.487194226205514669e-01
9.510897575139887206e-01
1.206249953190717372e+00
5.561966550260905029e-01
3.700466710423041539e-01
4.849702797358225181e-01
7.665404066167427199e-01
7.238007572987240623e-01
1.472382010076486392e+00
1.429277780075481674e+00
3.326299842581414423e-01
1.197773924636419407e+00
1.218821274027126256e+00
9.003307789781362924e-01
1.660201675169464375e+00
7.534327817216956991e-01
9.080059837063587658e-01
1.111726346352175820e+00
1.068054155158690621e+00
1.414775918156646162e+00
1.375327441579505816e+00
9.550742366079328916e-01
7.967310505865063952e-01
1.729359225450458171e+00
1.052156469318418885e+00
8.471169236332640740e-01
1.232348645857962000e+00
9.155299046502929361e-01
1.128535498072226639e+00
1.061502356059042640e+00
8.367805884698878982e-01
1.371200954780692927e+00
2.201693996808213039e-01
1.319821206767306521e+00
7.660397810011815301e-01
1.410244154438454967e+00
6.269643917702514280e-01
8.887191736412209941e-01
2.973331634171604843e-01
7.641797118759546109e-09
1.162122284380456616e+00
1.106814404376813332e+00
7.361641382158986557e-01
2.452041949590811343e-01
3.295973816626751041e-01
-2.606364449305675901e-02
7.118997494524432756e-01
1.884315316643923932e+00
1.472817496707517493e-01
1.029952165904821415e+00
3.738355354868753699e-01
1.070933471977515705e-01
7.769319617858301275e-01
7.425260802315741815e-02
8.070853363284914428e-01
7.870200740500501446e-01
1.395206996703437508e-01
6.071743780696440274e-01
9.006402259899284335e-01
2.757057335905958584e-01
1.267295447605294889e+00
1.083155310030907259e+00
1.298859524452642189e+00
1.148642563811727468e+00
5.800882708559131906e-01
5.732417459175784824e-01
5.969294243976566161e-01
1.467909447580917903e-01
1.967295505498736885e+00
1.005761147914718823e+00
-2.246182057123256304e-01
2.341625753295795587e+00
8.373953891755969714e-01
1.852067141400071948e-01
1.110269555886902904e+00
9.384633080507360781e-01
1.295619485345088195e+00
1.627281463580665610e+00
1.086739105943885564e+00
9.653395370648389928e-01
2.327710439501287365e-01
1.283839517505253047e+00
1.404404947233520273e+00
1.752757415947346464e+00
1.024487187837567426e+00
1.228558945830656723e+00
7.980956638226118782e-01
-1.238766881075605425e-01
1.141177122637675012e+00
2.442583000473701471e+00
1.924827294702352809e+00
1.029327903580559811e+00
3.262047339677828228e-01
1.226783534282088750e+00
1.735488325522180908e-01
2.469017692737733860e-01
9.576646919294841132e-01
7.615902310698839939e-01
7.885442638571049656e-01
4.822380376937754093e-10
5.907546553739828380e-08
