7.335347379254870681e-01
0.000000000000000000e+00
1.141547294848348493e+00
5.027687634116524418e-01
-3.140660288664283179e-08
1.111708400587510859e+00
1.014786398122429878e+00
1.183225866480666633e-01
1.405493402912015632e+00
7.506402708073238728e-01
4.730569749381531852e-01
6.244153991491763200e-01
3.005062182786409908e-01
1.053032579191271578e+00
3.331304414548525578e-02
0.000000000000000000e+00
1.981005882501015503e+00
4.934098108236034119e-01
4.094296034907859982e-01
8.206213722593180826e-01
6.432174779143478016e-01
6.434470259069230424e-01
6.849473876470187073e-02
8.746763142114470924e-01
1.256719296799360119e+00
4.151272847918814901e-01
-1.162747943684709455e-02
1.254377545207820521e+00
0.000000000000000000e+00
1.327582394424614343e+00
1.090742268043344065e+00
2.581578332114574104e-01
2.160090030553989848e+00
2.656714731538523666e-01
1.884980026297164990e-01
4.391349214648535559e-01
9.548535939897104807e-01
1.307008321953478713e+00
2.713254833814890410e-01
9.328264580870077038e-01
1.182708713497437475e-01
2.605412964388129637e-01
8.346666749800686161e-10
6.596435230729402743e-02
1.332243594105898543e+00
8.174689044200701415e-01
1.541985118267071020e-01
7.408374973961799892e-01
5.983456717702803074e-01
9.047371751312348609e-01
1.262810607224546553e-10
1.044185342290295804e+00
8.036065397475480321e-01
9.883447364860702411e-01
4.994463127302127088e-08
5.291776934972585167e-01
5.903391127010386707e-01
3.533746445010275128e-01
6.542400846959096627e-01
1.327358608222117153e+00
5.406779748537211550e-01
2.114885149661930586e-01
7.762956542270499360e-02
1.051162596599318350e-01
7.273524425126122461e-02
7.329044054106557127e-01
2.047619593116328574e+00
1.350606413828133068e+00
9.462656191376401793e-01
1.143128570355245621e+00
1.418469536551108634e+00
1.426463800037492957e+00
1.158483279385070785e+00
6.966413399005723095e-01
1.203878898985032975e-01
1.350256144291855920e+00
9.654484669268757757e-02
4.679905906285142247e-01
1.210626142225585511e+00
1.387922358274664925e+00
5.107578695391974399e-01
6.572554430469986775e-01
6.333656583803476403e-01
6.082044800347525815e-01
1.415247234879265292e+00
1.117641648811488864e+00
7.534929672574099957e-01
3.886622152488548587e-01
2.726928022980608657e-01
1.114817676444588972e-08
5.309812431856573145e-01
6.719908176317203052e-01
2.009899181555610671e-09
1.117071623364141314e-01
2.096562435432481664e+00
8.355717276058874863e-08
3.596560939358743498e-08
2.089928225361962433e+00
4.590389256157541009e-01
2.141833548098663886e+00
6.564001583847901555e-01
5.279666825252495865e-01
6.880050114577632714e-01
1.024619975106966538e-06
7.439467352072873241e-02
1.055350716730797389e+00
1.539943734902822658e+00
1.375573196797830855e+00
4.897693476047743077e-02
2.652762289824160957e-01
2.135895399650672754e-09
2.061212858839262807e-01
1.344715194124322721e+00
1.272897448106451890e+00
3.477260804041271691e-01
2.527691789676250744e-01
1.516135834153151396e-01
1.263139442792701461e-01
7.411978786923249796e-02
1.511294944502865056e-01
4.386982150152665683e-01
2.799779291802771408e-01
1.169419629039617631e-01
1.871740051045421294e-01
2.994746758321671296e-02
6.599847095349069270e-02
2.375881345647074677e-02
1.090217157675845261e+00
3.638321294557891883e-01
9.954538306803812908e-01
1.584092312528213586e+00
1.130947874406010190e+00
1.534639251285839112e+00
1.713488688033806273e+00
1.598116550179721651e+00
4.289196363040808646e-01
3.872356894601446942e-01
2.542209935746609362e-01
2.610803389530112484e-01
9.210792064562631221e-02
1.953296020712200320e+00
7.783692908552288792e-01
1.023737026160022323e-02
8.695848766723333068e-01
6.073401733198664776e-02
1.474787348655513197e+00
6.744499501699976474e-01
1.556018238159812661e+00
4.900304254598976117e-01
1.784492669145284482e-01
8.325842027397219181e-02
6.435576397700046303e-02
3.472192347429994275e-01
9.885461976356728353e-02
5.561503858487776286e-01
3.314958762957287419e-01
1.897769026389386715e+00
3.576305544083635546e-01
7.536471975297945325e-02
1.378079668057119749e-08
1.636447171628606367e-01
1.472050368882498628e+00
1.735008901727303154e+00
8.774269754580286129e-01
7.270489009180971518e-01
6.563632032060612298e-01
1.146156440122723552e+00
9.745050918305713239e-01
2.017331075716207511e+00
1.713345660280192417e+00
1.119728297647316628e+00
1.764096465200400310e+00
1.084816419443775271e+00
1.136710248024149772e+00
7.334197009711023174e-01
8.868155076782601176e-01
1.972894984495572102e+00
9.003505888092189213e-01
1.589915179205557472e+00
6.741084435556570220e-01
1.161183652150629353e+00
2.106069834988236189e-01
2.277048329951821160e+00
2.250732101811471431e+00
1.735440348561216650e+00
8.981502952908146931e-01
1.172382723145954264e+00
-6.519234086032624220e-02
1.865399001253263078e+00
5.200514386290182589e-01
3.198602012761098123e+00
9.376936119257029967e-01
1.423096776600136781e+00
1.379736946791499275e+00
9.780245042927458998e-01
1.686076195352217866e+00
2.856835239227374146e+00
3.081074816146064155e+00
2.951959314003522294e+00
1.523278696168607560e+00
2.212950816738845639e+00
1.203470257475752758e+00
1.297028015546376700e+00
1.133308623433635587e+00
3.081708948600994535e+00
1.009538483560722177e+00
2.172649694643851159e+00
8.531302978984373064e-01
8.520453561159448963e-01
6.424575650273278704e-01
1.179915064658973556e+00
1.572179751355675448e+00
8.582502085348920895e-01
2.135805543386273264e+00
2.500762563289907536e+00
1.013257904737017823e+00
5.263269029886834538e-01
1.900055846970481133e+00
2.858343452232148696e+00
1.260494523500526265e+00
1.477897968926781269e+00
1.063489483793543799e+00
1.440779867067180309e+00
1.001201248007854483e+00
1.859210885166270311e+00
2.902653740207145283e+00
5.861540172431953799e-01
1.351539191398532846e+00
9.555614460713034441e-01
1.847777848038019144e-01
1.659238772021378039e-01
1.441721948143426246e-01
4.098861754946106828e+00
3.732552997207639889e-01
1.118768463209198316e+00
9.846292480234680733e-01
1.181682327987502168e+00
5.444621916163094877e-01
7.132405092262389390e-01
5.390360345686154631e+00
2.429361919512776247e+00
1.048798271659242998e+00
1.150584046900873014e+00
1.128826529235551268e+00
1.981462517987573335e+00
3.420447908248709368e+00
3.605353776554361733e+00
3.304144071612284073e+00
2.670483124573684641e+00
1.250601043729362427e+00
1.576365271836765169e-01
1.625010689193719937e+00
4.176092368120071785e-01
1.175769807257376565e+00
9.890757724402906570e-01
1.509768675464917331e+00
1.379499680246240700e+00
6.780634534339663455e-01
2.205735365016267657e+00
8.395847100229082427e-01
1.271542514833564397e+00
2.818010015142459856e+00
1.551281419028386788e+00
9.572855575854541943e-01
1.322686242266973622e+00
6.776224625183606687e-01
1.704123311527031837e-01
1.029426066140613827e+00
2.060722538905029655e+00
1.801488613423905871e+00
2.097705210482195604e+00
1.158664244905258212e+00
4.002418103365160684e-01
6.770526463241588466e-01
1.952965332088635542e+00
2.701814365154247000e+00
1.995871444884580459e+00
3.102434940372619317e-08
2.683822459642617453e+00
4.434801188950895923e-02
9.588785273781187390e-01
8.570425411543669547e-01
3.625047270016494849e-01
1.895369530531962443e+00
6.044300770784390986e-01
4.843227399023186108e-01
7.853929623228272927e-01
-3.772573055010581805e-10
1.254785380989737131e+00
8.039461450105210849e-01
7.290602373846303275e-01
4.250949127080789758e-01
4.785780075609055167e-09
5.076776524640385091e-01
1.208852320901374442e-11
0.000000000000000000e+00
2.352931781705185632e-01
8.955474534757114080e-01
3.132065738670580515e-09
-9.448989779500571416e-10
3.984215263332917950e-02
1.105170772120476815e-08
1.176991918103790642e-08
2.216471161634797180e-08
4.678006057459269135e-09
9.056768424496491887e-01
1.931264221768725634e-08
1.055798917870657938e+00
0.000000000000000000e+00
1.028723425508695393e-09
1.331529459905855806e+00
-1.163029565112375682e-09
8.039970451246985235e-07
5.272854455316609013e-01
9.823746898680344453e-01
3.559456471416340140e-01
0.000000000000000000e+00
6.816430078963637840e-01
6.203776080998820719e-01
9.157103447873903290e-01
1.406706926793654056e+00
5.182796628646166859e-01
8.602537674034557158e-01
1.471070116663236215e-08
1.310354114327077157e+00
1.373469401431556047e+00
7.585642050878241838e-01
1.402947613620428857e+00
1.129259567076980053e+00
3.511349397479374690e-01
7.115724157157210846e-10
2.190072960167957383e+00
1.583329079144930152e+00
1.445155815901744578e+00
1.116794134546797768e+00
5.226479270206855210e-01
3.203118092651314197e-01
2.091371625374711662e-01
1.867080324343958875e+00
1.103944110975330517e+00
1.035787688475501289e+00
1.213447783217368903e+00
9.564634681670207694e-01
6.574076901910450577e-01
8.144251576881322841e-02
2.055851827262155318e+00
2.090778183580867200e+00
2.102320475111558284e+00
1.409479078003648800e+00
1.558342657568019485e+00
-8.937023492452598333e-03
6.729299111055278559e-02
1.298897498251851523e+00
1.122276892816004512e+00
3.508885259895173636e-01
4.946501424961314286e-01
3.795265536824083408e-01
8.064091739456716867e-01
-7.356492309963387590e-10
0.000000000000000000e+00
1.352981914994416668e+00
1.752267714891713625e-09
2.209493498493396435e-01
0.000000000000000000e+00
2.939477019440970873e-12
