2.743606476169759834e-01
1.170830325110614606e-01
6.075279891231592094e-02
3.096534665589178448e-01
3.991006723041511384e-01
5.941800510441740818e-02
7.395863620009556142e-09
-7.127678216879236839e-09
3.368970027185035354e-01
1.200713093286894378e-01
3.951861869404900696e-01
3.451125695881980815e-01
2.042073183339107936e-02
7.720331677942343651e-02
1.059222896288890825e-01
5.742136099173785618e-02
1.323458312564011197e-01
3.411594530822875115e-01
4.534559944953920896e-01
9.806952216609930717e-02
4.518066594337630248e-02
1.753421570572518962e-01
1.149480974646257397e-01
1.352680245678208049e-01
8.480087929587487583e-02
3.804099037498867206e-08
1.197158568812055623e-01
1.015787702371698104e-01
2.293731974059032841e-01
1.453066812023982302e-01
1.023193841596625464e-01
2.634202083371078307e-01
5.850623863932119505e-10
1.506294182946795968e-09
3.718726616565230514e-01
4.610552206621478799e-01
1.827275480351055470e-01
3.377170192355887779e-01
4.376393529248518433e-01
1.352957181303856837e-01
3.993469358870035263e-02
3.288599515168881999e-08
1.411748844195064023e-01
7.389556391324306195e-02
1.121677677037110216e-01
6.756484643275878499e-02
1.022007284349707584e-01
1.132584404310601373e-10
2.560029074872560151e-01
1.217378255350639038e-01
6.154445351771301032e-02
2.347918774851634194e-01
1.516442121373805796e-01
5.562832385218371978e-02
3.762046478352384232e-02
1.437470840978949116e-01
1.046509723810933462e-01
1.534794475184187157e-01
8.342068485869490180e-02
8.969901554751645578e-02
1.036037343545273687e-01
3.904820332386514659e-02
8.814888681190934105e-02
3.213058613505367367e-01
2.663224001034159016e-01
4.705594374231663463e-02
4.071284421897753969e-01
5.008499381529143424e-01
2.859470539950745294e-01
4.612475675875290504e-01
1.957098016928881801e-01
1.359654660536356030e-01
1.948290521378858997e-01
2.039416082939373154e-01
7.180399750701228767e-02
4.572540353636979360e-02
2.482306631670029573e-01
1.604505200718111257e-01
1.237786815125134915e-01
1.687332246350748688e-01
1.265434115730093567e-01
1.216990828225239518e-01
7.959784678717203299e-01
8.723824789841804206e-01
5.966204746988011953e-01
2.770942544864447576e-01
2.982822366355709631e-01
1.393123815723803782e-01
5.619004659267455848e-01
2.970765571147805373e-01
3.528238748539363479e-01
6.887147228517382924e-01
4.203390916324583615e-01
7.065122863828930677e-02
2.096473347168541501e-01
2.665861157140126392e-01
6.248485007888334972e-09
5.365769236064821951e-02
1.149480753133794303e-01
2.807908614672838810e-01
4.404492663192121071e-01
3.478134353726744510e-01
1.394035324504148132e-01
5.064551923542519318e-02
3.322141526406120453e-08
2.293647801423576160e-01
1.529970672485486682e-01
1.239354320972011897e-01
6.760041675836284680e-01
2.829617460288886832e-01
3.247665661046956198e-01
6.029311393316647560e-01
2.079286525500922689e-01
2.011355998079675245e-01
7.745907451182718062e-02
9.099489931054347003e-02
6.283480758981296876e-02
2.219137222205812623e-02
4.167984542513354929e-01
2.652969735982156352e-01
3.320694714726089569e-01
1.033388061071059294e+00
2.241149889870482914e-01
1.082579036863351163e-01
1.347566651135455595e-01
1.122324835676142607e+00
3.918432709248542145e-01
7.986081789320163826e-02
9.549297593850268606e-02
2.977063764491377577e-08
2.554550321422797629e-02
3.068781748347988378e-02
5.595210195404892728e-01
1.732353991522541659e-01
1.188905450194961411e-01
7.040046391888764299e-02
5.740471121312296782e-02
5.713029746221619520e-01
1.121170862226127163e+00
8.874042104508111928e-01
5.634561071979403701e-01
2.911993022952210630e-01
4.872325348569817721e-02
1.762331143566242542e-01
4.173116858620292552e-02
3.964658570130841220e-01
7.800961569293187736e-01
1.531089956242987216e-01
1.297349624555580450e-01
1.206430562897342906e-01
1.430588234737360243e-01
5.564834260372588520e-02
1.413022989630913364e-07
1.937427208656834765e-02
1.360791098080423589e-01
1.062329905727721485e-01
1.059842182291158424e-01
8.776378000587131689e-02
2.674720738786120697e-02
6.755396416411513227e-01
1.018899697184451947e+00
4.016072597031331570e-01
1.344384434039544718e-01
7.560625757016341264e-02
2.310217257625993836e-01
1.701484554124649551e-01
2.206379126015057535e-01
4.649962820951504261e-01
1.672405706211403109e-01
1.530814367194316961e-01
3.862794193432853573e-01
2.824596714726309576e-01
1.128565908423363184e-01
1.039292501486429460e-01
5.193478392365374896e-01
2.370266555678559872e-01
1.114696977476280076e-01
8.963764062839227331e-02
9.907040265237955501e-02
1.060985809565910543e-01
2.128624126956483176e-01
9.680171117209843135e-02
2.096993259012065181e-01
1.267941729964151276e-01
3.145950027866776244e-01
2.904774575328298303e-01
8.793878355737561048e-02
1.336567198620136898e-01
1.451101678917271764e-01
1.933913547069190109e-01
8.804357395655851293e-02
1.313167931553066714e-01
4.583496849106968168e-02
1.002733916281944311e-07
3.586567957636034865e-01
7.927353218073808216e-01
2.816774124311133276e-01
1.208832778401082025e-01
1.518202865670078283e-01
9.983140267609394436e-02
7.827662561988815715e-02
5.471906268878903162e-02
2.858305368399666757e-01
1.764920114375052029e-01
1.599426681598213884e-01
1.036119920255776719e-02
8.937353353439109194e-01
6.060343162846999476e-01
8.218104470979228360e-01
1.260788882468209804e-01
4.327022272339761111e-01
2.177288478668470695e-01
2.630927648328399981e-01
1.671446770504393387e-01
1.137334089433310880e-01
2.670256572639941040e-02
1.126446860011210305e+00
5.628592809890784476e-01
3.558032934090706867e-01
2.582223317291493236e-01
2.835125913186876123e-01
3.596598467597522109e-01
6.742792497498958371e-01
5.564025968596894023e-01
2.312682707589772957e-01
5.909539189444713569e-01
1.816567466564256161e-01
3.860739446285291199e-01
1.948788297174764983e-01
4.704997618436520396e-02
3.335073477678444920e-02
1.633158339457953523e-01
1.789813328476335952e-01
1.072960391537411823e-01
2.465680041719808813e-01
1.515431703905788519e-01
3.765840094829319556e-02
4.741267252284480510e-02
3.054035646672031423e-01
2.434434561564849664e-01
2.738188413126752541e-01
3.086714111865322963e-01
3.727912441997067727e-01
1.421421359322966038e-01
4.656173458042020541e-01
4.721088917347996960e-01
3.141140350154336125e-01
2.092389793658044617e-01
3.333183249410504589e-01
1.879007619556296860e-01
1.285614923621984096e-01
4.634174814994196923e-01
5.138414998357280217e-01
3.422632151350233354e-01
3.335501374997987822e-01
4.727410689022339962e-01
3.258243564299859174e-01
3.160001300491279141e-01
5.291387958414159876e-01
6.425402841376974816e-01
3.665045588746339011e-01
7.487237607423794516e-01
9.510599152226385522e-01
1.206207373121856330e+00
5.561734044015747003e-01
3.700514743757353786e-01
4.849748848972861293e-01
7.665449710820706475e-01
7.238047014601575180e-01
1.472366440517572483e+00
1.429257254565249102e+00
3.326252570317087542e-01
1.197767852910852859e+00
1.218825428950176537e+00
9.003348364682886018e-01
1.660205783309584904e+00
7.534369954931671165e-01
9.080051757540855695e-01
1.111696597561327104e+00
1.068030516824084009e+00
1.414758081581662275e+00
1.375329727576695804e+00
9.550690250787413627e-01
7.967350582223956534e-01
1.729358487914472331e+00
1.052149453560125458e+00
8.471039292068677229e-01
1.232333032321610622e+00
9.155340466226247198e-01
1.128536178942076917e+00
1.061490430946229635e+00
8.367642551124926387e-01
1.371205590760764759e+00
2.201661284906025196e-01
1.319825297621932014e+00
7.660445493787936266e-01
1.410242200896263842e+00
6.269687489117283796e-01
8.887181565583435194e-01
2.973389980710582914e-01
7.635499400552494367e-09
1.162126275598466929e+00
1.106818964086864643e+00
7.361682792550882093e-01
2.452082889333997151e-01
3.296013418923414706e-01
-2.606144377249247635e-02
7.119036508944370789e-01
1.884319475246145181e+00
1.472853244627529978e-01
1.029956502403220897e+00
3.738392048827682279e-01
1.070970738042506393e-01
7.769357365512183922e-01
7.425414778625225032e-02
8.070898007866680324e-01
7.870240053208211739e-01
1.395243438303412908e-01
6.071784019727980430e-01
9.006439589989232442e-01
2.757098782833339312e-01
1.267299501211185397e+00
1.083158965128232953e+00
1.298863849596764375e+00
1.148647332262516807e+00
5.800923257252221799e-01
5.732460828793938257e-01
5.969331611881444344e-01
1.467949138387816266e-01
1.967299738698264244e+00
1.005765240323758913e+00
-2.246136741583986407e-01
2.341629513468117540e+00
8.373993847912715172e-01
1.852117213486827174e-01
1.110273178912495773e+00
9.384678406225481773e-01
1.295623962378316563e+00
1.627285639013085206e+00
1.086743340412500647e+00
9.653434498831885424e-01
2.327748540094360663e-01
1.283843581417838164e+00
1.404408829607784792e+00
1.752761923447496262e+00
1.024490246746456945e+00
1.228562958115429593e+00
7.980998853443846963e-01
-1.238722344291405125e-01
1.141181267671326660e+00
2.442586978451856350e+00
1.924831906139368831e+00
1.029332062945548465e+00
3.262090209933473095e-01
1.226787144821705589e+00
1.735529999925460864e-01
2.469057093300038586e-01
9.576685725694121798e-01
7.615940417418013419e-01
7.885481394619249240e-01
4.824995038641815567e-10
5.908755944585581070e-08
