7.335303786982537710e-01
0.000000000000000000e+00
1.141542903109720841e+00
5.027650340522621386e-01
-3.139156171233868431e-08
1.111704279738343182e+00
1.014782637099594265e+00
1.183186991428813589e-01
1.405489813889226447e+00
7.506365571116826452e-01
4.730529916973050808e-01
6.244114033638449301e-01
3.005026534778750813e-01
1.053028782237291017e+00
3.330873942986633390e-02
0.000000000000000000e+00
1.981001991391782235e+00
4.934058444766938889e-01
4.094261847871052962e-01
8.206173365720290658e-01
6.432135376667329485e-01
6.434433968239486878e-01
6.849104653185060509e-02
8.746722162986940718e-01
1.256715521167526273e+00
4.151232135552389013e-01
-1.163138996427914851e-02
1.254373822725759036e+00
0.000000000000000000e+00
1.327577922686534739e+00
1.090738321463311289e+00
2.581552630284514871e-01
2.160086481236587641e+00
2.656674010776923778e-01
1.884968027197776175e-01
4.391306440164142733e-01
9.548490013353297945e-01
1.307003560468112280e+00
2.713209950266484705e-01
9.328221358836823462e-01
1.182671830209611613e-01
2.605375729641115634e-01
8.344007904690461870e-10
6.597503077622700329e-02
1.332239838946444044e+00
8.174653823212857384e-01
1.541970082307639600e-01
7.408335619845309861e-01
5.983421642564147325e-01
9.047511390074142179e-01
1.263704711884191220e-10
1.044180907911774092e+00
8.036022423155293470e-01
9.883410750829555447e-01
4.994011880986214423e-08
5.291734321553018816e-01
5.903354820343031939e-01
3.533876247840916363e-01
6.542355463891985634e-01
1.327354849987238961e+00
5.406740335882231907e-01
2.114981044431273327e-01
7.762532724353171654e-02
1.051421642549291297e-01
7.273103287414080242e-02
7.329171740041441341e-01
2.047634183108214323e+00
1.350632874316888055e+00
9.463011121704164585e-01
1.143184573763949219e+00
1.418465971088364697e+00
1.426500607056642833e+00
1.158479375347603257e+00
6.966379418485698638e-01
1.203853616946559540e-01
1.350252376968240409e+00
9.654373947972448577e-02
4.680043606649510468e-01
1.210680949056714084e+00
1.387917966274107240e+00
5.107538831935456436e-01
6.572912835062659775e-01
6.334015125620133801e-01
6.082407384871081346e-01
1.415305208897168709e+00
1.117698723758803858e+00
7.535278895134609467e-01
3.886572662603854922e-01
2.726902017307329951e-01
1.114634334317508210e-08
5.309774523093415688e-01
6.719870120086423038e-01
2.010349787143406497e-09
1.117220184981287529e-01
2.096557817680572366e+00
8.356779268906738814e-08
3.595756243853405291e-08
2.089924268631847326e+00
4.590693314769643818e-01
2.141889849115623079e+00
6.564099895247564875e-01
5.279999767237643082e-01
6.880121978127141658e-01
1.026465764123317772e-06
7.442046569530486044e-02
1.055387605592013722e+00
1.539999471583156643e+00
1.375633751099642588e+00
4.899812653001021229e-02
2.653119260401150536e-01
2.138087201639271324e-09
2.061304741889873893e-01
1.344752838209264612e+00
1.272914580734344048e+00
3.477215360301270652e-01
2.527647844688251655e-01
1.516286109418639727e-01
1.263477493336015445e-01
7.415051179394709091e-02
1.511436331445731862e-01
4.387305346023138708e-01
2.799939461586564149e-01
1.169609767326298677e-01
1.871953962413032968e-01
2.994719556131882413e-02
6.600631096215772708e-02
2.378170262191877521e-02
1.090260721440551528e+00
3.638785765915801274e-01
9.954939916758233087e-01
1.584141726910797576e+00
1.130990832222121378e+00
1.534676286783065224e+00
1.713545598521396318e+00
1.598167833527064818e+00
4.289566268290371798e-01
3.872450179467151199e-01
2.542508821334354963e-01
2.610977367383590653e-01
9.210668281706306526e-02
1.953342989822246967e+00
7.784074860615569635e-01
1.024801654117606792e-02
8.695804888785783060e-01
6.074240142326899766e-02
1.474822124743489615e+00
6.744781150688299309e-01
1.556050970685951551e+00
4.900638161215214450e-01
1.784493391853432254e-01
8.327206398423660227e-02
6.436619640062996028e-02
3.472434687029228861e-01
9.885915007143156186e-02
5.561823502293924415e-01
3.315155853268522135e-01
1.897800719510515322e+00
3.576258030462905468e-01
7.537564309904909443e-02
1.375904327985954164e-08
1.636603531027674696e-01
1.472092539674514144e+00
1.735051398144253243e+00
8.774780469553937756e-01
7.271005463173313421e-01
6.564016256266974603e-01
1.146188860022366862e+00
9.745492240997214450e-01
2.017379090216682602e+00
1.713390550440162086e+00
1.119734680423005058e+00
1.764142136101030545e+00
1.084825917931576233e+00
1.136752505150313564e+00
7.334230969013967316e-01
8.868611389249289045e-01
1.972941328680582362e+00
9.003631296805373330e-01
1.589925346007012630e+00
6.741046706449816961e-01
1.161216895211214295e+00
2.106124953884129791e-01
2.277101846508120975e+00
2.250782192356912681e+00
1.735465779781692586e+00
8.981820988706895603e-01
1.172416940924176698e+00
-6.517383665843155816e-02
1.865450143946222106e+00
5.200665047303473232e-01
3.198651249090201265e+00
9.377099246499082108e-01
1.423139845346818033e+00
1.379780076970025693e+00
9.780671581275784954e-01
1.686120348469988484e+00
2.856888401358470109e+00
3.081126590727046199e+00
2.952004092805113888e+00
1.523323363654884188e+00
2.212987745633460346e+00
1.203518091380411992e+00
1.297074411000076699e+00
1.133335709685456827e+00
3.081751202081621344e+00
1.009576449579563828e+00
2.172686778827111365e+00
8.531579084025746607e-01
8.520805741818566759e-01
6.424784027257851582e-01
1.179951560357143547e+00
1.572214606651191282e+00
8.582562907495543403e-01
2.135844947234943891e+00
2.500810382314682556e+00
1.013299066887360267e+00
5.263614398085920687e-01
1.900086096413736492e+00
2.858383891666838927e+00
1.260540109644366469e+00
1.477943154765704259e+00
1.063542938526241599e+00
1.440831737054632855e+00
1.001242560483792898e+00
1.859250040671361015e+00
2.902703635449146446e+00
5.861834682193493018e-01
1.351583520397411586e+00
9.555902031711147604e-01
1.847788371642211658e-01
1.659192548205853102e-01
1.441815909580334287e-01
4.098899809413660833e+00
3.732929779574609142e-01
1.118814461873550714e+00
9.846522496778011835e-01
1.181725284804159060e+00
5.444820456395973451e-01
7.132583796276524835e-01
5.390391414079267918e+00
2.429390196546314051e+00
1.048827579425679835e+00
1.150603778130022459e+00
1.128845351031417366e+00
1.981489771860857063e+00
3.420491593586666212e+00
3.605389185989370748e+00
3.304151556394324452e+00
2.670485706585532526e+00
1.250597113651324310e+00
1.576350327090511594e-01
1.625009115388113212e+00
4.176057989019453798e-01
1.175803178562402573e+00
9.891009644873114404e-01
1.509773239246668508e+00
1.379495501615863873e+00
6.780607535790853513e-01
2.205738078095282440e+00
8.396146025578938854e-01
1.271559544558366062e+00
2.818006085793097970e+00
1.551277257849396518e+00
9.572829558089465118e-01
1.322686379951184765e+00
6.776422503070388403e-01
1.704160344875789990e-01
1.029436606278331334e+00
2.060718328499259400e+00
1.801484432285209936e+00
2.097700883195466215e+00
1.158661099876413747e+00
4.002403647009411536e-01
6.770581466998820686e-01
1.952961243900964039e+00
2.701810131698190176e+00
1.995866916458520990e+00
3.102583273194236084e-08
2.683817940492401632e+00
4.434687933001239118e-02
9.588904447811772425e-01
8.570546327479058313e-01
3.625034353792735975e-01
1.895364979531684702e+00
6.044287240470974654e-01
4.843197605294660701e-01
7.853890816689209631e-01
-3.772055546562419176e-10
1.254818057262288233e+00
8.039432530683231493e-01
7.290562926555759216e-01
4.250918456889914987e-01
4.784775012607293552e-09
5.076732783575096386e-01
1.201162120830851666e-11
0.000000000000000000e+00
2.352917449729889365e-01
8.955438304235658897e-01
3.127659607246479163e-09
-9.412682802204361753e-10
3.984091066865609598e-02
1.105324125570483283e-08
1.176952721478330773e-08
2.200251412031133806e-08
4.678039547418266707e-09
9.056724283373761564e-01
1.930309976514747240e-08
1.055795212935264127e+00
0.000000000000000000e+00
1.028919666071055436e-09
1.331525201327635077e+00
-1.162919355150581482e-09
8.025198927201252773e-07
5.272818322269277047e-01
9.823707789065182494e-01
3.559417370876289954e-01
0.000000000000000000e+00
6.816387089990925130e-01
6.203740449305872318e-01
9.157066826419530958e-01
1.406703090314551430e+00
5.182756522396291254e-01
8.602493849797092640e-01
1.471292802908525456e-08
1.310350947530731558e+00
1.373465755661198884e+00
7.585605440098003305e-01
1.402943974274747596e+00
1.129255767388119391e+00
3.511305475493051720e-01
7.116367713593866743e-10
2.190068939487146871e+00
1.583325438263590401e+00
1.445151616744885015e+00
1.116789903604613388e+00
5.226439514610462522e-01
3.203083213493101433e-01
2.091335491225234933e-01
1.867076264210402625e+00
1.103939949391699038e+00
1.035783446143934139e+00
1.213443698843609253e+00
9.564589144261930187e-01
6.574034054648461023e-01
8.143816904403097801e-02
2.055847988146800809e+00
2.090774146793597854e+00
2.102316253986686867e+00
1.409475256477164873e+00
1.558337978277314129e+00
-8.939090980691058105e-03
6.729040523263755957e-02
1.298893472514092151e+00
1.122272683671028171e+00
3.508840744059750216e-01
4.946459023015560841e-01
3.795223852112459273e-01
8.064057331466649714e-01
-7.354164150862482454e-10
0.000000000000000000e+00
1.352977776045024783e+00
1.751693165962981865e-09
2.209472110881880169e-01
0.000000000000000000e+00
2.902478875899610337e-12
