4.454901779117153571e-01
4.685305182173441496e-01
-7.323358601636941953e-03
1.142791211715437516e+00
9.094083063842102188e-01
1.196844323145327404e+00
1.208902983690367750e+00
1.575534901240227326e+00
6.610949486317793111e-01
2.062776837016528475e+00
2.150024524386525471e+00
1.988173240204236691e+00
1.647612741812040316e+00
1.210547237909853191e+00
2.068614544239967934e+00
1.534651895978489833e+00
2.218627619605949564e-01
2.040992513281874032e+00
1.655012355077426722e+00
8.171525422617553769e-01
1.263230182519815559e+00
1.326955520348940043e+00
1.951953497635335655e+00
1.957150111191278352e+00
2.210549008192568721e+00
2.178957204433675798e+00
1.134332600155571580e+00
9.032939381568421133e-01
7.340675171565629320e-01
9.208697849325361839e-02
1.152497373071594833e+00
1.581724789803925280e+00
1.552034097642201738e-01
1.726124348024511423e+00
1.275962801035239291e+00
6.592967340494112483e-01
8.680811804653570940e-02
1.465711439334725086e-01
1.198917875463180405e+00
1.270147537884928735e+00
1.911558366334376702e+00
1.831089941553346145e+00
1.378600872784701448e+00
7.716030637123080238e-01
2.538339813355253716e-01
1.278655437838353226e+00
1.101842928633096630e+00
1.635954168714517931e-01
8.935624765824633498e-01
1.059729082430600766e-01
9.557190387502723095e-01
5.669991852134731447e-02
9.135303947298158977e-01
9.700093636982285439e-01
1.144927866946398476e+00
1.064174756749230566e+00
1.879899380271339737e+00
1.575597033906496192e+00
1.900925687795139041e+00
1.766815709534032885e+00
2.545679493329256804e+00
3.145528332141312777e+00
3.352439593257390715e+00
3.335757418671735586e+00
3.173162982658796594e+00
3.705671473398574278e+00
4.022207432804020932e+00
4.015651621234198387e+00
2.558987557902500320e+00
5.492910787156379815e-01
7.628678994773439026e-01
1.324371470090706993e+00
2.297806261512883808e+00
2.669111971556462848e+00
2.378252198016272967e+00
1.922689310067067670e+00
2.185032116455227325e+00
1.094266837647434043e+00
2.096656186781567788e-01
1.346345989549897482e+00
2.220484300157619106e+00
2.098634287458386538e+00
2.137549032628630385e+00
2.186515521456732447e+00
1.456125629897065732e+00
1.649507673520650197e+00
1.965044303589291719e+00
2.364528815065084721e+00
2.654192553732882764e+00
2.014574364372479387e+00
1.319492357703017982e+00
1.436173450572509891e+00
1.596345224590978606e+00
6.840810046027915314e-01
3.585727193926883660e-01
1.073188459075756995e+00
7.222865426651544629e-01
1.819456672582596760e-02
4.450622484824833247e-01
1.895383474178618244e-01
1.984587099459881543e+00
1.614077871057707281e+00
1.853233893758214901e+00
2.125897883246029352e+00
1.889524527564025558e+00
1.211794829828600761e+00
7.377733428496937584e-01
8.042543390644483203e-01
2.024936117360533139e+00
1.870958664145192074e+00
1.886228359302718927e+00
1.559882077550976520e+00
6.488775267990298801e-01
6.808273636127708528e-01
2.023721564858744770e+00
2.237840978582030349e+00
2.105565690078784691e+00
2.169796973925657735e+00
2.155899750616693034e+00
1.894609122442246107e+00
1.766488441351665273e+00
2.052460872230391864e+00
2.042281608072999077e+00
2.176723001684816694e+00
2.268248175073082962e+00
2.146753200008294726e+00
2.027435755561799446e+00
1.424353981762869203e+00
2.008627665907751325e+00
1.487771589381815751e+00
1.162668821284153609e+00
1.295825322472640373e+00
1.340495235586132372e+00
1.013920650499506193e+00
1.058883622528674628e+00
1.906473169212306917e+00
2.042527352793237494e+00
1.875607468652600307e+00
1.917901101843644041e+00
2.013285860498220448e+00
5.676093877985777247e-01
1.432042265000858849e+00
1.790378664400653630e+00
1.092126436163522119e+00
1.680244574753272158e+00
3.738452237933867495e-01
2.544205752960063682e-01
-7.303513795940874687e-02
1.376790558256641095e+00
2.090667445039735561e+00
1.941958904913640094e+00
2.005604284852227082e+00
1.736237640085043887e+00
1.686219273497699511e+00
1.421846272114890564e+00
1.280128212666522991e+00
4.979239142635364379e-01
1.676977156076053799e+00
1.805817458182882085e+00
1.759730726610638119e+00
1.720226464838763514e+00
9.451312801265964181e-01
7.469720268812896080e-01
1.428741312442272093e+00
1.683230147862824655e+00
1.855767415877288773e+00
1.758017700263923899e+00
2.197296592922319824e+00
1.446826640760210614e+00
1.026474184380527177e+00
2.320593428905766586e+00
2.417034827372335215e+00
2.747016255683464081e+00
2.727677204039089087e+00
2.467851817876551834e+00
2.090334119552292869e+00
1.585107764246595163e+00
2.779850266734347208e+00
2.819688540347850658e+00
2.860820262793962954e+00
2.929252204126540970e+00
2.961042140686547253e+00
1.647915794947889534e+00
1.402981670850297791e+00
2.431229230214777992e+00
2.856832637559410415e+00
2.628284803259851365e+00
2.020874966989809174e+00
2.281543315901571667e+00
1.465940713145338581e+00
3.502133103532854008e-01
3.096026699454625941e+00
3.295626706015029939e+00
3.006376089426568754e+00
3.279983748507621755e+00
2.752511529664243284e+00
1.189146861262291743e+00
1.342248984614534013e+00
3.103750257213330421e+00
3.541154572760638608e+00
2.623407829902838273e+00
3.506657941449399907e+00
3.325319346491255601e+00
2.933160072671452845e+00
1.843229717250719046e+00
2.717863074320974626e+00
2.663254110363520777e+00
3.787719473465865683e+00
4.346174480987578193e+00
4.065153065863718496e+00
3.423392213678611462e+00
2.650826367728881472e+00
3.841414497429081365e+00
3.179398994661477573e+00
2.939679282474378930e+00
3.703843279789122978e+00
3.649469374448431225e+00
2.234751637367101473e+00
1.434579444722089869e+00
3.083326813346532802e+00
3.019146812621475995e+00
2.938439440573088923e+00
3.161823117409566564e+00
4.016791682700835864e+00
3.202441342778472144e+00
2.455074749215078622e+00
3.987962235277826561e+00
4.479772520947167713e+00
5.187113815132224026e+00
5.547058177987180372e+00
4.955689093248636823e+00
4.346174069535618578e+00
2.420844909516558729e+00
5.050782173059458202e+00
5.530322965193975371e+00
5.819517172501202040e+00
5.493750612689896506e+00
6.542319683587734858e+00
5.869395118056033311e+00
2.670021273297504383e+00
5.706935699647388560e+00
6.224079335303290605e+00
5.588977398110714923e+00
5.236945488056949927e+00
3.797218017941376367e+00
1.982202425123413381e+00
1.440245297221784737e+00
2.460472537077952992e+00
3.001489078570547697e+00
4.061125150779588466e+00
4.150440956255533109e+00
2.853472093948002275e+00
3.795939084065654168e+00
3.444581186717591503e+00
3.718198773099824272e+00
3.404858539174975718e+00
3.721750693085519313e+00
3.247409672915808621e+00
1.145273554189655485e+00
5.076650921769815250e-01
8.018558468086551816e-01
1.057521419960447906e+00
2.939898799077027558e+00
3.249754073127175680e+00
3.302685853017251372e+00
3.380224357230031895e+00
3.340592885172327442e+00
2.397768950839696878e+00
1.529632941273560975e+00
1.824238209828882074e+00
2.931613635982699417e+00
3.548582706609458626e+00
2.986705426755589698e+00
5.114390540491624559e-01
6.493828101589672608e-01
9.903554138158134901e-01
1.867008234296958280e+00
6.475068107753030322e-01
4.056543577415508764e-03
1.227168902779350201e+00
1.007989286502167570e+00
1.232900049698681944e+00
8.168416798111621802e-01
1.906865270216159702e+00
2.295240380886260922e+00
2.111601188425755282e+00
2.389314918571988411e+00
1.465677919774047933e+00
5.257991247454021355e-01
1.085693502190745452e+00
1.544550699437133190e+00
1.373963138208316170e+00
9.145141108465589808e-01
1.268815097634989009e+00
1.328709682247790180e+00
9.223865636618444608e-01
3.860670431178312434e-01
6.108021731456276804e-01
1.015183722736657801e+00
1.068790720799682958e+00
9.655230757402644137e-01
9.859841888187528269e-01
1.044621543778047501e+00
1.258165223961734469e+00
4.996594137427254889e-01
2.161967276541087446e-01
5.911558146499076294e-01
1.037424435919701349e+00
1.281357261785673662e+00
5.310253401023133923e-01
4.167829441691574439e-03
7.870102503671421168e-01
7.639288131080194111e-01
1.107634102947841814e+00
7.735876643248666973e-01
1.411916389238572211e+00
1.394854682974534743e+00
1.134426532843364477e+00
1.315039472778241292e+00
8.094382596446505485e-01
1.363368185049155801e-01
1.320749867305666791e+00
1.569870899585942059e+00
1.922734230623126983e+00
1.636241438708057716e+00
1.021453737514722793e+00
1.370729523724854015e+00
1.363229690856740062e+00
1.777760274505501226e+00
2.151443411120490090e+00
1.354824163765035561e+00
1.387598524436334024e+00
2.566125605367141738e+00
2.920506961986213845e+00
3.042007451269739260e+00
3.188827800079484298e+00
2.501413160884189413e+00
2.327906033801739660e+00
2.010413023693777390e+00
3.055769856881940250e+00
2.361251712610601849e+00
3.000970780717817199e+00
3.317856124197916756e+00
3.114410938671344997e+00
3.026688728908492720e+00
2.976515335265318196e+00
3.107115798596427059e+00
3.035342604909458952e+00
3.029640618419947806e+00
3.038926393260118708e+00
2.598648351636899001e+00
1.835567739281269484e+00
9.296894818291796536e-01
9.659067562768482995e-01
1.888480171630096516e+00
1.498167775176886485e+00
1.545725387432894005e+00
5.510000135293218193e-01
9.913767212776405380e-01
2.478605215770771641e-01
8.415136811266712979e-02
5.863711603711919962e-02
-1.911257514712823638e-02
1.922117189281223951e-02
-1.179483200679056626e-02
