4.555948389760386963e-01
4.353208746500716320e-01
3.794791116818542753e-01
2.827103731803319864e-01
4.396692855380009979e-01
4.687304039753791285e-01
5.231790046166693298e-01
6.274274678422663287e-01
5.384121963019090629e-01
4.922108873376471738e-01
4.562697507708852740e-01
2.313315804182073943e-01
3.537006712986465740e-01
4.235077209758629224e-01
5.301567271997520425e-01
5.291799096871674379e-01
4.928671607439124580e-01
4.977002551589688739e-01
3.839974728165189699e-01
2.987843094762843710e-01
1.115382796078490946e-01
1.404752552463429949e-01
4.540882319020095315e-01
4.455792613201595698e-01
4.725940174355985346e-01
5.064158837032819438e-01
4.712030399857379814e-01
4.758238595911797875e-01
4.338288303561714798e-01
4.026922005465533028e-01
4.406874426399577938e-01
4.250343776774664351e-01
4.706550278082985983e-01
3.537747707773876149e-01
3.635751613338515931e-01
4.591246135404228323e-01
3.645641891007989077e-01
-1.077513657948082383e-02
7.798834820480887720e-02
5.119543715437353537e-01
5.296130509919355633e-01
5.576447831350428430e-01
5.336045666932525133e-01
4.861043590334053199e-01
4.379587409150541011e-01
3.836248940541779895e-01
4.670151342755226587e-01
4.234039230629548234e-01
4.161737263908160678e-01
4.055647492206179705e-01
3.219510780041104359e-01
1.727845145288742779e-01
4.154106504307981118e-01
4.145239517092947912e-01
2.466083187777872998e-01
3.783188399751588604e-01
4.353855155889830852e-01
4.153985659015265175e-01
3.624521160118660545e-01
4.496744557277269627e-01
4.650826579298142915e-01
4.739390697931992191e-01
4.850744937125813783e-01
4.683796286474266046e-01
4.168077272732598759e-01
4.139502340871127339e-01
4.893774490620182993e-01
4.830398416598165601e-01
4.999409982733170055e-01
2.205868327878150736e-01
9.349645529122131704e-02
7.213582194431948647e-02
-1.236587360462129345e-02
3.984164120689028254e-01
4.852189095320573742e-01
4.944953223344771276e-01
5.340167118411551783e-01
5.175763719322338252e-01
4.912250591769496966e-01
2.690499888950851903e-01
5.179836215980104797e-01
5.670350801993598866e-01
4.964497762330015718e-01
5.288990206463827226e-01
4.677425068113024165e-01
-8.655382986661359912e-02
-5.641741302683800363e-04
2.475052704383537971e-01
4.752548727390185079e-01
5.085276605585307141e-01
4.518053975513626197e-01
2.634465603243518195e-01
3.907380111970116809e-01
2.289428567308141038e-01
-5.152679843524706760e-01
1.528410687595503081e-01
4.734088317082013608e-01
4.788837827623569354e-01
4.371637371717563281e-01
5.629297131138565335e-01
4.496635608956464636e-01
5.412757912510575142e-01
5.389609085832127722e-01
5.759724328497244361e-01
5.900859537972829028e-01
5.667513549054538080e-01
5.789176707060641469e-01
5.846853961289917301e-01
6.253393805587093013e-01
7.018674238609665661e-01
5.701175149008101961e-01
2.988383205087239980e-01
5.525020164307806736e-01
4.579936842762659666e-01
2.319055125989701038e-01
5.351005037829503763e-01
5.411866919824310784e-01
5.566717077636256228e-01
5.391258028353892451e-01
6.319821437113304352e-01
5.509967225794685231e-01
3.253890098743096870e-01
5.525616947528786405e-01
1.236751279771067663e-01
1.182351327473174785e-01
5.456280318792956496e-01
6.586246975300509288e-01
4.190557406413364938e-01
-2.604254527574433875e-01
4.460651764549151688e-01
6.499325305093388572e-01
6.122192184613968191e-01
5.877565795071427734e-01
6.901906033162723553e-01
5.587820881761643710e-01
3.586897956726861070e-01
6.506319104145982246e-01
6.503431241121215844e-01
6.963801966444754799e-01
6.346680307550807143e-01
1.204864023021283981e-01
-8.947743413651215727e-02
-3.162438373942724756e-02
1.426881914455946365e-01
4.747194056149373065e-01
5.738054489134087888e-01
6.012554453210876559e-01
6.751775538362396745e-01
4.646449496600288387e-01
1.965925642205640089e-01
5.937603608475826578e-01
6.062566533908959610e-01
6.221337119630225843e-01
5.625900352071794286e-01
6.670552215878654545e-01
5.931215174376880395e-01
5.444797464178237068e-01
6.714863169951095223e-01
6.868758390385054646e-01
7.030136441504382105e-01
7.304426753298949304e-01
7.316827879771614640e-01
2.811610855216375437e-01
-9.926862347839930656e-02
6.135182159617968978e-01
7.509101359108214524e-01
7.734684438666650230e-01
6.763217496349637203e-01
7.259590395432069521e-01
6.284743232450886730e-01
4.512461937913383458e-01
6.650930562754949760e-01
7.372307248063563190e-01
7.823939724111179661e-01
8.248970196867171367e-01
8.309206049697533958e-01
7.621076153235331052e-01
5.066479976108047012e-01
7.754797838794357245e-01
8.255684521835743306e-01
8.389271173542307558e-01
8.010989717658325571e-01
9.103190517921656566e-01
7.589814585091230192e-01
7.686466444048820623e-01
8.056730171629093995e-01
7.460298848178903430e-01
8.395143191949266948e-01
9.071008644957088141e-01
8.380693610200991017e-01
7.707532558669345502e-01
7.116273574463123364e-01
8.188405403119791703e-01
8.657832179582034549e-01
8.087795095207530593e-01
8.355717627616756626e-01
7.947244222242698664e-01
5.083937165781294842e-01
2.990180823027071000e-01
8.086910453894725626e-01
8.418677897281066080e-01
8.226802520056513135e-01
8.132604687597427828e-01
8.297055236088227703e-01
7.230525015273181477e-01
5.076512156554311428e-01
7.801101671442253194e-01
7.892211307326348901e-01
7.305038140394232160e-01
2.215467111470336425e-01
4.937123330713542035e-01
1.184640402446486829e-01
5.367517017691341152e-01
5.993524044221982816e-01
8.335626433959620885e-01
8.600692308065731595e-01
8.656541059044979836e-01
6.582570329676574739e-01
5.856797813773130246e-01
-2.510148349824973812e-01
4.284197942160468675e-01
7.372557664584276083e-01
8.890589048890105150e-01
9.491460657788386435e-01
8.450115182677291337e-01
4.751779801884950527e-01
4.675008132243693715e-01
6.157589815938431244e-01
3.313623564872771876e-01
6.869801502823744688e-01
6.778792580063937034e-01
9.148774446584408970e-01
8.620476265467330590e-01
7.551792077203292042e-01
8.212699106101983837e-01
8.652946092441083925e-01
8.000574064434775590e-01
7.911831858430897757e-01
8.625545542143060462e-01
8.151057654254543205e-01
7.491744713767133357e-01
8.369981789521492299e-01
9.647354398067954362e-01
9.968487295948424975e-01
1.049458784608743755e+00
9.888625580977089546e-01
9.769564803207722026e-01
8.478166235435320441e-01
1.097278415841159260e+00
1.156967613849555043e+00
1.146810809737703885e+00
1.132104759662192706e+00
1.244838376141101044e+00
1.204816426938243534e+00
9.153526742003029737e-01
1.157151219793317143e+00
1.354596444784844422e+00
1.438882834505559982e+00
1.301591364660866557e+00
1.352165350074767680e+00
1.260243368697510746e+00
8.064640881106169834e-01
1.075228454398918343e+00
1.298561582662702829e+00
1.093159409134932591e+00
5.380059633015026321e-01
7.208340504902510659e-01
1.122850560305409084e+00
1.091705880406693918e+00
1.137000146389219646e+00
1.117100356977149378e+00
1.007205497774158021e+00
7.541291900942816984e-01
6.119831481831725650e-01
9.685920238724345932e-01
4.619505864990028354e-02
7.732772955497659861e-01
1.082731337141220385e+00
7.224961986640404676e-01
2.683920282782906064e+00
1.756512307461358446e+00
1.175909607823454106e+00
1.089639497854110628e+00
1.280893110843386085e+00
1.029778201051070763e+00
1.507435240686197941e+00
1.274043742753442565e+00
5.862898029928114152e-01
1.402219367108418435e+00
1.179766892814597234e+00
1.268389459113549389e+00
1.070119385590139860e+00
9.607189752396967652e-02
2.950521985669921632e-01
5.483774482767168612e-01
7.713113747456142866e-01
1.127358266106215812e+00
9.553583714813902450e-01
1.317739913348616509e+00
8.616186250945615521e-01
1.310818339264214982e+00
8.655828145633932547e-01
7.772253191575508868e-01
6.173906129209791871e-01
4.336317972527516384e-01
1.352620793504932584e+00
1.479907182481998928e+00
1.567355718313846902e+00
1.266876083727156210e+00
7.885913501414334448e-01
1.119947405674260321e-01
6.752900078234956860e-01
1.572965831744994381e+00
1.138644994976765190e+00
1.695589416309720043e+00
1.616307651633752229e+00
1.093908445751882175e+00
1.615336058465273172e+00
1.688642665580539992e+00
1.772132727406577013e+00
1.682240121081673312e+00
1.125491579235001982e+00
7.305066612718188468e-01
9.668247823853231004e-01
8.542766718222645217e-01
1.604989285002154098e+00
1.644033270313925321e+00
1.964167301200672178e+00
2.034598335050787021e+00
1.595304399137097651e+00
1.681868920182896243e+00
1.937300803089826884e+00
1.555535542187463260e+00
9.543341495184433088e-01
1.041786235840750363e+00
4.986722002266829046e-01
1.260370108902818087e+00
1.807461498932424693e+00
9.006334689050664588e-01
1.945810608128604180e+00
1.300176063877334531e+00
8.027143637329896553e-01
2.067531643493654592e+00
1.768639159489476365e+00
2.179118119817302190e+00
1.239299971300408032e+00
1.596997089713605655e+00
1.689555160042355286e+00
2.196999272822564464e+00
2.514198805078612153e+00
2.734525419399600032e+00
2.612018096505500431e+00
5.523021057546506629e-01
1.665379838425071535e+00
3.212175950740600694e+00
3.573727176622730539e+00
2.689985395380411148e+00
1.121062693436052582e+00
1.817551629392175849e+00
1.458499803335580047e+00
8.818005550029174300e-01
5.038042901318087186e-01
1.027198424504743635e+00
3.301770108027256567e-01
5.019621920341999811e-03
