5.532647448138185986e-01
9.830054823615794746e-01
2.578537908770992537e-01
6.322500805741425589e-01
1.698201120426874544e+00
4.553639051692932593e-01
5.193563762180875010e-02
9.748287349797617463e-01
1.070323995864673750e+00
3.997699952862549533e-01
1.192484904885207975e+00
1.032753802790515429e+00
8.848749885029290052e-01
1.122810374859365412e-01
3.757244282089107767e-01
9.480496814104851788e-01
6.488258227076224571e-01
2.722198181753432977e-01
6.112110755328701295e-01
4.085949522312163906e-01
1.246430017005077245e-01
4.701324115169758233e-01
6.912596395240697689e-01
5.758291924673524242e-01
3.446306842116605984e-01
2.861680670082914490e-01
3.724963762426888314e-01
1.104078105962165018e-01
8.523015271043342389e-02
8.999398071223660978e-01
4.947939623644911356e-01
3.274673728585431043e-01
8.220638473353233389e-01
4.893241746676943449e-02
4.176654209067378054e-01
2.968365900224118614e-01
3.264743466394869897e-01
7.739977509259129418e-01
3.533874118916524032e-01
5.203603858646665969e-01
3.723489351515910650e-01
4.435981033347687341e-01
2.245931837818584131e-01
6.535569836347112638e-01
5.861525059663259540e-01
3.363788936342320679e-01
3.849455081659458600e-01
3.696056476096933330e-01
9.494644333304826933e-01
3.185576315500137645e-01
9.338568747635456191e-01
1.101786478934936309e+00
2.113384354843177160e-01
1.484314920725880449e-01
1.192334364371703259e-01
5.368792338402760267e-01
6.370884526427746941e-01
4.491522667949702785e-01
5.464471716847777438e-01
4.999438303305397957e-01
4.680517616834616867e-01
3.783461379118586154e-01
2.976631569751714279e-01
3.283423543249647802e-01
4.188788720454849068e-01
4.760740494410933832e-01
2.960483641900374385e-01
1.715027569942977337e-01
1.465850306569720929e-01
6.610451403886039579e-01
3.591568700238282896e-01
1.184644301915648956e+00
1.426811780712034405e+00
8.246074801401447329e-01
3.418454938041483038e-01
7.272380646504397195e-01
4.622417411340098425e-01
2.626449627820213739e-01
3.379706274304619118e-01
1.585940701763866312e-01
1.004645093867937655e+00
1.079358839623153488e+00
1.119261037406813930e+00
6.794118466991687644e-01
7.321762590064272436e-01
7.839526088753906441e-01
7.543797383161671144e-01
3.683217588689959299e-01
1.031974390690371779e+00
5.645041569568922668e-01
4.943095125265690726e-01
9.280189357840076259e-01
7.699256139430836754e-01
6.039112249003557586e-01
7.247673246944306147e-01
2.390412424364931065e-01
2.524159891378275344e-01
1.703811421449410446e-01
5.067834534275112990e-01
5.077921978133159708e-01
2.310254307669363794e+00
4.267603837628750618e-01
7.420289886699389381e-01
4.206833561547496658e-01
2.527443788934554125e-01
1.664536072732448468e-01
5.707148650083102570e-01
4.186884935384520001e-01
1.177597871792941620e+00
4.785262560706936008e-01
1.313704723450132894e+00
9.822363079867334479e-01
9.885637707712681133e-01
5.494148014311013295e-01
6.087516346834569436e-01
4.697026270334005993e-01
4.720638552888799522e-01
1.995376030471304463e-01
2.696697899485165362e-01
1.134166437993763710e+00
6.945609909807833882e-01
5.031354093389238669e-01
5.205699454088504874e-01
4.592381237150940376e-01
3.523721486875485698e-01
3.379023402684266375e-01
9.282025184018666275e-01
3.769503337498808504e-01
4.510282456470320889e-01
3.595870571086506873e-01
3.706737957824370322e-01
4.010739789227132368e-01
9.571697191753233414e-01
1.094139863203263952e+00
3.567162670666174651e-01
9.009050007963893547e-01
1.190269459704269561e+00
6.066604074763937149e-01
4.422242829516540019e-01
7.510170204080205414e-01
1.102306944533643085e+00
6.885955093598877808e-01
9.165962811421860534e-01
8.006334666608929673e-01
8.884327308194704953e-01
1.062686817168147391e+00
1.037695784633137608e+00
1.940847980084166924e+00
1.803239272513561531e+00
7.254378696116059455e-01
1.122837115166643862e+00
9.703686698558070534e-01
6.003903326048766198e-01
8.581597880784134214e-01
1.166176510861602234e+00
6.936634809060679974e-01
7.684345614002298097e-01
5.261430594519314052e-01
2.445206425361794444e-01
2.762202931172639819e-01
9.008766630945949094e-01
1.244640818004279392e+00
5.883080128990092472e-01
5.872042749309035470e-01
6.486463699711343400e-01
7.951333245933039917e-01
4.521822427846312609e-01
7.935538512112305654e-01
8.505756323169948452e-01
7.602011945811021354e-01
4.708864510135764569e-01
6.301007605939854539e-01
2.986908642331692620e-01
4.176843655135183964e-01
1.203551665630240963e+00
1.378823375082395275e+00
6.235188867513977717e-01
5.168269359981886302e-01
5.417949460581478194e-01
4.265623541255661455e-01
2.718841725534158482e-01
7.910254109578684911e-01
4.979588771909163825e+00
1.830104327492315219e+00
1.682119025772601972e+00
1.233205245855037768e+00
8.416492958809091984e-01
6.757947205171667138e-01
8.917070151930093225e-01
7.100672210371977711e-01
8.402193288467867394e-01
8.710916693502387398e-01
1.169126657807848968e+00
5.646504448024175504e-01
3.914564306589733422e-01
8.138907371558974368e-01
1.627067802808945585e+00
1.170415530414199878e+00
6.875005941908417517e-01
4.084776981281530439e-01
4.852051769945661674e-01
3.291594052985541419e-01
7.052571513590272234e-01
9.434744994419658193e-01
4.605598891383672067e-01
3.719965813753071671e-01
3.373209872873756399e-01
2.414316144737982117e-01
3.758741258110077088e-01
5.741069858716615348e-01
1.240044536383228202e+00
5.978715004254480103e-01
5.258618916422895806e-01
6.009891589921385613e-01
1.157073321697309032e+00
4.798032670155849555e-01
4.004731819218197431e-01
5.559420798014536036e-01
8.290139813323442741e-01
1.133663007252876387e+00
7.209090412446244045e-01
1.296249574770752977e+00
9.975240629303769868e-01
8.507197464365247042e-01
1.031921478971348893e+00
8.324088913806383383e-01
8.929972467125448787e-01
4.801106281302764955e-01
4.167281817840589597e-01
4.175672943259801650e-01
9.690393650916830914e-01
1.023361780092268081e+00
8.444490623231903914e-01
7.606129436400220767e-01
1.466959696553763237e+00
1.113009925853575055e+00
4.317420473942727432e-01
4.988393062034756076e-01
1.586574175246441287e-01
6.843860377938633111e-01
6.431026861543525097e-01
5.351221114168870363e-01
4.100977466763014445e-01
3.573467795147118875e-01
3.740545780961498368e-01
1.008775614984114055e+00
8.443762095300663129e-01
6.194737378716141940e-01
8.119565112615082514e-01
6.828023854412832438e-01
1.135785144826574333e+00
1.111733634782393398e+00
1.239502943951822145e+00
2.984740612373461666e+00
1.281365422424118661e+00
3.704051085749092698e-01
1.114852055171634104e+00
7.978045081504036018e-01
8.748050279512731287e-01
1.071072793011862423e+00
9.449985552112597498e-01
1.896227394000611133e+00
2.276415983428657697e+00
1.398229196478740111e+00
6.085137118305090631e-01
5.429100924011761586e-01
1.280872637822755067e+00
2.710464364161883299e+00
1.381854300802425328e+00
1.249311023935627540e+00
1.104941463031838822e+00
4.725740961870473766e-01
9.973769103540396364e-01
1.143845400614535546e+00
1.014066610731400475e+00
6.939038316936009254e-01
1.510257864562928987e+00
1.044752233200327174e+00
1.029699765649210841e+00
1.472124023332960663e+00
7.185279685670173944e-01
9.108880740252924824e-01
6.175977897183508869e-01
2.138705947113910266e+00
7.672009752825424966e-01
6.579293153763585700e-01
1.146260389008111336e+00
1.383310603371136427e+00
9.760062940214456750e-01
6.314920088841561308e-01
6.774979479664396953e-01
1.111167777261804934e+00
7.054191485946258444e-01
1.076123883233881751e+00
1.107552990192099074e+00
7.293702876807326430e-01
3.115692113634450644e-01
4.519722173214645866e-01
3.765352220885053169e-01
3.538258809818550787e-01
5.728754884825383309e-01
7.144575257480919594e-01
1.367204305962523625e+00
7.152047125368978797e-01
2.476350410708598737e-01
6.928271445757558933e-01
8.186268090063416603e-01
2.407826773087834993e-01
6.116394310127688527e-01
1.413976658983429280e+00
6.293810519806796178e-01
4.622288058255530907e-01
4.249693338140499987e-01
6.399935071972631118e-01
2.296181385468025471e-01
2.502336347972069497e-01
3.080309351485376324e-01
1.056426817765829806e+00
3.585747088136838068e-01
6.313065360665354175e-01
2.652897254466274335e-01
2.604953471283926944e-02
9.489811072940691483e-01
6.019358039721826037e-01
2.504068087806409215e-01
2.857118389318170082e-01
6.345328871594465570e-01
9.049846675826693776e-01
3.422892120736353294e-01
2.188646024380360433e-01
2.788527575452980911e-01
8.437638153427412524e-01
1.107137416160424159e+00
1.110249457453545974e+00
9.237070647295074766e-01
1.684236197305876703e-01
1.364414836990901214e-01
2.096660960265084028e-01
3.572436136126876938e-01
5.213754491135197400e-01
2.531498557675907479e-01
1.757719301731984485e-01
3.089115974169619888e-02
6.193355736197732053e-01
9.561881589664078529e-01
2.719406303499379840e-01
1.732898662058097727e-01
3.195860564087855127e-01
1.839725895349517970e-01
1.540132326738447854e-01
3.659849342346561119e-01
4.466872370906342926e-01
3.367329552098908829e-01
3.049893033034373202e-01
5.784179565281967195e-01
4.422793514973278883e-01
5.866609986750228600e-01
1.327011209040041828e-01
3.130837692325679211e-01
5.110075213730349564e-01
1.977538936392318758e-01
6.112483937796823197e-01
2.888446087693580244e-01
6.602544099475496919e-01
2.316993361937952078e-01
