8.542656632510320369e-01
-3.627682855555242059e-02
1.214393456846407204e+00
5.151045250298244005e-01
3.498482240012119049e-01
1.149497620146648469e+00
9.270543329600413607e-01
1.551124705557748173e-01
1.405493412310580892e+00
7.092396486131525846e-01
5.976783479243403807e-01
5.862678582536559047e-01
3.221426619979798622e-01
1.053032465366765758e+00
1.038933438093252171e-01
-2.288407629437031743e-01
2.019392244418861004e+00
4.742949056184139200e-01
4.215827633068653935e-01
8.206230400291404381e-01
4.652139713069257665e-01
6.539505932765619090e-01
6.787265205924755684e-02
8.822375784122161724e-01
1.277177505165969063e+00
4.151273042694608173e-01
-1.261981821694062589e-01
1.287447543590460874e+00
1.687247423862064599e-07
1.356172142031531136e+00
1.063912181733986495e+00
2.604321931492433184e-01
2.160090434076359145e+00
3.121014191117904013e-01
2.887745985915798896e-01
6.070502154784728210e-01
7.728779633104414515e-01
1.292117102075670321e+00
4.905591994075623186e-01
1.048901915444357957e+00
1.493085006634459200e-01
4.243471260729875238e-01
2.791649093663911563e-01
3.583861842970831324e-01
1.306573808533147529e+00
8.552066552367192376e-01
4.632124480186971538e-01
1.219239046996876130e+00
7.407279191545008690e-01
9.569357611872036928e-01
-4.977657460176102555e-01
9.766230434256043536e-01
8.369367696606733187e-01
1.159980357898628300e+00
3.303952915256859191e-01
5.636266529400769665e-01
8.860083082159275758e-01
9.630880009358722127e-01
1.568422165381440747e+00
1.327358688832233513e+00
8.446257904010274764e-01
6.298434132505436045e-01
2.438421930017321548e-01
2.879663705795331707e-01
8.688073314232180877e-01
1.229826035912684468e+00
3.313168877644154353e+00
1.662669630992131609e+00
9.455281359999390123e-01
8.659642876058417649e-01
1.189398339420270290e+00
5.176611834518622945e-01
1.182480719084055387e+00
5.865869798205417540e-01
3.476533601991004807e-01
9.230561716244749526e-01
3.773450302844262305e-01
1.238873636656832478e+00
1.134322205564062269e+00
1.854867733280773257e+00
6.994589046185216707e-01
1.012972377261186274e+00
9.488043435753029664e-01
9.616946072592491568e-01
1.524590546882940600e+00
1.117641786670436232e+00
1.115455661833724355e+00
2.887754326501993374e-01
-1.453437546029274219e-01
-3.176158542942625340e-02
4.903559643353468944e-01
6.792102302954965420e-01
5.562628516383228972e-01
4.019499547782324766e-01
2.087609918352343996e+00
8.369901000898493093e-01
7.274335144723463598e-02
2.100467886868553791e+00
8.433929593230120592e-01
1.857859666682317501e+00
9.391205389304244644e-01
9.702725206966228422e-01
9.965633037970855757e-01
3.590640992501428763e-01
1.183161891675516969e-01
1.189425057486096726e+00
1.649278475425193902e+00
1.386231956469566651e+00
4.362328423759763707e-01
4.541600932166928173e-01
2.771413801237900265e-01
7.738577844531437933e-01
1.406924343895731067e+00
1.478111471901525809e+00
4.928368664679039779e-01
3.831792160111355261e-01
2.709409096377908832e-01
2.863960342281789417e-01
2.288267811233135329e-01
3.206350385253720625e-01
5.290102973532552211e-01
3.546982127027494824e-01
2.188176193551907012e-01
2.877380285872526700e-01
-4.201011786549664617e-02
1.700509378551706419e-01
-2.718273981626768143e-01
1.137586683716382385e+00
4.865586842901898912e-01
1.260385125486494617e+00
1.665154716583827632e+00
1.285348701838533225e+00
1.600046098040404541e+00
1.745258377658333471e+00
1.580640008292398813e+00
6.927017298318345340e-01
6.149661895933783429e-01
6.386440027682948051e-01
5.493496367507688660e-01
9.813127695539176909e-02
1.953295966253016935e+00
7.961047602268136458e-01
2.576949661557186855e-01
1.143052376647178292e+00
3.601221220608382123e-01
1.474787330764914195e+00
8.853988817340705531e-01
1.473985769579325034e+00
6.014512137340896070e-01
4.514721063663678646e-01
3.587056331221475936e-01
3.666128380205640469e-01
3.926294202561184110e-01
4.338780391019838589e-01
5.718935538477659675e-01
3.254584836702562045e-01
1.803474723928644385e+00
3.827086991981562547e-01
9.147976181149851393e-02
1.266252759437981601e-01
3.077521038766414807e-01
1.499434045558396544e+00
1.795975129621475208e+00
9.309926306283985431e-01
8.758711099617640938e-01
9.002594840539147603e-01
1.146156692686269851e+00
1.161766252816730516e+00
1.846479627820112102e+00
1.810492089842138608e+00
1.616955342942763219e+00
1.763567466255984595e+00
1.377408085560434703e+00
8.227934039942994549e-01
6.733900829884986727e-01
7.258750739215242831e-01
1.748640093221196512e+00
1.084114794040440533e+00
1.690624623425852624e+00
5.404017908917040369e-01
1.175559150880082893e+00
1.224635461890674903e-01
2.261563437950139477e+00
2.301675573268477937e+00
1.990027530779675535e+00
1.034734112509791526e+00
1.480849260748202223e+00
4.162170684045811142e-01
2.212701633381934929e+00
4.696392089227501843e-01
3.196569886116253034e+00
1.065549317065963786e+00
1.490830536731936995e+00
1.835283492348760426e+00
1.072214144322238605e+00
1.886925327250665418e+00
3.108810061811498215e+00
3.112714694674799443e+00
3.007779834876544545e+00
1.512293831556323909e+00
2.582778837847146125e+00
1.521483684825113869e+00
1.404372766954218754e+00
1.219297854346987009e+00
3.145264409664811023e+00
1.506266029010614682e+00
2.391810978572434188e+00
1.377098933529495417e+00
9.186767739037202674e-01
5.762648082932370075e-01
1.324782318161011219e+00
1.667860852708847874e+00
9.597120473478027991e-01
2.380956485714794901e+00
2.755779142411670435e+00
1.285542917426277132e+00
3.999924113070172371e-01
1.900055848985766183e+00
2.878672770935541081e+00
1.593035284169455723e+00
1.547561849971327064e+00
1.227788352848373066e+00
1.692013737120390049e+00
1.136467581340386612e+00
1.609112192186661128e+00
2.902653759968776725e+00
4.760805889628913490e-01
1.326638874681126401e+00
9.580799443785324998e-01
-7.603727393568203430e-02
1.163775437279681718e-01
8.636738135927620741e-01
4.131118936736822178e+00
7.421540662299956903e-01
1.228068251569084612e+00
1.161319562560985119e+00
1.240112201579333329e+00
4.824368459748789584e-01
7.285935421165857795e-01
5.224822120967420602e+00
1.779626533244491826e+00
1.020398500065826664e+00
1.063622376686138349e+00
1.115293655808949014e+00
2.659161105618299104e+00
2.929550745018245639e+00
3.388984901088008872e+00
4.111099447143662822e+00
3.862838083951719792e+00
1.524700055545674227e+00
5.556502032011861880e-01
1.737797809531438364e+00
3.211654646411420955e-01
1.171623050608820771e+00
1.299076250055728687e+00
1.753723506884649286e+00
1.507493228402042140e+00
1.771368609762700830e+00
4.282679229822385025e+00
9.279483214364041554e-01
1.110581172764431024e+00
4.202614286485214734e+00
2.058032838355997374e+00
2.142627329392353008e+00
2.222188915289022848e+00
8.181920711259693668e-01
3.290789152536631179e-01
1.170815665304418829e+00
3.120141740923930040e+00
2.169053450233654701e+00
2.033665326435274867e+00
2.220729301794062138e+00
1.342435280780792439e+00
7.624840724757040444e-01
1.784859043126975076e+00
3.668889616791653818e+00
2.914621720821056083e+00
2.045270973549249138e+00
3.704215794255853123e+00
2.017882876078560983e+00
1.679834620023600067e+00
1.183714112545318109e+00
2.032805128969155106e+00
2.155563593975956760e+00
2.396386038036228960e+00
7.663083546403623991e-01
7.616087196299067275e-01
2.791755909616160380e-01
1.364045088995055943e+00
1.365734085530178277e+00
1.092004058797812815e+00
7.357280526453857661e-01
8.444668052820942794e-01
5.260188727404413456e-01
2.542423128555436063e-01
9.763910033691856893e-02
8.625841723576311848e-01
1.063389322648329527e+00
4.425972659739677573e-01
3.352807802633426815e-01
1.800144546030955361e-01
2.051116019631076259e-01
3.473375400388572509e-01
1.928298070912985995e-01
5.458780046575637535e-01
1.147802371315338688e+00
6.029496774416640559e-01
1.036837852148735584e+00
1.043423215835857371e-01
1.456140569858173361e-01
1.350048214546094805e+00
5.076145271608725196e-01
8.994910201880551570e-01
6.521065425089151990e-01
9.848527365328006988e-01
5.823874076807080691e-01
1.811682491337417433e-01
8.393322026718705864e-01
6.585873033975618851e-01
1.221696191094523654e+00
1.442277268568196824e+00
5.151209526191879995e-01
8.765463377077464813e-01
4.204212545576556104e-01
1.272315765945506438e+00
1.514095929547080166e+00
7.795525532250906497e-01
1.350726142508976269e+00
1.224023497425940965e+00
4.223144223745294856e-01
8.704247433814320256e-02
2.145182260502949578e+00
1.715807256175802875e+00
1.478188271135598253e+00
1.165219221935591243e+00
5.669748688540698911e-01
3.142675183028633135e-01
2.499184804841704799e-01
1.905067494008920947e+00
1.074956376173094474e+00
1.242853891717903059e+00
1.043074748880909786e+00
1.028996070123921136e+00
5.021161432848119111e-01
7.029086142237933599e-01
2.104140115153542823e+00
2.356113243717079975e+00
2.026806737488874521e+00
1.410358446639671692e+00
1.491239573241049943e+00
-2.903958754264133330e-02
8.229277735335253918e-02
1.236453992247496192e+00
1.125839502311501095e+00
1.799907375850807456e-01
4.946496686191619307e-01
4.131615275880494154e-01
8.572719148104392950e-01
9.297905129771567856e-02
3.084410467016630575e-01
1.355288530550031956e+00
7.504129004363907507e-01
4.126370898129776976e-01
2.168060491054017158e-01
1.027120527439304501e-02
