5.137006942849756674e-01
9.763531620295969882e-01
2.469723685294717419e-01
4.139403430667677464e-01
1.698123770924094167e+00
3.943622950405366590e-01
2.671575604962909967e-02
9.732104285354500339e-01
9.962666761121220516e-01
3.734230325888204804e-01
1.150793170757996808e+00
9.808497316185940118e-01
8.319519309420725373e-01
-1.303700499704786020e-01
2.001836121055778350e-01
8.741498484222052223e-01
6.134898165780090507e-01
1.892963051580152656e-01
6.112110566779594967e-01
2.704649400356804456e-01
5.687220369090362225e-10
4.526680057161139858e-01
6.323895674240747056e-01
5.011685526891975773e-01
2.833727472005400649e-01
2.812039065014146910e-01
3.535248707406552504e-01
1.040338216432423287e-07
7.604983366778653935e-10
8.585738556610706951e-01
4.840903550841934577e-01
2.963873147555089460e-01
7.987786648145462909e-01
-2.013319332874500753e-02
3.871924127104143798e-01
2.914832918977050547e-01
3.095956328735076091e-01
7.257167313513149809e-01
2.562999197072610147e-01
1.351359310024203841e-01
3.053768981438541030e-01
2.989296639500124142e-01
1.276373978300626155e-01
3.934375713960234777e-01
3.283260103756081572e-01
1.632291984901942938e-01
2.942528284955693851e-01
3.153833506250143803e-01
8.204419204525352782e-01
3.169027390645406950e-01
7.865497036032573774e-01
1.017473700869635511e+00
1.932339969564894899e-01
1.460625101134692960e-01
6.982582230825118419e-02
3.824888837517550488e-01
6.370884489394159633e-01
3.842067590478531192e-01
5.027073135884190247e-01
3.990791115274315293e-01
3.550503485785551638e-01
2.735365454820604114e-01
2.616068769711470954e-01
2.566868321877873171e-01
3.936623902899616390e-01
4.621121965525626374e-01
2.943418624040886056e-01
1.246052015860958234e-01
1.429415071441203500e-01
3.566224107252884412e-01
2.075745436890911177e-01
1.087014333764558582e+00
1.392284674245908072e+00
7.325848405643197170e-01
2.890292018423181175e-01
6.883887331155975620e-01
4.607313608760027490e-01
2.551097333978619153e-01
2.953172041093151678e-01
3.210555613170090750e-02
9.890362356101999319e-01
9.489654566134230196e-01
1.067460762388585671e+00
6.246138911226160051e-01
5.941718799160784492e-01
7.068576360587048857e-01
6.574069734184385672e-01
2.961043896427986155e-01
9.164878524216201194e-01
5.213400137540687984e-01
3.981733992093676178e-01
4.311276100323092608e-01
7.250595562271318073e-01
5.399171461828280449e-01
6.248034031898624940e-01
2.192379905761951131e-01
2.272789922568100029e-01
1.202655397769029910e-01
4.674182849181946486e-01
4.361680734744584620e-01
2.256317006933677760e+00
4.185298192411834317e-01
6.196328532431060188e-01
2.803763620492026876e-01
2.278136392536840027e-01
7.006240920716853837e-02
3.186656024121380382e-01
3.647492177939447022e-01
1.061427721934888435e+00
4.508545921759606334e-01
1.286074040933510743e+00
9.726333219108487249e-01
9.366481064389987621e-01
4.349681975257611022e-01
5.733484588268981108e-01
4.172730196700452643e-01
4.206435540958755603e-01
1.385682454303215627e-01
2.696697704485380154e-01
1.128364894776855643e+00
5.085980552661474308e-01
4.115362475175564638e-01
3.526626983971594687e-01
3.037379818598092696e-01
3.063762557849054602e-01
3.320862783630204595e-01
8.875603713011050999e-01
3.754118194767692707e-01
3.801236333754519636e-01
2.830011256445301715e-01
2.815635578582478815e-01
3.461181982189704409e-01
9.571696286487623162e-01
1.086682375036368109e+00
2.873711967858890715e-01
7.725314096548072662e-01
1.134897834199564359e+00
6.066603901911307162e-01
3.727048976275868508e-01
7.440003938800203720e-01
1.099506677993992376e+00
5.079882006530684890e-01
8.709194065254354244e-01
6.844907203898249470e-01
8.283565594569384238e-01
9.690605432169279165e-01
1.036904694696439311e+00
1.855210606849824861e+00
1.716288712666838023e+00
6.868535832724060874e-01
1.037790526729839513e+00
8.987420411672557563e-01
5.315208522613367181e-01
8.425383733234177441e-01
1.155921146527425059e+00
5.580030464493375142e-01
6.193455017132660778e-01
4.748601163727979024e-01
2.387655249208291419e-01
2.029362928279472011e-01
8.913193011982039060e-01
1.223273611822397910e+00
5.706847958218371764e-01
5.368850697941746075e-01
5.890998756186616170e-01
5.050080163331077676e-01
3.871629297575230888e-01
7.935538315888206462e-01
8.304983329789648039e-01
6.793720348704127554e-01
4.537637018100967867e-01
4.044018617953671346e-01
1.737581425150788172e-01
3.593673103930619672e-01
1.203551696146919925e+00
1.378823382515633078e+00
5.127097491716062772e-01
4.678614526051789180e-01
4.995790273437817341e-01
3.683472773842266790e-01
2.290038513550474164e-01
7.543846052837955840e-01
4.703953242954627356e+00
1.813774033537074670e+00
1.496626266067424105e+00
1.160043849492789381e+00
8.001595695889485160e-01
6.207007963269831619e-01
8.635819510928387510e-01
6.873109619641729617e-01
8.158504643906908660e-01
8.483551975145671165e-01
1.081779142620700407e+00
4.917181096411566421e-01
3.726838617794823172e-01
7.735300734775547582e-01
1.478414562735683058e+00
1.136841472051590474e+00
6.310241209570267573e-01
3.803821470693840578e-01
3.960826735535314946e-01
2.011777708814380949e-01
7.052572573526445510e-01
9.295063207848414111e-01
3.884965460579359320e-01
3.470003937941809058e-01
3.373209807012935157e-01
1.675776322513755634e-01
3.097862732061710811e-01
5.407072181831404922e-01
1.216512832353529028e+00
4.671597336913414500e-01
4.178009055039924036e-01
5.438035364946681716e-01
1.063637997550020753e+00
4.574988673518754489e-01
3.951136498135307540e-01
3.167777669972366428e-01
6.930451836134305932e-01
1.085451040438214054e+00
6.782107850721629250e-01
9.569798058606006075e-01
8.645430254682294757e-01
7.903999324516396419e-01
1.027728820496501827e+00
6.320482940647735859e-01
8.169493444145754513e-01
4.688685185961723456e-01
3.451063965719188831e-01
3.916261249041977921e-01
9.690393913617567634e-01
1.000744611184124278e+00
7.939602424626376331e-01
7.211496268025111567e-01
1.363926439181602612e+00
8.458356270331359728e-01
4.297252036104111661e-01
4.801290309859443384e-01
1.528987612148711150e-01
5.725911982117267707e-01
4.475002982110534155e-01
5.015214161958900796e-01
3.983272895477951714e-01
3.381769064977107053e-01
3.719835736386875591e-01
1.008680700006387543e+00
7.282520242120252840e-01
5.798242300102748326e-01
6.987227738603728477e-01
6.293009548249225427e-01
1.008081613987650949e+00
1.106793623291067785e+00
1.194671100099969685e+00
2.853236909644055963e+00
1.256549382798521020e+00
3.607102817037963205e-01
1.021288662996248320e+00
7.321227041899734944e-01
8.213916470277928816e-01
1.043941523916083636e+00
9.391996958723035638e-01
1.858184474862254465e+00
2.274101721336668103e+00
1.342804651066557442e+00
5.445587091625586629e-01
4.992299259169867276e-01
1.280786435120532918e+00
2.659637028674458836e+00
1.373061233295745476e+00
1.228170206214660887e+00
1.083055748487996572e+00
4.369407745215986849e-01
9.912966677648167302e-01
1.132207897917617778e+00
9.893123289590004532e-01
5.302007453425530148e-01
1.499846219385889912e+00
1.007559833314576325e+00
7.516325995911178337e-01
1.103887280340494881e+00
4.954768222986973281e-01
8.538841559429043437e-01
5.279475139289250274e-01
2.058729432170093077e+00
6.845303150227816102e-01
4.303985313696996329e-01
1.138473247314435444e+00
1.234642615421918332e+00
8.888504967700019410e-01
4.646196571144798337e-01
4.910434844246573949e-01
1.060382826526644395e+00
6.411216270948918439e-01
8.246949780276725539e-01
7.645494258805094479e-01
4.542587654621915716e-01
3.050229377094142991e-01
3.963875412618341754e-01
3.566077558003111214e-01
2.709432617868420268e-01
2.807733249746700022e-01
5.813635905355988287e-01
1.170195226269878486e+00
7.108204553299075634e-01
1.406652976383537534e-01
6.893809374873078877e-01
7.195967433821650605e-01
5.220513166059164226e-03
3.110414695097060145e-01
1.322088064644392214e+00
6.039685842010213968e-01
2.878174938805052041e-01
3.355032075966383753e-01
6.024838588679684026e-01
2.177321000466721779e-01
2.419331381961251637e-01
2.891330004137164789e-01
1.056410783913377394e+00
3.472260124764952050e-01
4.963685223974415583e-01
2.547797045376942182e-01
3.357339322757088293e-09
9.025651771946503477e-01
5.616436251682228598e-01
2.162211274466692146e-01
2.276732697660977800e-01
5.669535139750195851e-01
8.092474031291340131e-01
3.360221710038459597e-01
1.679170535927737573e-01
2.681739603165866903e-01
8.313023287759881974e-01
1.088612392917215121e+00
1.064635209744956512e+00
8.010031593238933212e-01
1.542263581699117869e-01
9.228179115118333165e-02
1.765823587114219162e-01
3.189725920676361182e-01
5.104931888648041038e-01
2.315332106321437711e-01
1.574511923882342679e-01
-6.796456209731926264e-10
6.038520249076686497e-01
9.485646266472673727e-01
2.191441699810822985e-01
1.399084566355695836e-01
2.888900493363023569e-01
1.779288316780611445e-01
-8.474936911345239479e-03
2.809671220014503534e-01
3.901158181153218107e-01
2.737920839116873561e-01
2.846861087398566692e-01
3.514631469886217996e-01
3.820366686268565903e-01
5.845918795123766776e-01
-2.396645949567654393e-02
2.887902761762952686e-01
4.652642554453740309e-01
1.280938596390870376e-01
4.079521309192020162e-01
2.083062298491239195e-01
5.096531815483502648e-01
3.634195369157027650e-02
