9.526455729912267634e-01
1.325904534346136421e+00
1.310951630857777994e+00
8.067082660465150212e-01
1.058120496784334064e+00
9.841781975337069444e-01
9.449674394178249059e-01
8.271200813350715331e-02
7.186245760245169034e-01
1.065691522943557512e+00
2.814055891631536688e-01
2.634570813582960414e-01
2.230364583660040811e-01
7.543197691123196824e-01
1.200523115634076488e-01
1.092614923272066330e+00
1.100074327231727933e+00
1.242945930220277662e+00
1.194639316203012669e+00
1.449850286152399637e+00
1.368552161837048420e+00
1.279076952043357140e+00
1.444070613527840052e+00
1.412019875286222081e+00
1.264753781603034088e+00
1.173900399592036070e+00
1.198651021544859585e+00
1.089711015859561982e+00
9.661964624081005315e-01
6.087802212115233091e-01
9.785494005513428739e-01
8.342986279643256342e-01
9.497731919961414082e-01
1.003222030952249710e+00
1.178731183692654838e+00
1.076653737385963927e+00
1.299156353801094843e+00
1.172199230813187887e+00
1.070540641329531084e+00
8.754827514136714894e-01
8.919914182264491176e-01
8.607349539401993876e-01
1.014028939602647839e+00
1.063924300084568397e+00
1.128569226559330563e+00
1.081961078136721932e+00
1.034906497009555837e+00
8.361893112222101854e-01
6.956884146246591349e-01
9.648243580091803162e-01
5.839950968120908303e-01
7.447935315720746186e-01
1.081100303856466160e+00
1.037805943623345106e+00
9.319521234862726544e-01
8.718099045931210211e-01
1.004705652615593303e+00
1.126868426633992115e+00
1.127782384636119017e+00
1.158228756359357625e+00
1.075442276350703441e+00
1.036721039080116924e+00
9.880341106393492057e-01
1.097996259779124406e+00
1.272253101703631595e+00
9.949710376384118815e-01
1.207794704118025697e+00
1.174371322449689892e+00
1.085867741981468848e+00
9.620952737192621784e-01
9.217085806263844994e-01
7.110183417609141632e-01
8.374609243147432824e-01
1.034615382141388373e+00
9.866470836439532599e-01
8.667966687320008967e-01
9.387529174792751396e-01
9.438497123247715503e-01
9.985733043615656612e-01
9.618640736824503046e-01
7.913218545109008684e-01
5.445392230715005999e-01
6.410239048198734801e-01
2.855858885049139539e-01
7.946694499507815923e-01
8.743246334813004061e-01
9.919043812620697009e-01
1.024822763837284434e+00
8.722636532128198450e-01
9.015097769783881887e-01
8.671886136279374213e-01
8.974138055480491705e-01
1.019649062542418383e+00
1.117201727696369495e+00
1.130403936545719024e+00
1.109006408932690535e+00
1.012102536978678247e+00
1.040447066501571260e+00
8.986717437333793246e-01
3.746858115638260212e-01
1.163376157762558843e-01
9.211952490736275978e-01
9.113270921886574838e-01
1.040919844332093724e+00
9.660901391696241625e-01
9.933021707434015468e-01
1.089490423815449693e+00
9.918980397803890403e-01
9.139157138531721625e-01
9.481148573635044263e-01
8.853346574166242045e-01
7.532102197803753896e-01
6.529231959884975733e-01
9.352276976415958565e-01
8.938566419709155220e-01
9.643305338590877351e-01
1.016877366337568311e+00
9.901403818372236376e-01
9.317711518522304726e-01
7.761993442577854729e-01
8.299478282107476401e-01
9.818756814067555183e-01
9.584717843249432878e-01
8.487368056456561227e-01
8.093909889636555777e-01
8.008898485549638124e-01
6.434853185852755786e-01
8.623943175764544611e-01
8.201862136222888289e-01
7.523287567893890415e-01
8.622504165667900233e-01
7.877679797306521570e-01
4.729931312703665180e-01
3.931095585998097275e-01
8.358814445837845497e-01
5.630971980161070256e-01
3.066894091001732825e-01
6.141367981818040001e-01
7.448461733148982189e-01
2.803429326137612532e-01
1.056255345379673999e-01
7.256482911955235426e-01
5.479074701720122453e-01
7.319300988689489973e-01
3.666169759794765115e-01
3.529714307087018499e-01
3.273331619052473607e-01
2.149361244161759055e-01
2.236058991494035975e-01
7.146187910842390911e-01
3.637744424282524092e-01
3.927722623212580588e-01
6.148488631172587260e-01
3.424318748757553821e-01
4.106351889877671857e-01
7.174311848860359664e-01
7.337351588417919679e-01
7.843715908031598794e-01
7.173083011426726330e-01
7.419577078158932082e-01
4.210717654321383674e-01
1.841618498373479296e-01
7.355706504234547083e-01
7.406048066793131657e-01
8.752166676612123108e-01
9.925345189298037107e-01
1.062326082599757360e+00
7.873407852520504235e-01
7.059251223730373948e-01
9.586955331683684189e-01
1.033067707715173089e+00
1.078825766393647578e+00
1.073930993528376510e+00
9.234418491566798171e-01
4.747218145742880813e-01
3.824118714694112464e-01
7.618363689506715275e-01
7.735932075917130168e-01
9.188997776996943312e-01
9.602921601811836849e-01
8.901622543673270993e-01
3.528803268015812677e-01
-2.470392309478109533e-02
1.790594557834822020e-01
5.084851788360476021e-01
6.450408179975984924e-01
7.641308284202749102e-01
8.125997205721733341e-01
6.418287677665225344e-01
6.865059422601232919e-01
8.106180131288149848e-01
7.385948870931521304e-01
5.408572648875025202e-01
6.877384282517470249e-01
7.466454655124580286e-01
1.052898541022585788e-01
-2.392751241125610773e-01
2.109485280903863336e-01
4.840626960775332721e-01
6.786109060562482975e-01
4.700030107779845090e-01
7.289746131732950385e-01
5.251595812763294457e-01
1.346808627719144336e-01
5.365257388802131544e-01
4.405268780116077809e-01
5.908357278058300466e-01
7.589767181418013431e-01
7.651098313158619657e-01
5.360347324851668649e-01
2.021202965786745298e-01
4.373630067989369707e-01
6.243719981225861471e-01
5.023091587480712494e-01
2.047965393769570763e-01
5.211086778665805497e-01
6.659745403200320046e-01
4.054977619927475074e-01
6.690823363989052697e-02
-7.760496498815068478e-02
3.317606424350900973e-02
3.238623848895170187e-01
6.390122144296370710e-01
4.465521136986411732e-01
3.458029753580740828e-01
7.387642364759318125e-01
5.759106119372643384e-01
8.030806088173477741e-01
7.969376087033150924e-01
7.213268683403644133e-01
2.487060109755490633e-01
4.833906524771601765e-01
7.504167610027230317e-01
7.828858465944699141e-01
8.477436241617490875e-01
8.456661971402451572e-01
7.870895823158843285e-01
6.976093417013290443e-01
7.553036187521442457e-01
7.750572738921048810e-01
8.064298055064560433e-01
8.431754492364357256e-01
8.261176807761239083e-01
8.044798615324338931e-01
7.194723782299113912e-01
4.410368891090845067e-01
8.009112495073755777e-01
8.073984046091657873e-01
7.700836337414321831e-01
7.174646307903350673e-01
7.257352817215746432e-01
4.850584474453571993e-01
4.381989508423875246e-01
7.204529823129917077e-01
7.495920711574848294e-01
7.183524316350168304e-01
7.126828328987958594e-01
6.825635004025361052e-01
5.676013523437921648e-01
4.052590408265465682e-01
1.038361443867352185e-01
-2.487225419679011187e-02
-3.357466650210372272e-02
7.287093828573111554e-02
1.736817618933739760e-01
2.807715704611977170e-01
2.295177910190342174e-01
4.991304549633392845e-03
3.030058385036825674e-01
4.789427611181499289e-01
1.266718100197572472e-01
3.849176372761234921e-01
3.412766419050992494e-03
2.561877000089096690e-01
4.987595379417311126e-01
1.077742900271829313e-01
1.867012598620370473e-02
4.276226992770583435e-02
5.270492583728809965e-02
4.173948787928406789e-03
4.325574293430513584e-01
5.441241003325116843e-01
4.161669867569515180e-01
2.051350984122959561e-02
6.262574180439925420e-02
3.095767298381175703e-01
-8.803670625872566866e-03
7.432724443574106887e-02
5.059606664164885137e-01
5.209046089678488478e-01
4.905012275772042685e-01
1.460819206481352994e-01
3.200733400700214171e-01
3.853453448685373317e-01
2.624719416156800489e-01
7.656344438164046640e-01
6.277471922305105645e-01
5.907141625139991081e-01
6.553393601419701398e-01
7.999944683333655160e-01
6.264030538222491451e-01
2.512903724254475502e-01
1.392483275850982805e-01
7.665136569399128019e-01
6.162081675367332423e-01
3.167237070682145106e-01
1.262101872139263503e-01
3.117136685891976899e-01
3.934221734046449148e-01
4.858325779895734109e-01
7.780377895205967675e-01
7.099788727432365665e-01
7.567109259956534828e-01
6.582839367096584571e-01
8.591368166356833092e-01
8.702041629432376579e-01
8.608552743756096026e-01
5.900142929391055668e-01
8.349357460667932163e-01
9.342654783463963941e-01
1.024737784893695158e+00
8.677924253042759162e-01
4.145639039390220382e-01
7.189513130344921121e-01
1.028052915643342891e+00
8.537746777297485767e-01
4.550514303756315604e-01
5.389591898599067621e-01
8.332242875663367077e-01
1.058755317291123266e+00
1.024118527924815281e+00
8.098199465326598734e-01
9.936980123123131392e-01
1.085335486096999258e+00
1.051986156770760017e+00
1.041048148511992677e+00
9.865057612407850396e-01
9.854404697059684359e-01
9.812704827031306642e-01
1.073213176142294945e+00
9.876964003916104406e-01
8.930873619319568135e-01
7.780842763579502996e-01
4.313800580721963152e-01
5.382955516699221565e-01
9.222393432381206235e-01
8.141146029487476010e-01
8.473779369477913992e-01
8.314813123405221384e-01
5.913712709787297683e-01
3.511922695760325563e-01
5.763629214282761648e-01
5.536495000391925547e-01
4.525751377173800605e-01
3.219483401757695651e-01
6.137681834785821411e-02
5.711346939533631928e-02
4.151201295846963513e-01
3.738029352115538329e-01
4.692756423329934035e-01
6.011316486182068930e-01
3.249581926294902723e-01
4.652172135619471738e-01
6.336497273056025392e-01
4.857029110642092640e-01
