5.561405787931252009e-02
5.834416101075101668e-02
1.693029393780869918e-01
2.967536859782383130e-01
5.342895360946536831e-01
2.460758889462132948e-01
-3.860607231367824133e-02
9.689957954805497042e-01
7.356761217897194172e-01
6.381642692017890084e-02
8.074215623804860131e-01
6.725357207658703151e-01
6.423169491797289243e-01
1.177075740838317251e-02
7.964340064179015188e-01
2.427995652435376850e-01
9.384714062112076149e-02
-5.768499068592464711e-08
3.285089392950080178e-01
-3.411083753794807993e-02
-7.668005231714476083e-10
2.648763483492319604e-01
7.723213658908542056e-01
3.597755300087168151e-01
-5.990944276667192758e-02
-2.792535799450602402e-02
4.157964168778476299e-01
-3.752500862495841436e-09
-1.333136041491647301e-08
1.955770243898769523e-01
-2.333594457922326336e-07
-4.839803098792463970e-08
5.969763634045018863e-01
-1.098403983753951462e-08
7.977722338543233316e-02
1.054192280442043623e-08
-1.178582278156613137e-08
-1.664238382683188716e-08
5.784310295855522949e-10
-2.544120385128939154e-08
9.744978409009725569e-10
-2.245804954688116913e-10
-2.654972405381957436e-08
-2.199036354349358553e-08
4.896017800164335632e-01
8.053357318437411616e-10
-1.968519199183254576e-09
8.448703804649125583e-10
7.179922953516981732e-02
-3.074341482462244883e-09
-3.864062444698568149e-11
5.494986334860394450e-01
-7.817148262094651689e-02
1.233133472033393466e-08
1.243634658215192240e-09
-4.215454062212239466e-08
2.698186073707519783e-08
-8.640279365508536818e-09
-4.130989607724039573e-08
1.444212027475679137e-09
-5.411551617240933867e-09
1.676221223828045592e-08
2.067288391619120380e-08
3.235668326671876041e-07
8.980269004246985154e-02
-7.229118635626733628e-10
2.222514005001720028e-01
-5.405815910766057539e-08
-8.615699023670465193e-10
7.796434118430596718e-08
5.125115443891834131e-08
5.268232096256717650e-02
3.344479752936165007e-02
7.287845339481108918e-09
4.161978376331052175e-08
8.214110293262503453e-09
5.063998879868963861e-08
7.950553616219581950e-09
4.105001269883868745e-08
1.347326834152632503e-08
-2.710657009150172778e-09
2.196546679820011727e-01
8.629386175772894851e-02
4.430107675810661116e-01
1.478391720688863181e-02
1.769142704826812140e-07
4.316504222958591794e-06
8.098682933766668257e-02
-1.157736361537913523e-09
7.851220667729207070e-02
-5.165947140686877970e-09
1.409412506893223871e-03
1.290703392128746130e-01
2.407288128126731930e-01
1.353360330189261052e-01
5.991964978538811992e-08
2.273951075569573328e-08
1.909519597295691925e-09
7.644663659251511018e-08
1.796663447930212099e-01
9.648997381600801226e-01
-3.330487303885725297e-09
3.353463361942763323e-09
-4.776168183290476627e-02
2.102945403574924230e-08
1.350990585013829514e-07
-4.196376653457424819e-09
3.734161160085044067e-08
4.022315437199818627e-02
1.942350126174025691e-08
4.837448081825350839e-08
8.531319500116832377e-02
5.814407919364219524e-01
-5.522726564978387337e-10
3.957680225025049092e-10
9.495632097708477414e-08
2.590602742201562637e-08
3.313720712402488250e-02
1.427371008995061867e-08
1.954465331427447661e-01
1.658360374269500226e-01
2.555219274900160343e-08
3.008837916426618242e-02
9.978608684711479104e-02
-1.375113375566957265e-07
1.438785452132299926e-09
3.437372917657749438e-01
1.102230340130146725e-07
-3.469519436668368923e-08
-1.558370345141068470e-09
-8.779381732839786302e-09
1.520849289959169989e-08
9.359740512449153022e-08
7.623269924979048096e-01
2.806759270243982494e-09
1.083864351104808316e-08
2.996863316944881617e-01
2.578770901832578288e-01
2.277554630962755521e-09
6.945376119134240023e-01
7.381023129194819177e-01
-8.399309012288269649e-02
3.760721434324882169e-09
-5.728902211476016165e-02
2.740893209448266310e-01
6.189053887217382810e-01
6.703183653252678953e-01
7.147587315621332094e-01
5.537424207835943690e-01
-1.161589733578591299e-02
5.006593795329149499e-01
3.996299976120608610e-01
1.889373526327244868e-01
6.609710086154536590e-01
5.102013890115465466e-01
4.304639896792751957e-08
1.318375273754661942e-08
1.618406909096722375e-09
1.238698960829644549e-02
-2.968113103315593582e-02
3.256871272808327666e-01
7.576194543283314431e-01
2.001690680615680895e-02
2.556664570803249270e-01
3.137304384326364270e-02
4.061460737869796243e-08
3.054182726022146270e-08
1.776201567258046738e-07
6.367706097338110549e-01
-1.054076117148671441e-09
1.257623869573035961e-07
5.456790991446021103e-09
1.303028421467021970e-09
7.084344227034612084e-09
9.129101786412104902e-01
9.799584916642186672e-01
1.778040581792005026e-01
7.323472820508993009e-02
-2.358180789340578462e-09
4.907863019909581568e-08
4.278051206412073922e-08
6.569466307596032451e-01
5.515237111642852241e-01
6.701853319939806708e-01
5.156204970101512242e-01
2.379495657449993418e-01
8.322361178341751431e-02
3.894765045551423083e-02
3.423011272515518177e-01
3.387911687241403347e-01
1.993471842825483148e-02
1.106454154302452669e-01
4.991840749226749141e-01
9.698715076848182792e-02
4.509233272843769147e-08
6.277611999320159564e-01
1.133807301932104883e+00
2.596259216411075377e-01
5.410922345125599526e-08
-5.518151641067384641e-09
3.388350926188985479e-01
3.282493480868387129e-08
3.089022397224635008e-01
5.813128127866383776e-01
4.118111237356569809e-02
3.203917123475980566e-01
8.318103348617758575e-02
6.298594498948685669e-08
-3.632180171484066301e-08
3.338518589277504334e-01
6.145946228599470373e-01
2.334632134853720786e-01
9.623999593053289905e-03
2.900488973013620186e-01
6.113654552937660691e-01
-4.133991329396172892e-02
5.417917818451517779e-08
4.488281634865155523e-01
1.187533362366758466e-01
9.580994823354156698e-02
5.044276634148765430e-08
2.334531650180017570e-01
4.869238027755375658e-09
4.716978168085772527e-01
6.497464112065898245e-01
2.511420921247467403e-08
1.443001006047162083e-01
2.576283548227209273e-08
-1.395654153418568017e-09
1.215279018048254878e-09
3.521289544587983420e-07
2.896644440249251384e-01
1.387251081270649918e-08
3.660020967669894999e-08
3.742783737690284138e-08
6.903845022257796970e-09
-4.199788089138969504e-09
4.917070175623080436e-02
6.045815764730536577e-10
4.707858490115317672e-09
-2.615379659846523931e-09
1.335018175678141324e-08
4.806777924845421430e-10
-1.252416162129748912e-09
3.218163187063323432e-11
4.466194933670620815e-01
2.271099524486604396e-08
-1.562653880545730437e-08
-4.684657762336862346e-09
-3.168112310060828365e-10
7.649961845286318610e-10
3.535421836537892548e-01
4.582957338524634716e-01
5.994005712089253688e-09
2.605613005667273476e-09
1.350912899663635829e-09
3.928125190686449932e-09
0.000000000000000000e+00
5.007151040637997895e-09
2.651993352502157730e-01
3.596895204078818242e-01
5.578009726013512942e-02
3.304071392190637696e-02
-4.641999997903037988e-12
-5.428088335751086319e-02
3.241064611083275456e-10
-1.052186554745169766e-09
6.323208738392960271e-02
1.503475893960756414e-09
5.376348319846618547e-11
3.965689819461800525e-08
-6.331569979767042570e-09
4.249996156677898207e-01
1.235488773194310386e-01
-2.956330324896811830e-08
6.253514475537533257e-02
-7.924251111613331636e-03
4.336738266814255116e-01
-5.766735645928856640e-09
2.781197403624350306e-01
2.220445205478992335e-09
-3.262808313695713714e-08
-3.198930266323271346e-08
7.606804692462305895e-02
5.098095153989116168e-01
4.384580645171161362e-02
1.301968016917862958e-01
1.533325186978493904e-01
2.353896335365183757e-08
1.394516529805664082e-02
-6.896644444564885347e-09
1.524506778334800694e-01
-5.877976410594760579e-09
1.019131885383302849e-01
2.019904513195765472e-01
-3.969135483609355384e-10
-8.548689435056533448e-02
-8.791034749273061946e-10
-1.465175805049422769e-02
-2.715483056078011756e-08
3.644606041344348735e-01
3.358353266605068610e-01
7.627680138334343996e-01
5.584848155949405646e-01
1.725990830745094753e-02
2.743553813789745832e-01
4.361566202899944678e-01
8.143005079561035919e-02
1.653840220035351360e-01
4.780614830612168742e-01
3.270907949232999545e-01
7.559310357183875173e-02
1.433359053538876826e-01
1.439332763351754696e-01
-1.520456306033803630e-09
-2.126922845148650239e-09
8.265551562498954508e-02
1.936360715397767718e-01
2.058729145224780510e-01
2.864871707991719640e-01
7.471090483025535911e-02
-3.148816381792173685e-02
4.809167175896548740e-01
5.051554842622133501e-01
1.083527246935701155e-01
-1.359553733610092685e-01
1.332090800257982044e-01
1.652410060061511865e-01
8.440298603427597024e-02
1.117264130686719814e-01
9.990482170527796579e-02
4.058517056658351163e-01
2.661607270063993669e-01
1.058064682297285231e+00
7.965454541779631858e-01
1.437381199654408082e-01
-2.274097323666135911e-08
1.618991580824923338e-01
7.057412317280195579e-02
1.288913053814058074e-01
1.647391903124206247e-01
1.264041735946691281e-01
-9.809505414647895598e-09
3.011116660844150306e-01
4.847561842785810815e-01
-4.262986432693147837e-02
1.177062155925870934e-01
2.627103707359084717e-01
4.071052434594114866e-02
-7.861332592979823592e-10
1.149939390005441375e-01
1.661850051057401148e-02
3.432179146391679120e-02
1.779359407001735172e-01
1.638804642816941159e-01
4.599116156927830490e-01
5.286253050216969118e-01
1.556003295112489034e-02
4.168811512566189710e-03
7.028828735999959054e-02
2.538465946879969737e-02
2.449675946658840808e-01
1.270162438112478476e-01
4.169297552574886129e-02
2.512312903438306266e-10
