5.561509967681194100e-02
5.834545522479984286e-02
1.693067969229543890e-01
2.967579359359950875e-01
5.342938526671465738e-01
2.460804900115615146e-01
-3.860354774372968395e-02
9.689997351477575016e-01
7.356797888926356332e-01
6.381746104445698564e-02
8.074251881201074399e-01
6.725399829223516202e-01
6.423210381998072371e-01
1.177185802575456477e-02
7.964381549302009811e-01
2.428030223929149023e-01
9.384851522538252555e-02
-5.768650620467180071e-08
3.285124445123581705e-01
-3.410954631712600355e-02
-7.668055904803971994e-10
2.648793306619937615e-01
7.723252604373591623e-01
3.597794176612582051e-01
-5.990811659860944410e-02
-2.792158355970805750e-02
4.158004955540750003e-01
-3.754397000710149503e-09
-1.332871080525780505e-08
1.955800525794259004e-01
-2.335603011275045461e-07
-4.841091377767489638e-08
5.969807473345962734e-01
-1.098398896559893550e-08
7.977849396552874617e-02
1.054139703596232635e-08
-1.178596235199261609e-08
-1.664540595171711514e-08
5.782064496448630501e-10
-2.547367413064305866e-08
9.742156062758135335e-10
-2.251598930172657254e-10
-2.655616234286616378e-08
-2.200657121435670098e-08
4.896052299006325992e-01
8.045652098311854725e-10
-1.968779223212475166e-09
8.448970831153299681e-10
7.180058146618689685e-02
-3.073968010623877311e-09
-3.822091321642978645e-11
5.495024323820695278e-01
-7.816881346540377473e-02
1.232408977275141220e-08
1.244336551108889381e-09
-4.211799746646042471e-08
2.697390572101247396e-08
-8.640249796229320501e-09
-4.129159839450122204e-08
1.436099252383831544e-09
-5.406724634844025363e-09
1.675905269049428853e-08
2.067117970846350323e-08
3.236938987899818509e-07
8.980650134771461790e-02
-7.234424641800607911e-10
2.222547220966147319e-01
-5.408084471558859067e-08
-8.613373491468879249e-10
7.793461664314486354e-08
5.123082609474433571e-08
5.268351562356714951e-02
3.344598732804298508e-02
7.277740068831679595e-09
4.163911635959753812e-08
8.242806244513281258e-09
5.063069583993792526e-08
7.950371097537302224e-09
4.099675539236191800e-08
1.347357069996892536e-08
-2.712252728635318230e-09
2.196567470489578788e-01
8.629620361559192654e-02
4.430151457314099317e-01
1.478656324238572864e-02
1.769178584634898220e-07
4.207024090370027668e-06
8.098828761005401333e-02
-1.157461083502257180e-09
7.851340969836374806e-02
-5.168732049758242847e-09
1.411086064725193068e-03
1.290561753318397176e-01
2.407309778574670545e-01
1.353396841423002428e-01
5.991223718981824401e-08
2.273074408306619310e-08
1.902943010576156954e-09
7.635970103827988471e-08
1.796603146383489169e-01
9.649038128061626640e-01
-3.331554286717131929e-09
3.352728232745126699e-09
-4.776068306190497936e-02
2.102942149674841217e-08
1.350451060465143808e-07
-4.195043363243173450e-09
3.726729566387162488e-08
4.020602693932373572e-02
1.943776816207431880e-08
4.830364386844583657e-08
8.529600098085381166e-02
5.814395189548414722e-01
-5.518815589661359883e-10
3.956729277509989635e-10
9.493143745363700678e-08
2.590741902228933406e-08
3.313825152275336194e-02
1.427504183185213850e-08
1.953914973142570621e-01
1.658229901551220575e-01
2.556695078593186216e-08
3.007714147129093851e-02
9.977633401823593484e-02
-1.375699503088113887e-07
1.438676105175224521e-09
3.436735830231851807e-01
1.098234057778779913e-07
-3.470270874045641899e-08
-1.559509864496630863e-09
-8.782370706675595238e-09
1.520010566148037211e-08
9.275942920908235196e-08
7.622760511567550079e-01
2.801619461614548777e-09
1.083261954654026625e-08
2.996888696227763549e-01
2.578227411415253689e-01
2.270351019161694756e-09
6.944794365354389765e-01
7.380407317683004287e-01
-8.403043137816385011e-02
3.754273178091417845e-09
-5.730514995370870196e-02
2.740605006135247157e-01
6.188670330606576009e-01
6.702482921467901589e-01
7.146972121667113376e-01
5.536996152844064767e-01
-1.166101019127118235e-02
5.005998227961704350e-01
3.995870437844061263e-01
1.888920271959944885e-01
6.609118315711752789e-01
5.101322719720972065e-01
4.300264518210743225e-08
1.314853276167623330e-08
1.618343397667362734e-09
1.236531642915186975e-02
-2.972815416615302506e-02
3.256543031661930931e-01
7.575579949751000131e-01
1.997841190714251536e-02
2.556111983332917670e-01
3.132526314799397027e-02
4.055938830905634636e-08
3.051011113208902322e-08
1.754260269762620512e-07
6.367540619996922002e-01
-1.068583832415367126e-09
1.257831489279634146e-07
5.458171272518223631e-09
1.302784183363255916e-09
7.077081470057294108e-09
9.128532264449674694e-01
9.799047025137941347e-01
1.777754372084939249e-01
7.319366819585586270e-02
-2.360726406270364118e-09
4.906106438595321496e-08
4.276398892707643692e-08
6.569028279457503894e-01
5.514805741572457176e-01
6.701534978940051346e-01
5.156018868978732295e-01
2.379080845729672211e-01
8.319738580572884346e-02
3.893660548985147796e-02
3.422601447763941040e-01
3.387361968011248781e-01
1.993336965235005531e-02
1.106278823676890150e-01
4.991793346331510617e-01
9.695424074162446726e-02
4.509198884328906877e-08
6.277615988272939873e-01
1.133779424562210147e+00
2.595837896527600774e-01
5.413721991549765818e-08
-5.522263784866958464e-09
3.387898529366442091e-01
3.282708797668573080e-08
3.088837555682280578e-01
5.812612944908674972e-01
4.118232067238172117e-02
3.203515748177907518e-01
8.316492792645167886e-02
6.294609919423497977e-08
-3.633455061043391046e-08
3.337953284561490097e-01
6.145488280236339751e-01
2.334670719003645867e-01
9.614656710707087869e-03
2.900161115041480220e-01
6.113156287985677118e-01
-4.133726155206687153e-02
5.410291230597460146e-08
4.488146925137354026e-01
1.187569576041773434e-01
9.581615643668596471e-02
5.045563646464484170e-08
2.334121127593451750e-01
4.869040492947231579e-09
4.716540629085708147e-01
6.497187576545647714e-01
2.509995308299166746e-08
1.442997642770159072e-01
2.574752026531783988e-08
-1.393572849357088402e-09
1.214849850898934965e-09
3.524546540643010809e-07
2.896452429140733975e-01
1.386772863373827521e-08
3.660009366740451313e-08
3.742659783210434441e-08
6.901663523196021049e-09
-4.201277270558121332e-09
4.917013469755507349e-02
6.049787800954943387e-10
4.702414416959982975e-09
-2.618407470952373114e-09
1.335126313835166602e-08
4.810362930980870508e-10
-1.252484665838215201e-09
3.227907030480719272e-11
4.465987360838422626e-01
2.272623691659342397e-08
-1.562717630159875800e-08
-4.686405417242963612e-09
-3.168840171463846870e-10
7.652669881560337968e-10
3.535395476753406818e-01
4.582484076713043697e-01
5.993750474302936608e-09
2.604563300184406442e-09
1.349148116516890650e-09
3.927591940323296551e-09
0.000000000000000000e+00
4.988648860680298588e-09
2.651700226204300459e-01
3.596950425628515635e-01
5.575664456766325772e-02
3.304274245490562700e-02
-4.325492595750350178e-12
-5.427660032684216568e-02
3.239660577061592927e-10
-1.055943653050425689e-09
6.323321839047552073e-02
1.503589233064945146e-09
5.365683737146172796e-11
3.967489303468501175e-08
-6.333396053079004520e-09
4.250046638200389859e-01
1.235368812962753804e-01
-2.953029267176875853e-08
6.251042534685527507e-02
-7.926315523628315804e-03
4.336777055064403585e-01
-5.767867131480752654e-09
2.781236390545736570e-01
2.206690538384664209e-09
-3.265709877295381209e-08
-3.200425195188665007e-08
7.607215727036233111e-02
5.098133941188950358e-01
4.384728680273416307e-02
1.301861391817459024e-01
1.533351993018386150e-01
2.356802098132558348e-08
1.394748405257689727e-02
-6.901509385734695755e-09
1.524547366369206625e-01
-5.879632063176700669e-09
1.019167829086294885e-01
2.019945969059184221e-01
-3.971539151514303372e-10
-8.548240183341079823e-02
-8.803911787563428210e-10
-1.465023431786631122e-02
-2.716310814719615915e-08
3.644649533409860531e-01
3.358395041758737709e-01
7.627716062604230629e-01
5.584888144862377723e-01
1.726256516240431971e-02
2.743599410701896280e-01
4.361607616060841908e-01
8.143425507662763185e-02
1.653879822596838189e-01
4.780652492866307446e-01
3.270943147794734274e-01
7.559581849453543556e-02
1.433394444164515225e-01
1.439373122635832225e-01
-1.520950610711530251e-09
-2.127440174200829275e-09
8.265960432040501960e-02
1.936404078341975032e-01
2.058758566870724782e-01
2.864910771772664622e-01
7.471186255987236069e-02
-3.148433284224777529e-02
4.809206312845065168e-01
5.051606248653037756e-01
1.083552025146437003e-01
-1.359519534792885398e-01
1.332114227173891441e-01
1.652451602400140662e-01
8.440422220785827323e-02
1.117290560155111412e-01
9.990608266967625217e-02
4.058555000952490666e-01
2.661620817060424415e-01
1.058068774718762262e+00
7.965501243876830229e-01
1.437420936439421648e-01
-2.274916368554348850e-08
1.619043230835571501e-01
7.057519560709288320e-02
1.288926382257672421e-01
1.647436673670212848e-01
1.264081401141727845e-01
-9.814049348118567189e-09
3.011158506780350352e-01
4.847600052240844670e-01
-4.262586537446244606e-02
1.177100979871634756e-01
2.627150462142121556e-01
4.071360260433164180e-02
-7.862599396075576761e-10
1.149964495956018462e-01
1.661983472924971617e-02
3.432337766801023260e-02
1.779403404226014840e-01
1.638850757260917612e-01
4.599157750646828968e-01
5.286302269856454350e-01
1.556309151578312913e-02
4.170977019310054615e-03
7.029266233279866938e-02
2.538681251512407352e-02
2.449711702066315333e-01
1.270202926416734435e-01
4.169597188542519678e-02
2.513068058937262265e-10
