1.894227417071242259e-01
5.533703899275635441e-02
1.915628206762088614e-01
3.093788206346836378e-01
5.548138119274205193e-01
2.460804904563123341e-01
-7.262269213073570262e-02
9.713367890210191646e-01
7.356797985227865322e-01
1.877100867535055617e-01
8.736115531734645057e-01
7.133235215901890802e-01
6.460500054320469365e-01
2.616850119214697012e-01
8.031071536536621425e-01
2.976444086747915274e-01
2.548170849941712723e-01
3.731654568334991096e-02
3.354236624699964420e-01
-9.770429169493041743e-02
-8.203196438282944758e-02
2.599703683081605599e-01
6.663295459554896549e-01
3.637638460677219965e-01
-1.146922544069600841e-01
-2.952890436501684479e-02
4.186063054264899108e-01
-1.791375610935114493e-01
-2.343642440933964288e-01
2.634924215145071358e-01
-1.216870836184911764e-01
1.496196366034917569e-01
4.999464694636460149e-01
-1.720896304309750893e-02
9.723222484380912578e-02
1.483468101773828367e-02
4.144352216065123051e-01
-8.333213792271169928e-02
-3.598108279461914675e-08
-5.593924678289226293e-02
4.948659417401174432e-02
-1.107437990550987766e-01
-1.289810196060564851e-01
-1.025725306551880101e-01
5.243560881974430599e-01
1.600759359454956010e-01
1.232033978516163392e-01
-1.720271275800437748e-09
2.402810312369987322e-01
-8.037232271062364135e-09
2.602108845960599548e-01
5.782781368691570778e-01
-1.846498241566723320e-01
-3.976442826222469779e-02
-2.257206255976087464e-08
-7.605010609995650761e-02
2.851807277122663312e-02
7.358685516744969957e-02
-1.558182323862734864e-01
1.246307220145350808e-01
-2.736371528924397160e-08
-3.404128878362819299e-02
-1.684398800689415610e-02
2.234901718582006092e-01
2.890051139535992353e-01
8.790521845339255291e-02
1.951384337210375908e-01
4.849870976414386720e-02
6.047525361577058001e-02
-7.044984043493216636e-03
2.961481848454184176e-02
1.130863852214680221e-01
6.381989158918704996e-02
8.240224703209206303e-02
3.224486274124838125e-02
3.286778772897848335e-03
-5.820778272090970914e-09
3.266843340374932611e-08
-2.703612363202585744e-02
-4.891437128344038043e-02
-8.623660126476430030e-03
2.797805639837229186e-01
9.148022738468902793e-02
4.511518251050281592e-01
3.265868091383967997e-02
-8.817136079746862309e-02
5.017954341402820484e-01
3.279070386933724546e-01
1.101283112353056565e-01
1.734658279241858836e-01
-8.730403469675049322e-02
2.275871289498426764e-02
4.271811943518871169e-01
1.756385028354012223e-01
1.334458217829516680e-01
-1.199788570778543007e-01
1.939793396880259686e-08
-9.762164108376758520e-02
1.792377422612572713e-01
5.542629643406912221e-01
1.041415832695729460e+00
8.433256064939140262e-02
7.202358190871878396e-02
-1.626720331213270809e-01
-5.541623379142175965e-09
-5.340224645644010143e-02
9.649559637944608859e-02
7.314376170414546574e-02
1.035540439918812422e-01
-3.764571915129920343e-02
1.209755321210223417e-01
3.565280759629353979e-01
5.814395517551527170e-01
1.443964342810987733e-01
3.544659307200128534e-02
-6.006511731189891762e-02
7.998525501639103252e-02
1.293328157919970411e-01
1.031528170159878993e-01
1.938000783267506411e-01
1.896471692258103470e-01
2.679588792282543985e-01
1.247469921378435709e-01
3.153435977187302175e-01
-9.508742688638296969e-02
6.705203388635502804e-02
3.475210278884620085e-01
5.827164863208144502e-02
-1.930729088246123035e-02
1.017704873677829219e-01
-8.876506462283123559e-08
4.203647289538899107e-08
5.857408752237586169e-01
7.561724672677115899e-01
-1.817564633191336709e-01
1.707487127962700746e-01
6.727365252761970948e-01
2.537529541980201864e-01
1.782528471240294454e-01
6.853594812212463472e-01
7.263939299184626330e-01
-8.403042468048822766e-02
2.976756969474258496e-01
-1.686680993168718223e-01
4.432766179893052327e-01
6.149434746545594521e-01
6.702482831255901496e-01
7.146972456377952421e-01
5.527998655897311542e-01
-1.166103696623151803e-02
5.287932379690658546e-01
3.783471278783575587e-01
2.553286113021444592e-01
6.609118849323143419e-01
4.975423262916643385e-01
2.050323242918231786e-02
7.820481962571794454e-02
4.589886508251872499e-02
5.630588813164516537e-02
-2.584940045894499813e-02
5.761115039857801490e-01
7.547679781527457665e-01
-1.119857053835466394e-03
3.038027107904047175e-01
8.528677678002395679e-02
3.275231313929372057e-02
-6.481448486763820294e-02
4.531172679561433214e-01
6.367540142346665988e-01
9.205261342111982492e-02
2.662445269110242929e-01
1.937603608518767839e-01
1.207580060242137605e-02
1.074886267750266855e-01
9.128532388678864962e-01
9.799043128635518407e-01
1.641093085221998760e-01
4.119339342332415527e-03
-3.633301030692917544e-02
-1.025915343496407311e-01
-1.671303528514080788e-02
6.569028124715527994e-01
5.150165815883898102e-01
9.440503172192504788e-01
5.344909200327488952e-01
2.276541608929442961e-01
8.672681466094721292e-02
1.065174260599832390e-01
3.422601030682915213e-01
2.605413184424053008e-01
-3.819893892376351185e-02
1.830049731731921980e-01
4.991794077954145870e-01
1.203123900633706334e-01
-3.243096182946615669e-02
6.367057309345466320e-01
1.070027699229369800e+00
2.161748690116667704e-01
1.775057158856113149e-01
-1.248097110486629524e-01
3.930477045652051582e-01
-8.957781949159254742e-02
4.870116244890163038e-01
5.684198217443262591e-01
2.350468451702443159e-02
3.635634465977070073e-01
7.608022117987568722e-02
-7.885236575968253281e-02
-4.259941247887889804e-02
3.331540799107877704e-01
6.145919732735907193e-01
1.354215253642718775e-01
1.883616518573291362e-02
3.314642840768667331e-01
6.807695879883461920e-01
3.189992310975735268e-02
-2.683060901275708884e-02
4.488147303459356641e-01
4.387005609329161504e-01
1.144368583875565309e-01
8.084644357984284435e-02
2.290796797999893608e-01
3.221423274354408978e-02
4.820284423689156772e-01
6.467403947866529057e-01
-5.137716997461655444e-02
3.384654714298907519e-01
-1.542150203721134594e-01
-1.203625034783005605e-08
1.323084184119914358e-08
5.119019471208522409e-01
4.285562240630270692e-01
-4.323213665216169704e-02
-1.804923003046886423e-10
-2.005801261180888233e-10
-4.647622863164332331e-10
-2.998272516929952951e-09
6.860265764742760897e-02
4.621695080010667360e-08
8.925126151950745192e-09
-9.827363058444325403e-10
1.793619545394906897e-08
1.686814567501352500e-08
-2.762969284535837983e-09
1.861501421868685599e-02
4.782480834096328737e-01
-1.450214210887883388e-02
-1.175070450714548647e-07
-4.423807986935355996e-08
-5.137334723556657295e-02
-3.626037842539715709e-09
4.669651235640800424e-01
4.440456553501039849e-01
-3.122524760385855556e-08
2.292828435239013413e-09
4.438596106678168595e-09
1.402730467450039406e-08
-7.592325468301514754e-09
5.401098474042650283e-02
3.670486644123945319e-01
3.123590824257322929e-01
6.956353257438488424e-02
5.782842115904582997e-02
1.705836497815839403e-01
-1.112074462346810816e-01
-3.589360855921210763e-02
2.871805401653424461e-01
1.820884731746138241e-01
-7.931056293617588793e-02
-3.697117134023854973e-02
3.240380333015134284e-01
2.145695794321104966e-02
4.317892572941252616e-01
3.596625136422626490e-01
-7.968247670060366050e-02
1.189241022125593211e-01
-9.433102290567929593e-03
3.674865118093170180e-01
4.537297543508136966e-02
2.511581430303761464e-01
-8.993675550125789994e-03
4.706582866376011337e-02
7.500764279379763810e-02
1.497891491234147610e-01
4.954958309859899823e-01
-3.190332830981341267e-02
1.349920409734307603e-01
3.854773676464818832e-01
2.986072499187633622e-02
2.631445543570571852e-02
1.189652179783500241e-01
1.293265285740225201e-01
-5.518453013996656165e-02
1.612780046433525405e-01
2.298297153948905547e-01
5.247367753468574758e-01
-9.386609903861622972e-02
-2.246253647129796069e-02
-1.713379729091399697e-02
4.676509275662180110e-01
3.336054391293373222e-01
3.102721011223290026e-01
7.627716207997563558e-01
5.845383337063672080e-01
2.256496020865772414e-03
2.773427446743186864e-01
4.138770306401553523e-01
-1.091890425408403864e-01
1.446779139994683328e-01
4.780652589043279388e-01
3.435402547324653555e-01
5.368965630929771471e-02
1.464368618182693427e-01
1.343808606899397629e-01
8.638702261719832798e-02
9.552528792707526417e-02
1.797509790708723756e-02
2.092679579467691675e-01
3.129852278190380366e-01
2.147064041854604977e-01
1.999913431770704297e-01
-3.999253624160609144e-02
4.809208942703733780e-01
4.538864253622956202e-01
1.945890041712176610e-01
-1.444571368800021405e-01
2.556621404569173750e-01
1.897057093726475518e-01
1.637215400304884994e-01
1.830507054267141998e-01
2.564351247210777673e-01
4.058554986159954581e-01
1.071071519221333368e+00
1.081699840393024914e+00
8.065560294309903622e-01
1.335097707150154633e-01
-2.622203714434864427e-02
1.619043161435790301e-01
3.116850881249455529e-01
4.480008810369114358e-01
1.152678628782186077e-01
1.313560092557000680e-01
-7.413221457477232532e-03
3.174702743361359492e-01
4.888449545842862842e-01
-4.262585566782782498e-02
1.499814772693722487e-01
2.662110435020826338e-01
5.106026597268895767e-02
-4.523672377331639655e-02
1.742592667892745306e-01
2.583472779089162133e-02
9.588883716489987608e-02
1.779403329916972865e-01
1.771707598621157509e-01
4.608990306623838018e-01
5.286302356552694537e-01
-1.465002685820637925e-02
-7.743732783478754489e-02
7.084521815621670771e-02
4.314362729649735828e-02
2.509134209545471061e-01
1.401781992249537812e-01
2.618290651300103980e-02
1.137806221807001056e-01
