-1.113740164643152354e-08
-9.243949561658139183e-09
-1.330937124802493455e-08
-1.252452479932908577e-08
-6.741195355246107671e-09
-1.248071040357235953e-08
-1.279535686017457153e-08
5.126141979849574695e-09
-3.230288773653867820e-09
-1.671614774288293359e-08
-1.396957726491443662e-09
-2.985473824943064341e-09
1.354368493519945958e-09
-8.306732683168729434e-09
-2.645340097806425705e-09
-7.746766237047753433e-09
-5.667480931703957488e-09
-8.983830273245195546e-09
-5.948360443398841108e-09
-1.963053860278160728e-08
-7.865013301414285838e-09
-2.746062283661597441e-09
-4.397109337308977861e-10
-4.182045627534731101e-09
-4.152355534824256363e-09
-3.914890493488460343e-09
-1.499975526872827323e-08
-8.391543640108950687e-09
-8.722223090254307176e-09
-2.432149444087692608e-09
-7.425444384586351734e-09
-9.779795758989703738e-09
-1.075720792279617462e-08
-1.098248728473084162e-08
-7.377392042180692823e-09
-1.352599064707659911e-08
-7.665104304263531713e-09
-9.564704070636262779e-09
-1.076033164772765784e-08
-8.228315277360558524e-09
-9.249868873576982252e-09
-6.737239673795842671e-09
-1.195139296676315522e-08
-6.765816584385226648e-09
-9.542049173893912999e-09
-1.055771618936686273e-08
-8.302209900760327446e-09
-1.078217000866493840e-08
-4.846215658657728998e-09
-2.071104377947765565e-08
-1.147227419846410905e-08
-4.806722972149280258e-10
-1.105354043498473711e-08
-1.465626979638582853e-08
-9.088412535243595872e-09
-7.059155546227726031e-09
-8.487274776224539637e-09
-1.000171309485744827e-08
-1.386710248193891560e-08
-9.971712173135030692e-09
-9.607668828743944989e-09
-1.111171488595434312e-08
-7.887628565615670224e-09
-7.040333956995184417e-10
-1.253049834313845368e-08
-1.266782481741077886e-08
-1.387084993389616981e-08
-1.435116408684812270e-08
-1.481082592443031137e-08
-9.880377412329194191e-09
-9.941730075582257581e-09
-5.630166108659134900e-09
-7.488074429199319626e-09
-7.709826921309828889e-09
-1.275416099971927603e-08
-1.190898391039339780e-08
-9.825817927569816950e-09
-6.472760396316778159e-09
-6.917700069520572226e-09
-1.217454348823882004e-08
-8.251957216472047526e-09
-9.597866277151936128e-09
-8.591939020378317862e-09
-4.311302763823382732e-09
-4.855791515867914364e-09
-8.725926997386760826e-09
-9.293476414513807535e-09
-1.149598847547797810e-08
-9.083407867856784121e-09
-7.457981459545170828e-09
-6.466054521000395845e-09
-6.665795393592945241e-09
-7.743507366331550289e-09
-1.059272887979255061e-08
-9.800117905044386863e-09
-1.041447361026964772e-08
-8.912398056938123957e-09
-6.543944962263748714e-09
-5.966358232445721439e-09
-1.189913109285345562e-08
7.203463726450620238e-09
-7.501260551882601837e-09
-8.701554943896287541e-09
-5.620992567770228900e-09
-9.301748948440944597e-09
-5.667710715781945460e-09
-9.833167351404497108e-09
-1.429579318859361579e-08
-8.072989146111233268e-09
-7.874924173481688089e-09
-8.662222456013802250e-09
-7.643517218670583559e-09
-7.476341206767857585e-09
-5.455454335065925666e-09
-7.480580646380458263e-09
-6.476334150813497586e-09
-5.207637383088990122e-09
-7.223144428687364068e-09
-1.154189971299444942e-08
-5.649957768675501437e-09
-5.505889062648828207e-09
-5.220640392002598221e-09
-9.252641295209001336e-09
-7.341834425469268902e-09
-1.041032057637203731e-08
-8.354686040417679436e-09
-5.682393495614685995e-09
-8.645269333174487561e-09
-4.907372711334613791e-09
-6.582038642390317765e-09
-8.281118754849204535e-09
-6.239097639319767532e-09
-9.954393652940620374e-09
-8.232321627255968923e-09
-1.068386152282452577e-08
-7.357756098226930532e-09
8.248058105315199124e-10
-6.367073816681080144e-09
-6.183530467423688775e-09
-5.576871089537921702e-09
-1.748996811534685267e-09
-3.946468852657754434e-09
2.697383655587718745e-10
-1.056356187670513290e-10
-3.978039475465219492e-09
-2.527325708211391824e-09
-6.140070693925696873e-09
-2.301351036767261327e-09
-1.048482915066141508e-09
-2.775841349863384316e-09
-3.950252271982750752e-09
1.989378512285397349e-10
9.152424524444523418e-11
-6.120043744230961424e-09
-2.604634293351880819e-09
-6.216911552894858624e-09
-4.710094461344807732e-09
-4.628939648799627998e-09
-4.372432805555939767e-09
-1.238646757305825367e-08
-7.205436361349760862e-09
9.624607534278774916e-11
-3.940658106591995584e-09
-3.560841350771794559e-09
-7.545964148729724733e-09
-7.993505349764432820e-09
-1.893129461411683029e-08
-3.482584002113866565e-08
-1.333949553651349295e-08
-9.790451861319210234e-09
-7.195897416806754881e-09
-5.535208965147304114e-09
-8.911657011677578875e-09
-1.152748714219529138e-08
-1.577192010495456360e-08
-1.359005198197725610e-08
-1.016674848221150430e-08
-5.631394003016584553e-09
-1.719591518864912657e-08
-8.936550877882007671e-09
-7.800281323113905244e-09
-1.842124654207336806e-08
3.834649880842794134e-09
2.429757144443490351e-09
-1.743695016285788269e-09
-8.136004106186444605e-09
-4.737816085069335433e-09
-9.136013383997467287e-09
-9.992310392836537235e-09
-1.039937424828806571e-08
-9.206123523376787022e-09
-8.778342990900357545e-09
-1.049944587032577575e-08
-1.136813485379947259e-08
-1.130176616717215201e-08
-2.655697939980382756e-09
1.848268040728413618e-09
-2.610002498120542513e-09
3.923341060147196775e-09
-2.074796233707576398e-09
-5.460492966045818825e-09
-6.655552135940414127e-09
-4.841499208231038978e-09
-6.117316195273723404e-09
-1.276810414174048936e-09
-6.432480821240880142e-09
-4.314589633029178720e-09
-7.672193101386577538e-09
-6.025944140265706350e-09
-9.202748763205498321e-09
-7.154965325416087889e-09
-6.345625428035130731e-10
-3.906787708031213200e-09
-6.373304940157080758e-09
3.315135520706744035e-09
-2.831485308595761343e-09
-6.611825288892254422e-09
-3.808949053066203715e-09
-3.592235805354951702e-09
4.147342844370351801e-10
0.000000000000000000e+00
3.514543457029452818e-09
0.000000000000000000e+00
-4.306258520356444533e-09
-8.277560222775879015e-09
-1.123555171014410283e-08
-5.030294218344943310e-09
-1.092463957470751462e-08
-7.667691888208577389e-09
-6.758789474122232973e-09
-2.735965800321429481e-09
-7.105397480809875408e-09
-1.487509500466628104e-09
-4.707935611994372022e-09
-1.044672692140824470e-08
-1.501243007064990023e-08
-9.771182469900567309e-09
-7.129597334832920360e-09
-9.155365028458620047e-09
-1.042839563696325010e-08
-7.483457917350566930e-09
-8.370894166670021485e-09
-1.817611671063053736e-08
-1.624497565330089457e-08
-9.370387139076686959e-09
-1.582222815735172661e-08
-9.955882516678970974e-09
-1.538860936899871747e-08
-1.121461880372661153e-08
-1.276312611852257109e-08
-1.656433626763398927e-08
-1.063745927965746191e-08
-7.706333948363738541e-09
-1.202127138507126870e-08
-1.258621469453876826e-08
-1.096410551273983245e-08
-1.087254679818883869e-08
-1.185588309468276346e-08
-7.622438365942176141e-09
-1.969273949663851771e-08
-1.129941798872656722e-09
-8.234337803294685757e-11
1.887629434677111848e-11
0.000000000000000000e+00
0.000000000000000000e+00
4.416638610677817926e-10
2.439617576875392157e-11
0.000000000000000000e+00
9.286352590095478821e-10
0.000000000000000000e+00
0.000000000000000000e+00
0.000000000000000000e+00
1.491164678034587856e-09
9.085044481832640352e-10
-5.766661908380363039e-09
1.672378563551448638e-10
7.656057855627140358e-11
7.587823389394508206e-11
-2.980232297231758644e-11
2.407051064318541898e-10
0.000000000000000000e+00
-9.603523356799433502e-09
-1.497701793747092751e-08
8.952617076183795488e-10
3.054003838213505093e-09
-7.965260751156658321e-09
0.000000000000000000e+00
3.578259320515302996e-10
-3.239619915567786864e-09
-9.298823197770153648e-09
-1.210948421396912502e-08
1.356557795702385856e-09
-7.316891750033208499e-09
-7.283556946596118157e-09
1.745229928712643591e-09
-6.097017211709098541e-09
-2.616674044727456509e-08
-2.111305905537555066e-08
-1.667323853850778015e-08
-1.000108949264706921e-08
-1.023003682944689173e-08
6.206041231475081102e-10
4.310007353975875783e-08
1.779621749698543044e-08
-2.367443858075976071e-08
-7.487626239096707111e-09
5.067099394368592670e-09
-6.987506657343861021e-09
-7.630981819508197585e-09
3.445647699924044056e-08
-7.287793321469634859e-09
-2.498571328906769892e-08
-1.959392187396780544e-08
-8.898194646327845504e-09
-1.321046412774506997e-08
-1.314826932917208552e-08
-3.635864267770746772e-08
-1.379929519266910916e-09
-2.210720819531560097e-09
-6.453240488394304965e-09
-1.307176385287007171e-10
-2.640686726036101390e-08
7.986350199052718030e-09
2.636308303639966517e-08
-1.166737580032800213e-08
-5.213152547773281987e-08
-6.055492758506490698e-09
-4.429182926171542833e-09
-1.463209798686759100e-08
-2.256037520726381244e-08
-3.541278754676020003e-08
3.394501435051369669e-08
5.835131411427169789e-08
5.693686525316096463e-08
4.117963924956284213e-08
-3.215844966277932279e-08
-2.411822511661917215e-08
-2.971775770970057436e-08
-2.003110984725951617e-08
-9.481691963702976794e-09
-4.500417142348017903e-08
-4.439024993453428867e-08
-4.266217947281333053e-08
-5.085405578889035512e-09
1.926314429384404232e-08
-5.016586104307290192e-08
-2.066945499332355142e-08
-1.029279928458051343e-08
-3.243732714312640252e-08
-2.638558034439268480e-08
-2.123289153968976933e-08
-1.967274282677234997e-08
-9.967544531500542244e-09
-1.303267946482390329e-08
-1.510647280645576243e-08
1.178817830971902478e-08
8.403360452628818824e-09
-3.360252069580306849e-08
-1.336268240565661832e-08
-1.999120798607239303e-08
-3.521851354224854891e-08
-3.355224459609542560e-09
-9.570774036913829080e-09
-2.427432993355859879e-08
-2.500465394218085947e-08
