-4.336702058947193676e-09
-7.492785949856775418e-10
-2.694543473003018450e-09
1.518717417158647322e-08
3.043867376938432983e-09
-5.188977525161592257e-09
-4.078709788952321125e-09
9.125318725743453480e-09
7.751723784205868142e-09
-3.184081190078638569e-09
3.977482310342592931e-09
1.261706839906962072e-07
9.172855363222958412e-09
-5.741477252304576328e-09
1.847832396526274123e-08
-6.387707756469151738e-12
-7.702875454374235072e-10
-2.322591611475398917e-09
-8.001145924591038562e-10
-5.978189739222448664e-09
-3.422015977185815769e-09
-7.439243401885558718e-10
1.290700526288980723e-09
-2.884300037003563284e-09
-4.362050614946064305e-09
-1.538634576757514888e-09
-4.505578579585636558e-08
-1.099201349530285366e-07
-3.025142491704975462e-09
-2.389621607749016355e-10
-1.786879886205368355e-09
-4.225027637287455125e-10
2.443916274389717751e-09
-6.849164069287271910e-09
-2.573026256004862856e-09
-8.791141217556519180e-09
-1.100027204083113959e-09
-5.104900624103410883e-09
-1.959892735093556841e-09
-2.657454076162118674e-09
-2.974771887948430779e-09
-1.209030152798272352e-09
-8.250874838916005985e-09
-2.435394730600862324e-09
2.075547565969852045e-09
-4.503606439893893184e-09
-3.908536126588378924e-09
-4.788271583272701688e-09
1.382129764174798986e-09
-1.148861243137850100e-07
3.913346574276529224e-08
1.238336152817314982e-08
-1.151676025682794616e-08
-2.047348426545362355e-08
-4.155886830819670588e-09
-3.054380097614992605e-09
-3.614213445841120689e-09
-4.193234023365417124e-09
-1.236349834815553163e-08
-4.284254475165144279e-09
-2.726977477273320261e-09
-8.120513418862172170e-09
-5.832445727081300508e-09
-6.218733740422604924e-10
-3.209191507008592785e-09
-7.750537664467832357e-09
-8.972862236599991987e-10
-7.354626427090511191e-09
-4.450130797470039624e-09
-4.687798548494167157e-09
-4.781002076797982291e-09
-6.840016136098342381e-10
-2.381559950100691640e-09
-2.085257972243370222e-09
-6.199432289902138361e-09
-3.348225062254393537e-09
-8.034405128658943967e-09
-3.332872964181356475e-09
-2.652163787947157955e-09
-5.037788281890907606e-09
-3.222944149560045088e-09
4.332745653905505462e-10
-2.535187689131937700e-09
-4.310559768891157421e-09
-3.176302432071764577e-09
-7.957826204924649597e-09
4.426797033722597162e-09
1.545577935722095542e-09
-3.424700691894334949e-09
-3.589253195372974966e-09
-3.886818549213188674e-09
-6.092668062265130146e-09
-1.304059753909063489e-08
-3.322186893677954455e-09
-5.578760181000622863e-09
-4.898253839809480721e-09
-7.498727496567116752e-09
-1.751098742801721918e-08
-8.502326153922023476e-09
-1.916846336896264698e-08
1.172277670514921927e-08
-1.749675430064969879e-09
-3.066334372327514527e-09
-6.492054078471951437e-09
-2.019936435729024773e-08
-5.264844212142908288e-09
-4.752839106082459657e-09
-5.584929731482742738e-08
-6.766451530574821382e-09
-9.529173471734614325e-09
-7.784203717996557482e-09
-5.042913226588259677e-09
-4.158734272242208259e-09
2.043738782627181626e-09
-7.305120532823192848e-09
-2.777142493620902641e-08
-4.642218388582828458e-09
-1.187714187337247704e-08
-1.803533198198764484e-08
-1.325997283289039411e-08
-3.705269294850726810e-09
-1.358979144848209888e-10
-1.331471714837244980e-08
-6.825890046006468685e-09
-1.751123873985772967e-08
-1.242289194151461512e-08
-5.769697475456363466e-09
-3.895421067661830262e-09
-4.057337355073706214e-09
2.296445536467696183e-08
-8.208252353244389291e-09
-8.679233384028412374e-09
-9.260339285285741182e-09
-5.717552327917012195e-09
-1.014165580208641277e-08
-3.972463355036326779e-09
3.310398338151841061e-08
-2.882348716384942546e-09
-1.264390698351718294e-08
-4.738977336669330635e-09
4.082936563064616680e-08
-5.874326570413308799e-09
-1.736618030308058458e-09
-4.026264750751395127e-09
-2.190090642644234895e-08
-1.099906603949683956e-08
-2.041467130467841834e-08
-7.086203007533619309e-09
-6.473451426347918782e-09
-1.456761308664101746e-08
-9.766144930644812708e-09
-2.288769245688270926e-09
-3.430117887540133448e-10
-2.753816118448300815e-08
-3.478168078335654625e-09
-9.781489690600837076e-10
-2.172099740803967087e-09
-2.522831262896392655e-09
-1.789871892444371325e-09
-1.154034199485390884e-07
-1.264896878499391595e-08
5.853715707151829095e-08
-4.061147392881257613e-08
-2.733710108693405292e-09
-2.894603163504746395e-09
-2.384265441282894711e-09
-3.227342239227393739e-08
-2.368658187489932245e-07
-4.673722403143000337e-09
-1.662469218821306906e-09
1.711604608494794148e-09
8.110676413738654216e-10
-1.967774213165382449e-09
-4.014881123329082385e-09
-9.434880118338155386e-09
-5.684172610677854734e-09
-3.865381967339701156e-09
-2.013296631645941092e-09
-8.856152079339654302e-09
-3.268817059173076664e-09
-3.220572982773917732e-09
-3.803297168172906232e-08
1.748173401266379004e-09
9.628257835145640010e-09
3.736328092971102409e-10
-1.646768568104001089e-08
1.958802885144059943e-09
-3.941621931249224288e-09
-7.862642348158722403e-09
-1.346681118348280636e-08
-6.371025025191554906e-09
-4.166923332747538376e-09
-1.357758667707669755e-08
-8.655149080117855324e-09
-1.289746624446788076e-08
1.805931762805512462e-07
7.121123948076001398e-08
-2.011854313342170057e-07
1.387958803499907116e-09
-3.443587851675389225e-09
-1.884136541825463248e-08
-1.571907757093282853e-08
-3.695303659543338913e-08
-1.282280074552199680e-08
8.132680184207029075e-08
-6.965317547359513896e-09
-4.612161445205827155e-08
-7.936636659533998058e-08
-2.768428129641584984e-09
-2.362334998430464979e-08
-9.426110225659707621e-08
9.667633753903287133e-08
-4.308327587099013038e-09
-3.366191504685914309e-08
2.806272982024985632e-07
-2.273253483203448141e-08
-3.691433936878120436e-02
-1.485533769828660434e-08
-7.069722572399446992e-09
4.262154441173665208e-09
2.057310436241165108e-02
-8.893844190871207436e-03
-2.207641310921995656e-07
-3.664135276675278253e-08
-2.508678697149999807e-08
-2.680154977381435906e-07
-1.668459081130654239e-09
-3.330567518063935514e-09
-2.200683325590713208e-08
-1.343996931797012166e-08
1.859734106614186987e-07
-7.141442264746187570e-08
-2.697731528652870551e-09
-4.731209163129248062e-09
-2.075394639390521533e-08
-1.546574686043432213e-07
-9.440474495621926122e-10
-9.862116290766665811e-09
-1.513356103153499104e-08
-1.225195147621169895e-08
-3.146426546762455446e-08
-6.058048355444349840e-09
-2.298890430373653747e-07
-1.395236912197212630e-07
-1.382650000133663099e-08
-8.372903660718498670e-08
-2.507613692590672568e-08
-2.364709980188289002e-08
-1.117656637206695826e-08
-7.196610609577123409e-08
-9.182361615293739258e-09
-8.403506569334311564e-08
-4.907759446041947642e-09
-2.438250001448330730e-08
-1.115171473185715755e-07
-1.324235441324786582e-08
-2.279228178899653928e-02
-4.833366736814738334e-07
-2.893939919352020337e-07
-3.830582073754006112e-02
1.153707068654761386e-02
2.195789312836940108e-02
4.660881965060214432e-02
3.163281514406123592e-03
-2.404934800241167667e-02
-5.433071406336991566e-02
7.133428135906057233e-02
7.064832282827310239e-02
4.415167757804010912e-02
2.402614045684788036e-02
3.284792150423319623e-01
-2.136437379574690140e-02
2.314694219470990744e-01
-1.105501988803569563e-01
-2.262623669606000920e-02
-1.614786561742902471e-01
2.954362976875626878e-02
2.168984109082981449e-01
-1.211309434461327328e-02
2.180152448573908497e-01
6.801760731765270351e-02
1.134877517577666806e-01
-1.897790255885702382e-01
1.242567236327231234e-01
3.876239914514253426e-01
-2.350875874296795565e-01
1.156050764984601492e-01
1.933356978207439181e-01
2.924133184140691212e-09
-1.581298296318452146e-02
3.175702051775058932e-02
1.129071330897949282e-01
2.034759518545739207e-02
9.860755437884230479e-02
2.054690364177564899e-01
2.054601093147196411e-01
-5.420011322424381911e-02
-5.020752495136022314e-03
-3.083918599161360879e-02
4.473592588412301230e-01
2.014242128086211614e-01
1.251176048351265169e-01
4.330224083513834477e-01
3.054885720713652608e-01
1.309370265715840195e-03
1.354731468656732440e-01
3.916708398202104480e-01
5.463032870086816095e-02
1.621971692552412192e-01
4.937684914419691595e-01
2.799360298262780766e-01
5.648262147223304108e-02
1.128668182343939980e-01
1.521578039263819515e-01
1.184964601223734287e-01
1.086035270621186904e-01
7.661798763797117613e-03
1.450996105538319980e-01
1.926044699259411852e-01
2.347115709359584024e-01
1.634211739682469855e-01
-8.848979996623920416e-03
1.110649252432234849e-02
3.577417316037678763e-01
1.350666350291102602e-01
-1.937051654649470378e-01
1.350660985229859834e-01
1.113344496381810517e-01
1.591861696823962113e-01
4.275121624538438803e-02
1.356352765470542621e-01
5.826718856236929867e-01
4.932784539728395923e-01
6.105457726401619656e-01
2.407766729333082334e-01
5.120855615306781072e-02
-1.511216172626158975e-02
9.159667025928494577e-02
1.284991294953547192e-01
2.932107767071465143e-01
1.617034634950944433e-02
8.525234579454844808e-02
-7.938774569048133445e-02
9.652082446883798739e-02
3.262856290647995761e-01
8.375937794555285421e-02
6.005804682966331409e-02
1.547017584057359119e-01
-2.025556980635738469e-02
-4.490124290686096226e-02
9.785573418549067815e-02
2.397735748196046929e-02
2.140749356700970621e-02
1.716343986856692094e-01
1.465524423967152212e-01
4.019906864118603651e-01
4.589571726961252929e-01
-3.722838773855024347e-02
1.283854555704617706e-01
3.338602243096340516e-02
5.730240239519485829e-02
1.211030144324514585e-01
7.213492994279491199e-02
1.057840056023231882e-02
6.684425157317709643e-02
