5.012397592751320907e-01
9.730137874088912175e-01
2.426886744663862006e-01
5.019735221556617111e-01
1.694046371703853193e+00
4.343045479378956908e-01
1.332172149374110217e-07
9.719343149889637656e-01
1.016909329899105874e+00
3.758545177046795360e-01
1.150789596092664180e+00
9.569053548098694906e-01
8.058559172713084529e-01
-2.198713246199519578e-01
2.638500011239447440e-01
3.171179280989637195e-01
7.871372180529656593e-01
-7.236741118406826712e-02
3.657966400893151171e-01
2.877391696914958774e-01
3.104035269543633513e-01
5.211785017347022597e-01
3.204875350669711409e-01
2.362479264455372430e-01
3.053733099851841382e-01
3.549835250097286843e-01
1.412517437469043569e-01
3.934333080913939296e-01
4.491169334782301181e-01
3.049527389881744321e-01
3.896052358947651451e-01
4.110240425835290923e-01
2.735398733959364947e-01
2.616590076783567587e-01
2.415387384247033309e-01
3.908967079929845934e-01
4.095888123204849962e-01
2.912990734352241540e-01
1.246012032227168248e-01
1.458541370685426386e-01
3.518401078244494662e-01
2.075852371760433246e-01
1.113071739055585097e+00
1.296569836052647418e+00
7.698246822838015202e-01
2.539853592961224260e-01
8.006382742768090033e-01
7.204254957835428685e-01
5.581671746687613123e-01
6.248280970167739978e-01
2.324530192908358661e-01
2.132152954684796153e-01
6.271730953410097065e-02
4.939284055930644457e-01
4.362025290804296129e-01
2.294760747889921682e+00
4.260779478554171384e-01
6.305387721038908655e-01
2.719848788547086227e-01
2.456598259191980771e-01
2.117831498156831638e-01
4.290969545394436868e-01
5.018598259489051028e-01
3.642472395975768773e-01
3.373204688682303609e-01
3.377380955010714225e-01
7.965500002707048832e-01
3.719863940567051941e-01
3.801539878370139292e-01
2.829968880709219925e-01
2.707915595934165531e-01
3.616802615855433389e-01
9.571880370199108423e-01
1.086705255725897157e+00
2.900736196382251442e-01
8.710177156264231613e-01
5.315607814427979472e-01
8.425732776417085290e-01
1.158288446747764766e+00
5.795573208666716658e-01
6.255565920493703080e-01
4.731046933358800111e-01
2.388084046127910143e-01
2.498488494713716479e-01
8.874821712943752328e-01
1.227028770722729201e+00
5.731449045272050125e-01
5.609670097391296073e-01
5.894060638042616374e-01
6.606186767931087056e-01
7.616638586401035527e-01
4.633687516662574168e+00
1.598199805747298585e+00
1.562492752375471694e+00
1.137251451436494865e+00
7.995072186300048456e-01
6.207523186536049176e-01
8.430693250299599040e-01
6.873535960388229560e-01
6.777646783109161355e-01
8.538097018308888897e-01
1.054033185114169546e+00
4.917435475210076290e-01
3.632279918721559309e-01
7.708212403510377175e-01
3.821674987859463024e-01
5.557396399535701192e-01
1.134130710937276465e+00
4.354079685322193027e-01
3.951490420745010779e-01
5.559179857444436212e-01
3.656435070117260433e-01
1.083832809904727856e+00
6.700514747065278165e-01
9.570256280893518763e-01
8.645901778187261577e-01
8.443764702014456835e-01
9.993095157144467056e-01
7.002951905954931666e-01
7.873750746450813853e-01
3.373325090509275426e-01
3.720238021140269136e-01
1.008710811217426562e+00
7.640140371545414144e-01
5.798748063428107447e-01
6.873954536771419432e-01
5.500467460626340399e-01
1.032128748132202567e+00
1.106834613611611173e+00
1.194705556420402548e+00
2.858689190106760147e+00
1.199849605502215644e+00
3.635563242992468358e-01
7.958364688051873248e-01
6.128893095555874027e-01
1.132250441812680419e+00
9.512601165819934979e-01
5.153449294419655269e-01
1.489348337119437815e+00
1.007584427755195522e+00
8.296621195661901815e-01
1.422281524915658180e+00
5.901071332016174509e-01
8.376731579713764253e-01
2.728843940901005682e-01
2.137026213980988576e+00
6.861361539325413483e-01
4.833493795485487299e-01
9.368605642859966220e-01
1.304632071298549301e+00
1.299325500093592434e-01
6.730357151011582273e-01
7.196925172993737796e-01
4.782120909205221648e-02
5.673199686346345194e-01
1.258655466747060192e+00
5.383454254794930449e-01
4.464986647489282423e-01
3.260209702271757992e-01
6.024798566414318879e-01
1.577895102848205222e-01
2.419288661568690102e-01
1.361621291779262777e-01
1.056406587026343047e+00
3.450587176337404638e-01
8.078588997239446456e-01
1.618464152578951432e-01
1.076979026860878930e-01
1.672773670920528755e-01
3.279797038794040054e-01
4.660541303488937581e-01
2.315292384063410425e-01
1.635130158592588701e-01
2.454584820106317092e-09
6.063414681966110553e-01
9.485607887028263407e-01
2.690432760161053372e-01
1.484066545027848683e-01
2.910611618487886632e-01
