4.523932220626071810e-01
5.273905452589330300e-01
2.469683311234503187e-01
-2.616312157629884500e-09
1.690434165118907206e+00
1.066939855602305270e-08
-5.701832946654316903e-10
9.666977985167729548e-01
9.992297606305200475e-01
3.803201681819876057e-01
1.179925135384232160e+00
5.462631370645775197e-01
1.269722936060104106e-09
0.000000000000000000e+00
-2.381415939848180036e-09
-4.462322335096223556e-08
5.831375167045226293e-01
2.312717445262289784e-01
6.034346272996139460e-01
2.697157186964966313e-01
-2.942261968828405636e-08
4.564547425937618974e-01
5.275627727754960139e-01
5.385864997372845631e-01
3.158641317069197929e-01
2.757422134968551264e-01
3.568458325160814848e-01
-7.955070090922999664e-09
0.000000000000000000e+00
8.247938603973038463e-01
5.361346161561543615e-08
-1.943857944968859330e-09
7.758802747625173080e-01
-4.812646911319629778e-09
2.943167160174841035e-01
3.756423084215623639e-09
3.045458932568428922e-01
3.454304227068363939e-08
-1.592287934321372694e-10
1.218627741695500755e-01
1.362003689818430674e-01
3.782535317824428645e-01
7.218507206526575404e-02
3.810069515998820711e-01
8.760028200672392851e-02
3.242410857489309847e-09
2.407085941432542953e-01
-6.987977045433512463e-12
7.791888391885747334e-01
1.261232357256431846e-01
3.418901567780970874e-01
9.997368589941482142e-01
5.628650450665784167e-10
7.078188978586064106e-02
-6.584730996355502787e-09
1.711483322078663771e-01
5.033869371215332622e-01
1.245549442973887672e-01
1.157584852518860896e-01
3.576057424937840895e-06
1.926915841897232640e-01
1.095294705039516481e-01
1.462959541118039053e-01
2.863353380175220342e-01
4.005935383913841741e-01
4.590014426389297242e-01
2.960443613670426521e-01
1.317648657457824446e-01
8.996660688054193555e-02
3.518399398756552054e-01
1.167471890676347583e-09
5.734778592611778913e-01
1.273252460693712118e+00
4.805824104003603714e-01
4.413744336213783898e-02
5.598947635047745175e-01
3.912029233399824668e-01
1.706884507378185201e-01
1.162118727644830263e-01
5.214696533709234361e-02
6.470501817113162302e-01
6.632977159296684633e-01
7.351922567410361653e-01
4.823270124605015252e-01
4.387542595570710913e-01
9.449694956078743726e-10
4.535649740630556259e-01
2.248214747890913690e-01
7.795140700030054326e-01
4.804917434433422230e-01
3.211037001600730787e-08
5.533860039434415068e-01
5.029749400652413494e-01
2.639154792381599446e-01
2.896382342324144710e-01
2.197713244920927710e-08
2.065979769633598806e-01
5.282200487430766895e-08
4.939278959196043983e-01
4.362016323671471518e-01
1.399862953944561950e+00
2.144646198903646661e-01
6.082590934652996051e-01
2.146784325732397747e-08
8.207373336568835054e-02
5.043312886451380844e-02
6.257258554547213969e-02
6.370807515783554288e-07
8.493273344664409308e-01
1.523582239761014367e-01
1.158126158904276615e+00
9.726659409022645475e-01
9.827190120962290276e-01
2.032982542037822249e-01
3.527536994065600395e-01
2.472729604292665528e-01
2.593038495548881661e-01
1.525638306148492463e-08
2.432984268130324312e-01
1.128385750415034527e+00
5.486571433806464171e-01
1.829306229599659828e-01
3.481534091228348227e-01
3.496037408886771281e-01
1.561714260478133109e-01
3.377378537951511994e-01
8.875889999031042477e-01
1.739805978779788709e-01
3.048362399838864811e-01
2.490579488400470887e-01
1.382205130685245364e-01
8.782992343186674769e-08
9.571879297987077040e-01
1.086705800060617788e+00
1.010177756354903450e-01
4.706100420719789845e-01
9.611727928844354674e-01
6.066861948490425149e-01
1.687351648997295878e-08
7.488277952647049984e-01
1.099547773891061730e+00
5.138685469105140902e-01
5.141391709607885385e-01
5.477898152737066262e-01
8.135120873294094945e-01
9.690909825398578148e-01
1.036955422943866001e+00
1.901388862434331140e+00
1.736290703948189185e+00
3.892083004661379131e-01
9.783555354503792323e-01
4.860573415269994063e-02
4.531768185953869432e-01
8.512401151511186370e-01
1.163969111166077042e+00
4.747562180825888878e-01
2.493826353638006477e-01
2.743983929144598322e-01
2.276348142570263355e-01
1.865775011454912646e-01
8.953097210890755830e-01
1.227029040913060864e+00
4.281401985814137778e-01
4.380619657693997082e-01
4.413055437590183705e-01
4.948472363175324684e-01
3.810834395843764599e-01
7.732168855407255403e-01
8.305339710221775196e-01
5.808675491762171905e-01
3.409737267318029841e-01
4.862687429882740497e-01
5.061713032108407229e-02
2.258053549715650921e-01
1.203597249685255388e+00
1.333250558215144155e+00
4.318337209128991216e-01
4.136937398563572121e-01
3.467869113466500175e-01
2.730078479386454093e-01
2.556296624721545938e-02
7.544101907607709823e-01
4.665387876102278675e+00
1.156320057619175223e+00
1.487726346235625607e+00
1.155246831787801298e+00
6.733629324276931838e-01
6.207520184592212331e-01
8.843356596040997664e-01
6.638167404564456753e-01
7.041453755822202343e-01
8.483999805610040745e-01
1.037336869540028461e+00
4.917436127351706987e-01
3.647794915799605908e-01
7.708217958820915428e-01
1.514994143922089309e+00
1.076460337368792430e+00
5.964778934478406347e-01
3.609953540059138155e-01
4.244874625165875326e-01
5.616006100823810188e-02
7.052951762680897962e-01
9.112198955609731588e-01
2.207772815846638370e-01
8.719965387292032133e-02
2.192390901506478529e-01
2.421623973891051834e-07
2.395743633372532377e-01
5.407412419822003047e-01
1.218604395691382125e+00
1.691694570727894920e-01
1.344278302973583861e-01
1.498947179496253783e-07
6.322824547161045583e-01
2.589146259622470692e-01
3.859955826664621670e-01
4.769591575427095664e-01
2.785458388463050716e-01
9.924471145199889044e-01
9.171330385967865761e-02
9.570252246859076717e-01
8.645901759576832823e-01
7.904413857206827876e-01
9.993098981636893141e-01
6.320834149272643865e-01
7.873747929154708558e-01
2.793448508225083726e-01
2.016561877124829760e-01
3.557546019788056513e-01
9.690830468889765070e-01
9.958234922254119992e-01
6.157074463488395599e-01
6.395630683057811350e-01
1.272246000752656370e+00
8.349522288519555246e-01
3.851539906447730699e-01
4.821257429189314547e-01
1.528979869961840654e-01
5.095825880171228617e-01
4.209151692116014920e-01
3.275583514548894293e-01
2.602768391416722671e-01
2.349912464899081010e-01
3.720233845559274277e-01
9.722312172306493139e-01
6.284015708508722264e-01
5.013907125238630247e-01
5.637679636543765360e-01
4.510707093081074426e-01
8.437904219213232526e-01
1.048859978920674951e+00
1.107613379800976183e+00
2.728212897326347530e+00
1.168644472734696294e+00
2.755241507971504800e-01
6.400002600620021687e-01
4.666646210850550203e-01
7.768818882627954725e-01
1.000347704814597227e+00
2.326159561549039356e-01
9.675974321817525370e-01
1.281625459728311878e+00
1.235570638465462778e+00
3.036918502785827534e-01
3.852193481749795478e-01
1.042119594065241239e+00
2.382373873536111297e+00
1.308558692944295165e+00
3.951272485392988698e-01
7.998009521595113025e-01
2.453143576760860312e-01
9.205153090815560990e-01
1.067944220738360039e+00
9.473662428663559565e-01
4.032465503138137342e-01
9.499031080103490510e-01
9.094074072097197980e-01
3.923765286737258551e-01
9.051178995122837190e-01
4.951337098862397812e-01
8.762680802665034907e-01
1.138022500589756550e-09
1.063541491179415654e+00
6.523951768411263563e-01
2.073591144675906439e-01
9.066417416435520460e-01
1.092769905016102161e+00
7.507073987869496978e-01
3.513189842664348195e-01
1.507937931430662574e-07
1.071347473041284415e+00
5.436954074129052294e-01
4.435255558723912849e-08
8.602641958671556344e-01
5.076172064900555947e-01
3.050185665646882316e-01
3.493903216020751712e-01
3.396464298112922831e-01
1.080168278628613060e-01
6.748670430438538978e-09
4.133395706166299588e-01
1.334067582040931343e+00
6.922677834706355560e-01
6.027277532357686692e-09
6.742233495573765056e-01
4.704919078401570420e-01
1.903737647804009372e-11
4.977720614554235201e-01
1.258655366914428475e+00
4.600848664030698920e-01
3.616723483843505282e-01
3.395318405142017659e-01
6.024799518377752516e-01
6.250533950926455874e-08
2.066580844175376352e-01
1.266190063768763141e-01
1.054715898664552176e+00
3.268724928661687068e-01
4.963641295801741182e-01
2.483030614691826565e-01
3.294361034777300257e-08
8.779559979813070791e-01
5.648660392244693185e-01
2.196081424452593078e-01
2.075941230522364844e-01
4.528960018715832980e-01
7.962090164885828880e-01
3.422853936004142672e-01
6.532369775967259870e-08
2.486617121809787945e-01
8.437599489588304413e-01
1.091217770610737769e+00
1.064630842705350133e+00
8.705911065429393636e-01
1.419483615776523655e-01
5.035388429087334777e-02
1.708162874469113524e-01
3.572398832296022619e-01
5.174780072115835461e-01
2.269785715415506555e-01
1.350744064693329693e-01
3.081655822455710515e-09
6.127679906949248245e-01
9.521372144655032566e-01
2.699039367305728909e-01
1.484064016451793477e-01
2.931131919287308096e-01
1.366252000156364943e-01
-5.768773361456556518e-11
2.539915372300946550e-01
3.901119564865446199e-01
2.934063101924178629e-01
2.033876087313404857e-01
2.682857581667829061e-01
3.947790776296233317e-01
5.783412203098823312e-01
3.069227969073027099e-02
1.299080171373385162e-01
2.650889217286694736e-03
5.569440515407459574e-02
3.498405060078845774e-01
1.880318914332917146e-01
6.247319610167195725e-01
4.948546370191108292e-10
