8.333076585403491610e-01
1.218301634220243512e-01
1.212857796827422341e+00
5.090391624932373293e-01
3.474421397429012792e-01
1.151039249924749930e+00
1.044464858204217750e+00
1.183227945517270896e-01
1.405493391962272076e+00
7.411311597852768829e-01
5.852904014074806760e-01
6.244155029575546578e-01
2.702586504274610002e-01
1.053032661628329869e+00
2.341664452584701073e-01
-1.653199052646080192e-01
1.981005905168867098e+00
5.061065864425522420e-01
4.215827732257942384e-01
9.252308230190440241e-01
2.875850506845595844e-01
6.488779816540672929e-01
6.787264981749487058e-02
8.822380594623893124e-01
1.277177475396414463e+00
4.151273037705910940e-01
-1.983474703720862764e-01
1.254377707118662366e+00
4.503406383638110244e-02
1.327582413861893684e+00
1.091060522376987585e+00
2.398685330466074073e-01
2.172794849238678605e+00
2.385051055521135444e-01
3.321605061012253834e-01
6.505663199308976408e-01
5.541746930993592946e-01
1.573112568311394233e+00
3.936570842675407578e-01
9.552684862569819080e-01
1.485159359080708286e-01
5.339452287680416243e-01
3.348987056648115336e-03
7.936672757679033574e-02
1.332243295029344576e+00
8.552130096134028525e-01
5.154767030351594670e-01
1.133315693045350736e+00
7.660787125811485687e-01
8.807451149028783233e-01
-1.919742600379908126e-01
9.917667327761772178e-01
8.467395637649492990e-01
1.115615372824173335e+00
3.138602591272924847e-01
5.849241022311159055e-01
7.323549716246314789e-01
8.578617430684698508e-01
1.277948785767771600e+00
1.355540410428194065e+00
8.219474106842425964e-01
4.187837505835113605e-01
2.933293623115338367e-01
1.079580920747042483e-01
1.514225293342165435e-01
1.052524317942150844e+00
3.048851124188373785e+00
1.333784989102427376e+00
9.173165485826212384e-01
1.150166490595314617e+00
1.291696562218425326e+00
1.307725262212316775e+00
1.589567231407660763e+00
6.221562304924038722e-01
5.411223632755568502e-01
1.350256540801749949e+00
3.834566664196372709e-01
1.312617435227531049e+00
9.591703048104908147e-01
1.792753378988186874e+00
8.100197737869350156e-01
1.142740288972804885e+00
9.537525159646652595e-01
8.881285626269140865e-01
1.415247400244747933e+00
9.923010609292205464e-01
1.269366649819927417e+00
3.505157928663029110e-01
2.938467946339161641e-01
4.751493472517678285e-01
6.851318984051820715e-01
7.837089944382303885e-01
5.562627078761882560e-01
3.347159874698407700e-01
2.096562512695329339e+00
8.223871408398496508e-01
6.377742522064293318e-02
2.212950108304295949e+00
8.439534414550852182e-01
2.122170732608790633e+00
9.862457427405391108e-01
9.818808368313272084e-01
9.146156553423842039e-01
3.590641009529491057e-01
9.461720867334533214e-02
1.189425043031141493e+00
1.571976989387217305e+00
1.386231851037068141e+00
4.816603019981463563e-01
4.229109487038804627e-01
1.355550798080380204e-01
7.798878025121905866e-01
1.408871738314712019e+00
1.414908146529461730e+00
4.608785131114720435e-01
3.606751167181696527e-01
2.783272653629971227e-01
4.255819271755584277e-01
3.548394349503593559e-01
1.604383344417364965e-01
4.731344836162264533e-01
3.789136440403118034e-01
3.634292069795490021e-01
4.367338169415692084e-01
6.841477469382234444e-02
1.596872254827850501e-01
9.875036842214895971e-02
1.022912157472078531e+00
4.851024096233919614e-01
1.202027352747637279e+00
1.584092456297692353e+00
1.479897410895837595e+00
1.534639179603986436e+00
1.697994362217226660e+00
1.598116436335977886e+00
6.493277659913392341e-01
5.568609807636321074e-01
6.415671589925118212e-01
5.068334759103806375e-01
8.828896501026325949e-02
1.923570496123351514e+00
5.154358079817789040e-01
2.213989334287400634e-01
1.151299278821069860e+00
3.601220390068211596e-01
1.474787129287899345e+00
9.562840373290412144e-01
1.473986068222123968e+00
2.298136004797565468e-01
3.490292053472416334e-01
3.695411570438581483e-01
2.758714021260446625e-01
4.235822623054920077e-01
4.187129860491028976e-01
5.627592835017483086e-01
3.314958342951702108e-01
1.860339360078264948e+00
3.873185897766585617e-01
8.604040823903891244e-02
2.685770690165934643e-02
2.734379833575471541e-01
1.472050363397887640e+00
1.735008717977499559e+00
9.309926507385629657e-01
8.918864906274370785e-01
9.331303420760130862e-01
1.146156366210931310e+00
1.349592659537073969e+00
2.017331420032537626e+00
1.713345637112003716e+00
1.510549123992206866e+00
1.774788543763152981e+00
1.765445411824377198e+00
1.290248959839449316e+00
9.263513347181880908e-01
8.868150314338708595e-01
1.972894781028175393e+00
1.129779767285877368e+00
1.706605176229093690e+00
7.605215383293121301e-01
1.183032399472842222e+00
2.642724085774422749e-01
2.277048443967377267e+00
2.250732093809375556e+00
1.843672796122828750e+00
1.009710603926296413e+00
1.480849184800314911e+00
2.290618468495112248e-01
2.302130713468022449e+00
5.200505663961415559e-01
3.198602004442786750e+00
9.322405918855759532e-01
1.476566693445858114e+00
1.566877971823572802e+00
9.778401743100973986e-01
1.818117975388025220e+00
2.856835451604367027e+00
3.081074936030621991e+00
3.033927196896466505e+00
1.598340183283248672e+00
2.531353473904182305e+00
1.321048509770656798e+00
1.310890831116092281e+00
7.586284060280578112e-01
3.081709530360480009e+00
1.498195675001607219e+00
2.408673413606909897e+00
1.239288566678633297e+00
8.953065685421557340e-01
5.916338804470410162e-01
7.592523959437372794e-01
1.629575565988454322e+00
7.995710552466224197e-01
2.357420202447399582e+00
2.755779131022541240e+00
1.302112643629359301e+00
5.427127567338762004e-01
1.833542990833775921e+00
2.858342766967153281e+00
1.660804007021787987e+00
1.568909508900879102e+00
1.276587399728007721e+00
1.656114220618021715e+00
1.146214341896160338e+00
1.677761904767423262e+00
2.901442401458475207e+00
4.760806010823591672e-01
1.334642406022798600e+00
8.931443412762116729e-01
1.368269363396961702e-01
8.681152234093317266e-02
-3.665151995106221989e-03
4.133298766435302696e+00
1.516229841834906555e-01
1.144192356210189665e+00
1.208010820161691701e+00
1.332200270279856769e+00
4.454946184813252663e-01
4.066196077617290627e-01
5.390359471060454766e+00
2.476325689723835044e+00
1.139658674474830269e+00
1.381986922387450578e+00
1.136966741211686838e+00
2.788156385275190718e+00
3.420447911752034109e+00
3.605353871037746405e+00
4.511190887213400558e+00
3.798635770921393373e+00
1.482217215174002289e+00
5.753777449407349032e-01
2.174919593783743554e+00
3.158090785888712504e-01
1.033832391980896492e+00
1.379055633999217267e+00
1.753723461476001999e+00
1.387107917976715177e+00
1.648104402277071001e+00
2.205735640503157846e+00
8.362296026944999738e-01
1.446837124542596609e+00
3.961217280477785874e+00
2.044614105751979771e+00
2.287167530271782212e+00
2.190919279559965460e+00
9.666971111760206403e-01
2.173077592644450662e-01
1.055398937752281441e+00
3.110304845384399997e+00
2.144994688627029245e+00
2.475943836664293407e+00
2.286189378237435843e+00
1.439072775352579825e+00
8.433777912439022195e-01
1.986104639835214902e+00
3.891958508161556640e+00
3.329354301680723882e+00
1.936668880803467330e+00
3.568717840474065373e+00
1.947985173522950753e+00
1.592468405487252880e+00
1.034291414502761741e+00
1.906044988340171997e+00
2.164959700834647727e+00
2.544281036321659251e+00
7.326478278509419573e-01
8.620915350803904920e-01
2.391146432037007941e-01
1.209783889599424844e+00
1.331751903199896780e+00
1.094987321816285109e+00
7.233182332023769812e-01
8.280327875301115581e-01
5.513396680617776990e-01
1.079744439454234511e-01
1.350846953653997706e-01
7.769537440852424259e-01
1.098216040214437861e+00
4.080306315577810761e-01
5.311167881876832642e-01
2.203688155587375241e-01
2.355484867098765478e-01
2.332422479341827726e-01
2.318984726869687818e-01
4.464118254132106722e-01
1.032553777943516327e+00
5.882060029924227607e-01
1.078142999305826466e+00
-1.717659607556442924e-01
-2.923904260067777261e-01
1.331532678021011051e+00
3.923589817425479631e-01
8.350489463179338046e-01
5.684131379476875523e-01
1.014550744417414885e+00
5.776937353969743283e-01
-1.398036270427420735e-01
8.999732999331920835e-01
6.203777078570884562e-01
9.794798514895383112e-01
1.406707123602174647e+00
3.176694653564222648e-01
8.602538153734111681e-01
2.400165886534137982e-01
1.262901791176590516e+00
1.403062169172849760e+00
7.337693780328319315e-01
1.347895281532317968e+00
1.196416612475062369e+00
4.320180094057577969e-01
2.130036104395481578e-01
2.190074044217428462e+00
1.636054772793561485e+00
1.484581714320084789e+00
1.147073793098243755e+00
5.226479456138560797e-01
2.229941041595304430e-01
-9.008400171543697044e-02
1.880109842161808764e+00
1.028763410461359440e+00
1.157424878558383607e+00
1.210284293481959095e+00
9.564644574587801706e-01
7.146691063850558745e-01
3.483450082714116824e-01
2.053025034088045597e+00
2.090778032184728019e+00
1.962624424532185996e+00
1.397709236451036174e+00
1.558342973807941956e+00
-2.085788882225564356e-02
7.931151898834359892e-02
1.255257444970514280e+00
1.085684028490418118e+00
2.042757446564161250e-01
4.944981517603340704e-01
3.503854038803527193e-01
9.027239918314207134e-01
-1.110788043092136856e-01
2.221131292659543066e-01
1.352992738300230258e+00
5.997996442111257487e-01
3.714883783881871016e-01
2.205186335774297346e-01
2.222426806906057511e-02
